4 0.00097674375 0 0.00097674375 0.0585930234375 0.21386666718749997 0.1669930234375 0.2480465109375 0.1918953484375 0.2539069765625 0.35302790625 0.25195348906250004 0.8042 0.2558589140625 0.8042 0.295897675 0.7529302328125 0.34960930156250003 0.7514651156250001 0.34960930156250003 0.17431627968750002 0.287110078125 0.13037209375 0.28222635625 0 0.00097674375 0
4 0.1123054265625 0.17285116250000002 0.0966790703125 0.1845697671875 0.0898434109375 0.1772465109375 0.09277364375 0.164062790625 0.040038759374999996 0.14062558125 0.00097674375 0.108397675 0 0.2475581390625 0.0039069765625 0.2475581390625 0.1142573640625 0.21386744218749998 0.17675813906249999 0.2285162796875 0.1914062015625 0.212402325 0.1123054265625 0.17285116250000002
4 0.2187503875 0.22412092968750003 0.1904294578125 0.21679767499999997 0.18066356562500002 0.2314441859375 0.165038759375 0.2314441859375 0.1123054265625 0.21679767499999997 0.00097674375 0.24902325625000002 0 0.35302790625 0.04687441875 0.3647465109375 0.04492248125 0.46435581406250004 0.056640309374999996 0.49072325625 0.062500775 0.49072325625 0.0644527125 0.46728604687499997 0.054686821875 0.45556744218749995 0.0576170546875 0.413086046875 0.08398449687500001 0.4145511625 0.087889921875 0.4409186046875 0.08398449687500001 0.46435581406250004 0.0908201546875 0.48339767499999997 0.0937503875 0.42919999999999997 0.1064449609375 0.42773488437499996 0.10937519375 0.41748139531249995 0.1064449609375 0.4101558140625 0.084961240625 0.4101558140625 0.08398449687500001 0.3940418609375 0.1064449609375 0.3955069765625 0.10839845 0.40722558124999997 0.12402325624999999 0.404297675 0.125 0.43798837187500006 0.1445317828125 0.452637209375 0.1445317828125 0.4790046515625 0.1279302328125 0.49218837187500003 0.12402325624999999 0.48339767499999997 0.12109302343749999 0.5053720937499999 0.15234418593750002 0.5141604656250001 0.15234418593750002 0.5727534890625 0.1357426359375 0.5830069765625 0.10839845 0.5830069765625 0.10742170468750001 0.5170906984375 0.0937503875 0.5053720937499999 0.0908201546875 0.4892581390625 0.086914728125 0.506834884375 0.0751953484375 0.506834884375 0.0673829453125 0.5185558140625 0.00097674375 0.506834884375 0 0.5668953484375 0.079102325 0.5654302328125 0.09472713125 0.556639534375 0.0996093015625 0.5610348843749999 0.0976558140625 0.6372069765624999 0.1201178296875 0.63867209375 0.12402325624999999 0.6503906984375 0.1455085265625 0.6503906984375 0.14746046562499998 0.665039534375 0.1679689921875 0.6665046515624999 0.1679689921875 0.35888604687500003 0.1748046515625 0.34277441875000003 0.2207038765625 0.3002930234375 0.2187503875 0.22412092968750003
4 0.7607426359375 0.9404302328125 0.7519534890624999 0.9653325578124999 0.75097674375 0.9960930234375001 0.8535162796875 0.9975581390625001 0.8945317828125001 0.9917 0.8330077515625 0.9726558140625 0.788085271875 0.9375 0.7607426359375 0.9404302328125
4 0.6396480625 0.8525395343750001 0.616210853125 0.8642581390625 0.569336434375 0.8349604656249999 0.555663565625 0.8378906984375 0.4404294578125 0.960937209375 0.3955085265625 0.9257813953125 0.3808589140625 0.9331046515624999 0.39062480625 0.9506837203125 0.38183565937499997 0.9990232562499999 0.70507751875 0.9975581390625001 0.710937984375 0.9946279062500001 0.710937984375 0.8979488375000001 0.7060542640625 0.8876953484375001 0.6396480625 0.8525395343750001
4 0.2148434109375 0.9418953484375001 0.2167969 0.8950186046875 0.20507751875000002 0.812988371875 0.20312558125 0.7221674421875 0.17871162812500002 0.68847674375 0.1533209296875 0.6826162796874999 0.14160155000000002 0.7001953484375 0.1279302328125 0.679688371875 0 0.7104488375 0.00097674375 0.9990232562499999 0.3105472875 0.9975581390625001 0.3164062015625 0.9946279062500001 0.30371162812499997 0.9843744187500001 0.2373054265625 0.9726558140625 0.2148434109375 0.9418953484375001
4 0.32324186093749996 0.990234884375 0.367187596875 0.9946279062500001 0.3652341078125 0.95947209375 0.35839845000000004 0.9492186046875 0.312500775 0.9799813953125 0.32324186093749996 0.990234884375
4 0.4814449609375 0.5976558140625 0.46386666718749997 0.5976558140625 0.462889921875 0.5727534890625 0.46972713125 0.5654302328125 0.5263674421875 0.5654302328125 0.562500775 0.5551767437499999 0.5664062015625 0.24462790625 0.5664062015625 0.218262790625 0.5595705421875 0.2050790703125 0.4404294578125 0.0966790703125 0.428711628125 0.0996093015625 0.3603519375 0.164062790625 0.3535162796875 0.17431627968750002 0.351562790625 0.203613953125 0.351562790625 0.7602534890625 0.37304651093749996 0.8012697671875 0.3964837203125 0.912597675 0.413085271875 0.9375 0.437500775 0.9536139531250001 0.562500775 0.8247069765624999 0.5605472875 0.5815418609375 0.4892573640625 0.585937209375 0.4814449609375 0.5976558140625
4 0.562500775 0.8217767437499999 0.6123054265625 0.8554697671874999 0.6376945734375 0.8437511625 0.697265115625 0.874511628125 0.6992186046875 0.1479488375 0.6923829453125 0.1435558140625 0.568359690625 0.212402325 0.562500775 0.8217767437499999
4 0.914062015625 0.6459953484375001 0.9160155031249999 0.5991209296875 0.9433596906249999 0.41748139531249995 0.9531255812499999 0.2475581390625 0.9589844968750001 0.2065418609375 0.9687503875000001 0.186034884375 0.9726558140625 0.0102534890625 0.959961240625 0.005860465625 0.7539069765625 0.109862790625 0.7714837203125 0.171386046875 0.78027286875 0.1904302328125 0.7832030999999999 0.1831046515625 0.7832030999999999 0.2065418609375 0.7695317828125 0.19482325625000002 0.75097674375 0.134765115625 0.7480465109375001 0.5083 0.7695317828125 0.531737209375 0.7695317828125 0.578613953125 0.7666015500000001 0.591797675 0.7480465109375001 0.5991209296875 0.7480465109375001 0.83642558125 0.75 0.9008790703124999 0.758789146875 0.9111325578124999 0.78222635625 0.9169930234375 0.8212883718749999 0.9462883718749999 0.9228511625 0.9960930234375001 0.9707038765625 0.9946279062500001 0.9726558140625 0.7104488375 0.96777364375 0.697265115625 0.9326170546875 0.6914069765625 0.914062015625 0.6459953484375001
4 0.9257813953125 0.6167 0.9316403093750001 0.6665046515624999 0.9423829453125 0.679688371875 0.9570310078125001 0.6811534890625001 0.9726558140625 0.6665046515624999 0.9658201546875 0.30175813906250004 0.9492186046875 0.46728604687499997 0.9257813953125 0.6167
4 0.9726558140625 0.64892558125 0.9785162796875 0.654786046875 0.98437519375 0.6372069765624999 0.98437519375 0.5991209296875 0.9755860468750001 0.5361325578125 0.9726558140625 0.64892558125
4 0.9726558140625 0.49072325625 0.976562790625 0.49072325625 0.9804682171874999 0.23290930156249998 0.9736325578124999 0.22265581406249998 0.9707038765625 0.399902325 0.9726558140625 0.49072325625
4 1 0.49951162812499994 0.9990232562499999 0.17871162812500002 0.9902341078125 0.212402325 0.9902341078125 0.4790046515625 1 0.49951162812499994
4 0.9746093015625 0.0043953484375 0.9726558140625 0.1420906984375 0.9804682171874999 0.1420906984375 0.9892573640625001 0.12011627968750001 1 0.13037209375 0.9990232562499999 0 0.9746093015625 0.0043953484375
4 0.9726558140625 0.7045906984375 0.9726558140625 0.7983395343749999 0.976562790625 0.9946279062500001 1 0.9975581390625001 0.9970697671875 0.524413953125 0.9902341078125 0.537597675 0.9941410859375001 0.640137209375 0.9726558140625 0.7045906984375
4 0.70117209375 0.8686534890625 0.710937984375 0.8803720937499999 0.7148434109374999 0.1450186046875 0.7060542640625 0.134765115625 0.70117209375 0.1420906984375 0.70117209375 0.8686534890625
4 0.7480465109375001 0.1333 0.7460930234375 0.49365348906250006 0.7480465109375001 0.5112302328125 0.7636713171875 0.5200186046875 0.7695317828125 0.546386046875 0.76562480625 0.58447209375 0.7480465109375001 0.5991209296875 0.7480465109375001 0.9008790703124999 0.7607426359375 0.914062790625 0.7812496125 0.9184581390625001 0.7832030999999999 0.10400465156250001 0.774413953125 0.0966790703125 0.7529302328125 0.108397675 0.7480465109375001 0.1333
4 0.7363286828125 0.054200000000000005 0.7529302328125 0.0966790703125 0.7675782953125 0.095213953125 0.95117209375 0.001465115625 0.7451178296875 0 0.7324217046875 0.021972093749999998 0.7363286828125 0.054200000000000005
4 0.287110078125 0.001465115625 0.287110078125 0.12451162812500001 0.3076170546875 0.1435558140625 0.3408201546875 0.164062790625 0.35839845000000004 0.164062790625 0.4736325578125 0.052734884375 0.5019534890624999 0.08642558125000001 0.47460930156250003 0.1215813953125 0.5576170546875 0.2021488375 0.5742186046875 0.203613953125 0.7080077515625 0.1289069765625 0.712889921875 0.0131837203125 0.7207038765625 0.001465115625 0.287110078125 0.001465115625
