4 0.69092403125 0.0666441859375 0.7984496125 0.0012581390624999999 0.7984496125 0.00072558125 0.22900930156250002 0.00072558125 0.2573302328125 0.0344186046875 0.4311581390625 0.17797209375 0.44865116250000003 0.1813953484375 0.45561240312500006 0.1813953484375 0.69092403125 0.0666441859375
4 0.558139534375 0.1911813953125 0.54517364375 0.18562558125 0.5510325578125 0.176837209375 0.5461503875 0.14607441875 0.47974418593749996 0.1783 0.4406806203125 0.18709069843749998 0.4338449609375 0.1973441859375 0.4397038765625 0.3701953484375 0.40650077500000004 0.3760558140625 0.45931162812500004 0.3837209296875 0.47241395312499995 0.3837209296875 0.5510325578125 0.367265115625 0.54517364375 0.203202325 0.558139534375 0.192088371875 0.558139534375 0.1911813953125
4 1 0.2585209296875 0.9973503875 0.0001930234375 0.8996945734375 0.0001930234375 0.8957875968750001 0.0353488375 0.8225457359374999 0.069039534375 0.8293813953125 0.0792930234375 0.8557488375 0.07782790625 0.8557488375 0.31162790625 0.8705720937500001 0.31162790625 0.8899286828124999 0.3019488375 1 0.28587674375 1 0.2585209296875
4 0.001097675 0 0.00012248125 0.9930232562500001 0.026342635937499997 0.9930232562500001 0.0310077515625 0.9860255812500001 0.0310077515625 0.8034488375000001 0.0294186046875 0.006965115625 0.026632557812500002 0 0.001097675 0
4 0.0830682171875 0 0.10803720937500001 0.0259302328125 0.3394821703125 0.1826674421875 0.341435659375 0.8154813953125 0.3483472875 0.8232558140625 0.350262015625 0.8232558140625 0.3551069765625 0.8184093015625 0.3609674421875 0.3701674421875 0.45178759687500003 0.3862813953125 0.53967751875 0.37163255781250004 0.547286821875 0.36022092968749997 0.547286821875 0.35867674374999997 0.5103813953125 0.36577441875 0.5025689921875001 0.359913953125 0.4791317828125 0.37163255781250004 0.45178759687500003 0.36577441875 0.44299845 0.27348837187499997 0.44495193750000006 0.2002465109375 0.450810853125 0.194386046875 0.297489921875 0.0728046515625 0.22522480625000002 0.005423256249999999 0.09328527187499999 0 0.0830682171875 0
4 0.9984496125 0.30850232499999997 0.8552961234374999 0.33333488437500003 0.8572496125000001 0.4300162796875 0.8924062015625 0.4475930234375 0.8904527124999999 0.538413953125 0.894934884375 0.539534884375 0.9118186046875 0.539534884375 0.9334217046875001 0.5354837203125 0.9314682171875001 0.523765115625 0.9197488375 0.51497674375 0.9226790703125 0.47542558125 0.9773658921875 0.47249534843749996 0.98127286875 0.44320000000000004 0.9984496125 0.4418441859375 0.9984496125 0.30850232499999997
4 0.9984496125 0.54362325625 0.9984496125 0.525111628125 0.9823209296875 0.5143581390625 0.9774372093749999 0.44551162812499995 0.9481410859375 0.4484418609375 0.9442341078125001 0.4689488375 0.9344682171875001 0.460160465625 0.92372713125 0.470413953125 0.9325162796875001 0.477737209375 0.9559534890625001 0.4660186046875 0.9588837203124999 0.479202325 0.9559534890625001 0.5187534890625 0.9325162796875001 0.51582325625 0.9256806203125001 0.5231488375 0.9325162796875001 0.5421906984375 0.9984496125 0.54362325625
4 0.43089612343750006 0.47695116249999997 0.43870852656250003 0.45937441874999996 0.4777705421875 0.45937441874999996 0.4836294578125 0.4710930234375 0.497302325 0.4710930234375 0.5060914734375 0.48134651093749997 0.5090201546875 0.5560534890625 0.6320837203125 0.5627906984375 0.642888371875 0.5627906984375 0.6465116281250001 0.535613953125 0.6465116281250001 0.5327930234375 0.6418325578124999 0.5033186046875 0.5314821703125 0.49892558124999997 0.519762790625 0.46083953437499997 0.52757519375 0.4520488375 0.52757519375 0.4168930234375 0.5432 0.4168930234375 0.54417674375 0.3773418609375 0.43480155 0.38906046562499996 0.37425581406249997 0.3714837203125 0.363513178125 0.37587674375 0.36644186093750003 0.5589837203125 0.40257519375 0.5516581390625 0.40355193749999996 0.4798813953125 0.43089612343750006 0.47695116249999997
4 0.745736434375 0.5150488375 0.7455441859375 0.5014930234375 0.664489921875 0.505888371875 0.6654666671875 0.5659465109374999 0.695739534375 0.567411628125 0.6781612406249999 0.5263953484375 0.6849969 0.5161418609374999 0.6967162796874999 0.5366488375 0.7084341078125 0.5307906984375 0.7133178296875 0.538113953125 0.7142945734375 0.56887674375 0.7339038765625 0.5697674421875 0.745736434375 0.5697674421875 0.745736434375 0.5150488375
4 0.48335658906249995 0.9076697671874999 0.45015348906249997 0.9106 0.3603085265625 0.8520069765624999 0.28608992187500004 0.8988813953125 0.1640201546875 0.9940953484374999 0.36107907031250003 0.9953488374999999 0.6232558140625 0.9953488374999999 0.6232558140625 0.9948651156249999 0.612262015625 0.9809116281250001 0.518511628125 0.9252488375000001 0.48335658906249995 0.9076697671874999
