4 0 0.0228837203125 0.00087441875 0.20798139531249998 0.180562790625 0.24899534843749999 0.1844682171875 0.228488371875 0.22060154999999998 0.20651627968750003 0.21864806250000002 0.1596418609375 0.2313441859375 0.1552465109375 0.2323209296875 0.20944651093750002 0.25966356562500004 0.24167209375 0.25966356562500004 0.2533906984375 0.2518511625 0.2621790703125 0.2547813953125 0.26950465156250003 0.33780155 0.28837209375 0.357586046875 0.28837209375 0.9224806203125 0.0020697671875 0.9224806203125 0.001437209375 0 0.001437209375 0 0.0228837203125
4 0.7759550390625 0.49767441874999996 0.7874325578125 0.4967674421875 0.7932914734375001 0.47626046562499996 0.7874325578125 0.1539953484375 0.8079410859375 0.1466697671875 0.8098930234375 0.13788139531250002 0.8235658921875 0.140811628125 0.9984496125 0.0708581390625 0.9984496125 0.000186046875 0.9309875968749999 0.000186046875 0.9095023250000001 0.008974418750000001 0.6302062015625001 0.1496 0.6096976749999999 0.1686441859375 0.61262790625 0.21698372031250002 0.7063782953125 0.178897675 0.7542294578125001 0.1686441859375 0.760088371875 0.35614418593749997 0.7659488375 0.362002325 0.760088371875 0.4176674421875 0.7659488375 0.42938604687500004 0.7639953484374999 0.4909093015625 0.7685054265625 0.49767441874999996 0.7759550390625 0.49767441874999996
4 1 0.513186046875 0.9953472874999999 0.509 0.8683937984375 0.503139534375 0.8596046515625 0.510465115625 0.8615581390625 0.5544093015625 0.864488371875 0.5617325578125001 0.8703472874999999 0.5441558140625 0.8771829453125 0.5485488375 0.880113178125 0.593960465625 0.9944821703125 0.609302325 1 0.609302325 1 0.513186046875
4 0.6 0.4999581390625 0.602714728125 0.5556093015625 0.8394480625 0.5860465109375 0.841702325 0.5860465109375 0.8322062015625 0.5746534890625 0.8302542640624999 0.5424255812500001 0.8370899218750001 0.5380302328125001 0.8449612406250001 0.555086046875 0.8449612406250001 0.5061511624999999 0.844902325 0.50287441875 0.6 0.4955581390625 0.6 0.4999581390625
4 0.5401705421874999 0.553488371875 0.5434372093750001 0.553488371875 0.554939534375 0.4931093015625 0.5656806203125 0.47113488437499995 0.5891178296875 0.4682069765625 0.6008372093750001 0.49164418593750003 0.6108527125000001 0.4875465109375 0.6108527125000001 0.439502325 0.6066961234375 0.1664488375 0.44263410781249996 0.24554883749999998 0.3537674421875 0.29974883750000003 0.3566961234375 0.503362790625 0.3635333328125 0.4931093015625 0.3635333328125 0.3436953484375 0.4836496125 0.2982837203125 0.4885333328125 0.416937209375 0.5100170546875 0.4286558140625 0.5100170546875 0.449162790625 0.49146201562499997 0.447697675 0.4885333328125 0.4667418609375 0.5354077515625 0.551702325 0.5401705421874999 0.553488371875
4 0.5131782953124999 0.65992325625 0.5131782953124999 0.643765115625 0.5099674421875 0.5642860468750001 0.5131782953124999 0.54742790625 0.5131782953124999 0.5428186046875 0.48945891406250003 0.5100860468749999 0.48848217031249996 0.5642860468750001 0.506060465625 0.611160465625 0.49434263593749994 0.6316697671875 0.5131782953124999 0.65992325625
4 0.000215503125 0.21452558124999999 0.0011922484375000001 0.3009511625 0.0871286828125 0.309739534375 0.1095906984375 0.3199953484375 0.09982480625 0.3990953484375 0.0978713171875 0.69792325625 0.11032558125 0.7 0.11772713125 0.7 0.138886821875 0.692065115625 0.1369333328125 0.56022790625 0.1418170546875 0.54997441875 0.21212868281250002 0.5441162796875 0.217989146875 0.5060302328125 0.2297069765625 0.508960465625 0.24533178281249998 0.494311628125 0.262910078125 0.5031 0.27267596875 0.49723953437499996 0.278534884375 0.4445069765625 0.2853705421875 0.44889999999999997 0.2902542640625 0.4767325578125 0.311737984375 0.46794418593750003 0.3195503875 0.5031 0.355038759375 0.5074162796875 0.355038759375 0.48772790625000007 0.3488480625 0.2980209296875 0.25509767499999997 0.277513953125 0.248262015625 0.29948604687499997 0.263886821875 0.30827674374999997 0.2521674421875 0.317065115625 0.25802790625 0.3903069765625 0.2355658921875 0.4445069765625 0.21505891406250002 0.378588371875 0.2267782953125 0.33757209375 0.22091782968749998 0.317065115625 0.2267782953125 0.29948604687499997 0.22091782968749998 0.2789790703125 0.2062697671875 0.26286511562500003 0.000215503125 0.21452558124999999
4 0.297835659375 0.30752558125 0.313462015625 0.3045953484375 0.3162790703125 0.296988371875 0.3162790703125 0.29082325625 0.2411953484375 0.269439534375 0.219711628125 0.275297675 0.20994573593750002 0.2635790703125 0.1865085265625 0.2577209296875 0.1777193796875 0.276762790625 0.1855317828125 0.28262325625 0.1835782953125 0.30313023281249996 0.2158046515625 0.3368209296875 0.221787596875 0.35348837187500004 0.22372558125 0.35348837187500004 0.23533643437500001 0.32803255781249996 0.250961240625 0.345611628125 0.26072713125 0.34268139531249997 0.297835659375 0.30752558125
4 0.3547689921875 0.8321093015625 0.3459798453125 0.8247837203125 0.3459798453125 0.7749790703125 0.3391441859375 0.758865115625 0.33035503906249997 0.7603302328125 0.32547286875000003 0.788162790625 0.319612403125 0.7764441859375 0.3098480625 0.7910930234375 0.3000821703125 0.7735139531249999 0.29617519375 0.8614046515625 0.2854325578125 0.859939534375 0.2834806203125 0.795488371875 0.2746914734375 0.7823046515625001 0.2600434109375 0.780839534375 0.255159690625 0.8174604656250001 0.2473472875 0.8057418609375 0.24344186093750003 0.8174604656250001 0.2366046515625 0.813065115625 0.232699225 0.780839534375 0.22097984531249998 0.7779093015625 0.2200031 0.6973418609375 0.1965658921875 0.70027209375 0.193635659375 0.71052558125 0.193635659375 0.889237209375 0.18680000000000002 0.8965604656249999 0.17019845 0.8921674421875 0.1721519375 0.7515418609375 0.162386046875 0.7574023249999999 0.162386046875 0.8159953484375 0.1516449609375 0.8262488375 0.1418790703125 0.8233186046875 0.1428558140625 0.7515418609375 0.1360186046875 0.7207813953125 0.10281550312500001 0.7325 0.098910078125 0.76472558125 0.00027751874999999997 0.7984162796875001 0.0012542640625000001 0.9991 0.24441705468750002 0.9976348843749999 0.49734728749999996 0.835037209375 0.5209302328125001 0.8109837203125 0.5209302328125001 0.8096930234374999 0.49148837187499994 0.79402325625 0.4719565890625 0.8116 0.4553550390625 0.71052558125 0.41922170468750003 0.6885534890625 0.4084806203125 0.6900186046875 0.4084806203125 0.78962790625 0.39383100781249997 0.7969511625 0.38797209375 0.67097674375 0.380159690625 0.6885534890625 0.36844186093750003 0.6885534890625 0.36062790625 0.67097674375 0.357699225 0.6753697671875 0.3596527125 0.8247837203125 0.3547689921875 0.8321093015625
4 0.25426356562499997 0.9942627906249999 0.43153798437499996 0.9953488374999999 0.7307550390625 0.9953488374999999 0.7081488375 0.972288371875 0.684711628125 0.9840093015625 0.528460465625 0.8668209296875 0.52260155 0.8199465109374999 0.25426356562499997 0.9941209296875 0.25426356562499997 0.9942627906249999
