4 0.57812558125 0.423339534375 0.56152403125 0.41601627968750005 0.540038759375 0.41601627968750005 0.5351565890625001 0.423339534375 0.5283209296875 0.47167907031249995 0.46386666718749997 0.46289069843749997 0.462889921875 0.3002930234375 0.46777364375 0.2929697671875 0.53222635625 0.28710930156250003 0.537110078125 0.326660465625 0.5439457359375 0.336913953125 0.5673829453125 0.32812558125 0.579102325 0.351562790625 0.586914728125 0.2812511625 0.67382790625 0.27392558125 0.6914062015625 0.186034884375 0.6914062015625 0.156737209375 0.3955085265625 0.21386744218749998 0.3964837203125 0.66357441875 0.6601565890625001 0.7602534890625 0.6679689921875 0.48779302343750003 0.5830077515625 0.47753953437499996 0.57812558125 0.46728604687499997 0.57812558125 0.423339534375
4 0.6386713171875 0.5698232562500001 0.6445317828125 0.5581046515625 0.6435550390625 0.51562558125 0.648437209375 0.5170906984375 0.648437209375 0.5610348843749999 0.666015503125 0.5639651156250001 0.666015503125 0.49365348906250006 0.6396480625 0.4804697671875 0.586914728125 0.4804697671875 0.58007751875 0.47314418593749996 0.585937984375 0.28857441875 0.5966790703125 0.2812511625 0.6728511625 0.2783209296875 0.6894527125 0.20068372031249998 0.6904294578125 0.1611325578125 0.6142573640625 0.1669930234375 0.5117193796875 0.19482325625000002 0.5146480625 0.210937209375 0.5273441859375 0.212402325 0.523437209375 0.24462790625 0.5351565890625001 0.2915046515625 0.5332030999999999 0.43798837187500006 0.5312496125 0.47021395312500003 0.523437209375 0.48779302343750003 0.54492248125 0.49951162812499994 0.54687441875 0.5815418609375 0.5507813953125 0.58447209375 0.5537116281250001 0.5625 0.562500775 0.5698232562500001 0.5546868218750001 0.5756837203125 0.555663565625 0.585937209375 0.6083984499999999 0.585937209375 0.60937519375 0.5991209296875 0.602539534375 0.5976558140625 0.601562790625 0.6079093015625 0.6230465109375001 0.6108395343749999 0.6386713171875 0.6049813953125 0.6269534890624999 0.5903325578125 0.6425782953125 0.5815418609375 0.6386713171875 0.5698232562500001
4 0.243164340625 0.4980465109375 0.040038759374999996 0.539062790625 0.0332031 0.5200186046875 0.0175782953125 0.3383790703125 0.0097658921875 0.3090813953125 0.0039069765625 0.3090813953125 0.007812403125000001 0.3237302328125 0 0.3295906984375 0.0039069765625 0.3471674421875 0 0.6137697671875 0.007812403125000001 0.67822325625 0.0146480625 0.6826162796874999 0.03222635625 0.6679697671875 0.045897675 0.6679697671875 0.0576170546875 0.6826162796874999 0.069336434375 0.6826162796874999 0.0742186046875 0.7221674421875 0.070313178125 0.7456046515625 0.085937984375 0.7631837203125 0.26562480625 0.654786046875 0.24902325625000002 0.23437441875 0.2539069765625 0.4790046515625 0.243164340625 0.4980465109375
4 0.0751953484375 0 0.10449147343750001 0.023437209375 0.11621085312499999 0.055665115625 0.2353519375 0.12597674375 0.24902325625000002 0.2285162796875 0.25 0.1772465109375 0.2919922484375 0.158202325 0.329102325 0.1699209296875 0.37695348906250004 0.20947209375 0.3789069765625 0.48193255781250005 0.3808589140625 0.49365348906250006 0.3886713171875 0.4965813953125 0.39062480625 0.212402325 0.4345705421875 0.19628837187499998 0.6923829453125 0.1464837203125 0.7070310078125 0.0600581390625 0.70312558125 0.00732325625 0.6787116281250001 0.008788371875000001 0.3896480625 0.102539534375 0.34277364375 0.0585930234375 0.23339845 0.0908209296875 0.2246093015625 0.08642558125000001 0.2314449609375 0.070311628125 0.32031317812500004 0.0395511625 0.3154294578125 0.023437209375 0.290038759375 0 0.0751953484375 0
4 0.1113286828125 0.0600581390625 0.10937519375 0.1362302328125 0.118164340625 0.164062790625 0.1357426359375 0.17871162812500002 0.2382806203125 0.2211906984375 0.24218759687500002 0.1684581390625 0.23339845 0.1289069765625 0.1201178296875 0.0585930234375 0.1113286828125 0.0600581390625
4 0.25 0.47021395312500003 0.21972713124999999 0.4804697671875 0.21386666718749997 0.49218837187500003 0.1748046515625 0.49218837187500003 0.1220697671875 0.506834884375 0.08398449687500001 0.49072325625 0.060547287500000005 0.20068372031249998 0.060547287500000005 0.1684581390625 0.070313178125 0.1508790703125 0.0644527125 0.024902325 0.040038759374999996 0.005860465625 0.00097674375 0 0 0.186034884375 0.0214837203125 0.3559581390625 0.0351565890625 0.531737209375 0.052734884375 0.5346674421875 0.21972713124999999 0.4980465109375 0.22949147343749998 0.48632790625 0.24121085312499999 0.4892581390625 0.25 0.47021395312500003
4 1 0.001465115625 0.9580077515625 0 0.9492186046875 0.00732325625 0.9355472875 0.092286046875 0.9257813953125 0.20068372031249998 0.835937984375 0.7954093015625 0.8828124031250001 0.9096674421875001 0.8779302328125 0.9960930234375001 1 0.9975581390625001 1 0.001465115625
4 0.33984341093750003 0.0395511625 0.4570310078125 0.001465115625 0.29687441875 0.001465115625 0.3251953484375 0.038086046875 0.33984341093750003 0.0395511625
4 0.3945317828125 0.09814418593749999 0.6835937984375 0.001465115625 0.5146480625 0 0.3476558140625 0.057127906250000006 0.3945317828125 0.09814418593749999
4 0.37597674375 0.679688371875 0.3925782953125 0.6606441859375 0.39062480625 0.5170906984375 0.375 0.4965813953125 0.3701178296875 0.45996046562500004 0.33007751875 0.47021395312500003 0.3320310078125 0.672362790625 0.333984496875 0.7045906984375 0.3437503875 0.7104488375 0.35937519375 0.6958 0.3623054265625 0.6679697671875 0.3701178296875 0.6679697671875 0.37597674375 0.679688371875
4 0.34277364375 0.2812511625 0.3691410859375 0.3002930234375 0.3652341078125 0.3090813953125 0.3691410859375 0.44384651093749994 0.37695348906250004 0.484862790625 0.37695348906250004 0.212402325 0.32324186093749996 0.17285116250000002 0.3242186046875 0.279786046875 0.34277364375 0.2812511625
