4 0.545897675 0.25195348906250004 0.5664062015625 0.2680674421875 0.57812558125 0.1508790703125 0.6123054265625 0 0.36328062031249997 0.0043953484375 0.41992248125 0.2153325578125 0.437500775 0.24169999999999997 0.43359379843749996 0.2622069765625 0.4501953484375 0.25781162812499997 0.45410232500000003 0.2783209296875 0.45996124062500005 0.266602325 0.460937984375 0.27685581406250004 0.46972713125 0.2812511625 0.4736325578125 0.266602325 0.4804682171875 0.28857441875 0.4892573640625 0.26367209375 0.5185550390625 0.26367209375 0.5205085265625 0.25195348906250004 0.545897675 0.25195348906250004
4 0.524413953125 0.3574209296875 0.5361333328125 0.3779302328125 0.5537116281250001 0.3779302328125 0.5664062015625 0.3295906984375 0.568359690625 0.2709953484375 0.5107426359375 0.25781162812499997 0.5039069765625 0.2622069765625 0.5136713171875 0.2709953484375 0.51562480625 0.2915046515625 0.49902325625 0.29882790625 0.48828062031249997 0.282713953125 0.5 0.2622069765625 0.49706976718749996 0.25781162812499997 0.4814449609375 0.24902325625000002 0.45410232500000003 0.25781162812499997 0.4501953484375 0.24902325625000002 0.4404294578125 0.25195348906250004 0.43652403125 0.23437441875 0.4248046515625 0.2314441859375 0.44726511562500004 0.326660465625 0.47949147343750004 0.3867186046875 0.4902341078125 0.3881837203125 0.4980465109375 0.38232325624999997 0.5019534890624999 0.35888604687500003 0.5107426359375 0.3544930234375 0.524413953125 0.3574209296875
4 0.62597674375 0 0.6191410859375 0.0102534890625 0.585937984375 0.1333 0.5742186046875 0.23290930156249998 0.57812558125 0.38232325624999997 0.585937984375 0.39697209375 0.585937984375 0.41162092968749997 0.57617209375 0.423339534375 0.5742186046875 0.719237209375 0.58007751875 0.7983395343749999 0.5937503875 0.8393558140625 0.5976558140625 0.7866209296875 0.5957038765625 0.77197209375 0.58007751875 0.7485348843749999 0.58007751875 0.733886046875 0.584961240625 0.7294930234375 0.5957038765625 0.7543953484375 0.5996093015625 0.1831046515625 0.6591798453125 0 0.62597674375 0
4 0.7333984499999999 0 0.7304682171875 0.00732325625 0.7382806203125 0.27392558125 0.7304682171875 0.9946279062500001 0.7480465109375001 0.9975581390625001 1 0.9946279062500001 0.9990232562499999 0 0.7333984499999999 0
4 0.3613286828125 0.49072325625 0.3652341078125 0.47314418593749996 0.3544914734375 0.45117209375 0.3408201546875 0.46289069843749997 0.2812496125 0.42919999999999997 0.2792961234375 0.17431627968750002 0.2939457359375 0.15234418593750002 0.34179689999999996 0.2299813953125 0.3535162796875 0.2563465109375 0.34960930156250003 0.3002930234375 0.3544914734375 0.30468837187500003 0.3554682171875 0.2475581390625 0.3652341078125 0.2299813953125 0.3691410859375 0.1450186046875 0.3691410859375 0.0805674421875 0.3574217046875 0.0278325578125 0.3408201546875 0.005860465625 0.00097674375 0.0029302328125 0 0.9946279062500001 0.3457038765625 0.9946279062500001 0.3613286828125 0.968262790625 0.37695348906250004 0.9096674421875001 0.3691410859375 0.48779302343750003 0.3613286828125 0.49072325625
4 0.3886713171875 0.1831046515625 0.41503875937499995 0.266602325 0.4179689921875 0.2153325578125 0.3710930234375 0.0366209296875 0.3564449609375 0.005860465625 0.33886666718749997 0.0029302328125 0.33007751875 0.0102534890625 0.34179689999999996 0.024902325 0.33984341093750003 0.077637209375 0.318359690625 0.1772465109375 0.2939457359375 0.1435558140625 0.28320310000000004 0.156737209375 0.34179689999999996 0.2563465109375 0.34179689999999996 0.44677674375 0.329102325 0.4570302328125 0.32812558125 0.46728604687499997 0.34277364375 0.47167907031249995 0.3574217046875 0.4965813953125 0.35937519375 0.5610348843749999 0.37304651093749996 0.58447209375 0.37695348906250004 0.41748139531249995 0.37304651093749996 0.16552790625 0.37597674375 0.1611325578125 0.3886713171875 0.1831046515625
4 0.57617209375 0.7983395343749999 0.5703131781249999 0.7016604656250001 0.562500775 0.67822325625 0.555663565625 0.60937441875 0.47949147343750004 0.60937441875 0.45507751875 0.64892558125 0.42773488437499996 0.7602534890625 0.41503875937499995 0.773437209375 0.397460465625 0.7617186046875 0.382812403125 0.7631837203125 0.3847658921875 0.91552790625 0.366210853125 0.9960930234375001 0.6523441859375 0.9975581390625001 0.625 0.906737209375 0.600586046875 0.8935558140625 0.5937503875 0.8803720937499999 0.57617209375 0.7983395343749999
4 0.5517581390624999 0.369139534375 0.5283209296875 0.3632813953125 0.5048821703125 0.3867186046875 0.4804682171875 0.39111395312499997 0.4804682171875 0.593262790625 0.4980465109375 0.5991209296875 0.5 0.42626976718750004 0.5576170546875 0.42187441875 0.5576170546875 0.3574209296875 0.5517581390624999 0.369139534375
4 0.45507751875 0.46728604687499997 0.460937984375 0.36767674375000003 0.42089767499999997 0.24902325625000002 0.4257813953125 0.7133790703125 0.42187441875 0.7543953484375 0.4257813953125 0.7543953484375 0.44726511562500004 0.657713953125 0.462889921875 0.6196279062500001 0.462889921875 0.5053720937499999 0.45507751875 0.46728604687499997
4 0.462889921875 0.6108395343749999 0.4687503875 0.6196279062500001 0.4804682171875 0.5991209296875 0.47753953437499996 0.506834884375 0.462889921875 0.5112302328125 0.462889921875 0.6108395343749999
