4 1 0.162597675 0.6669922484375 0.0263674421875 0.664062015625 0.09814418593749999 0.670897675 0.1289069765625 0.795897675 0.193360465625 0.8173829453125 0.1992186046875 0.834961240625 0.1904302328125 0.9501953484375001 0.24902325625000002 0.9746093015625 0.28857441875 0.9707038765625 0.654786046875 1 0.672362790625 1 0.162597675
4 0.6962883718749999 0.038086046875 0.9658201546875 0.149413953125 1 0.1508790703125 0.9990232562499999 0 0.666015503125 0.0043953484375 0.670897675 0.0263674421875 0.6962883718749999 0.038086046875
4 0.4873054265625 0 0.3310542640625 0.0029302328125 0.3144527125 0.0131837203125 0.33007751875 0.0395511625 0.319336434375 0.0585930234375 0.29882790625 0.0454093015625 0.3007813953125 0.024902325 0.2939457359375 0.0029302328125 0.0917969 0.001465115625 0.2548821703125 0.14062558125 0.2685550390625 0.1435558140625 0.3603519375 0.10546976718750001 0.40722635625 0.15527441875 0.45214883749999996 0.1464837203125 0.4570310078125 0.156737209375 0.4570310078125 0.2065418609375 0.4804682171875 0.20947209375 0.508789146875 0.2021488375 0.5214837203125 0.1596674421875 0.5429689921875 0.13037209375 0.4873054265625 0
4 0.49706976718749996 0 0.4941410859375 0.00732325625 0.5019534890624999 0.030762790625 0.5429689921875 0.1215813953125 0.5429689921875 0.1333 0.523437209375 0.162597675 0.5117193796875 0.20068372031249998 0.5117193796875 0.8481441859375 0.5195317828125 0.8481441859375 0.5214837203125 0.7309581390625 0.5195317828125 0.27392558125 0.5263674421875 0.26074186093749996 0.5517581390624999 0.26367209375 0.618164340625 0.25195348906250004 0.6279302328125 0.243165115625 0.632812403125 0.2534186046875 0.6308589140625 0.8862302328125 0.6425782953125 0.889160465625 0.648437209375 0.8715813953125 0.6445317828125 0.6928720937499999 0.662110078125 0.6079093015625 0.6582030999999999 0.5639651156250001 0.664062015625 0.5610348843749999 0.6582030999999999 0.5170906984375 0.666015503125 0.45556744218749995 0.6679689921875 0.3090813953125 0.664062015625 0.00732325625 0.6611333328125 0 0.5478511625 0 0.54492248125 0.0278325578125 0.5361333328125 0.0351558140625 0.522460465625 0 0.49706976718749996 0
4 0.367187596875 0.17431627968750002 0.37304651093749996 0.17431627968750002 0.40527286875 0.164062790625 0.4062496125 0.156737209375 0.36816434062500003 0.117188371875 0.367187596875 0.17431627968750002
4 0.29687441875 0.1479488375 0.2812496125 0.1596674421875 0.31347596875 0.1904302328125 0.32617209375 0.188965115625 0.3554682171875 0.1772465109375 0.3603519375 0.11132790625 0.2998046515625 0.1289069765625 0.29687441875 0.1479488375
4 0.291015503125 0.1772465109375 0.2783209296875 0.1611325578125 0.25683565937499997 0.1611325578125 0.17871162812500002 0.193360465625 0.17382790625 0.18017674374999998 0.18066356562500002 0.164062790625 0.1845705421875 0.1699209296875 0.22753953437500002 0.164062790625 0.23437519375 0.1596674421875 0.2373054265625 0.14062558125 0.2460930234375 0.139160465625 0.19628837187499998 0.0937511625 0.18652403125 0.0908209296875 0.1826170546875 0.0996093015625 0.17285116250000002 0.0732418609375 0.0986325578125 0.014648837500000001 0.0810542640625 0.008788371875000001 0.07812558124999999 0.985839534375 0.087889921875 0.9917 0.17871162812500002 0.9169930234375 0.21386666718749997 0.90527441875 0.28320310000000004 0.8422860468750001 0.291015503125 0.1772465109375
4 0.295897675 0.1757813953125 0.291015503125 0.1831046515625 0.29492248125 0.312011628125 0.302734884375 0.3002930234375 0.302734884375 0.20068372031249998 0.3085937984375 0.1918953484375 0.295897675 0.1757813953125
4 0.291015503125 0.49365348906250006 0.29687441875 0.49365348906250006 0.2998046515625 0.322265115625 0.291015503125 0.3325186046875 0.289062015625 0.399902325 0.291015503125 0.49365348906250006
4 0.3085937984375 0.20947209375 0.3085937984375 0.30322325625 0.3144527125 0.30322325625 0.3535162796875 0.279786046875 0.3554682171875 0.2299813953125 0.329102325 0.1992186046875 0.3085937984375 0.20947209375
4 0.3486325578125 0.30468837187500003 0.31347596875 0.31347674375 0.306640309375 0.3295906984375 0.30175813906250004 0.585937209375 0.3007813953125 0.5170906984375 0.291015503125 0.5141604656250001 0.291015503125 0.5991209296875 0.29882790625 0.5991209296875 0.291015503125 0.6254883718750001 0.291015503125 0.8247069765624999 0.29882790625 0.827637209375 0.3466790703125 0.788086046875 0.3535162796875 0.77197209375 0.3554682171875 0.326660465625 0.3486325578125 0.30468837187500003
4 0.446288371875 0.21386744218749998 0.3701178296875 0.2314441859375 0.3710930234375 0.7778325578125 0.5019534890624999 0.8100581390625001 0.5058589140625 0.8042 0.5039069765625 0.2680674421875 0.46386666718749997 0.22265581406249998 0.446288371875 0.21386744218749998
4 0.5107426359375 0.2021488375 0.460937984375 0.212402325 0.5097658921875 0.265137209375 0.5107426359375 0.2021488375
4 0.00097674375 0 0 0.9975581390625001 0.0742186046875 0.9975581390625001 0.07812558124999999 0.9917 0.07812558124999999 0.00732325625 0.0751953484375 0 0.00097674375 0
4 0.49902325625 0.8642581390625 0.4179689921875 0.9917 0.4189457359375 0.9990232562499999 0.7812496125 0.9975581390625001 0.6904294578125 0.9580069765625 0.524413953125 0.9082023250000001 0.5019534890624999 0.8920906984375 0.49902325625 0.8642581390625
4 0.8154294578125001 0.2314441859375 0.8105472875 0.22412092968750003 0.8144527125 0.212402325 0.8037116281250001 0.1992186046875 0.711914728125 0.15234418593750002 0.6748046515625 0.1435558140625 0.6796868218750001 0.25927674375 0.76562480625 0.3149418609375 0.7617193796875 0.5668953484375 0.8388666671875 0.5742186046875 0.84277364375 0.5625 0.8740232562499999 0.5449209296874999 0.8916015500000001 0.5507813953125 0.898437209375 0.5551767437499999 0.898437209375 0.5991209296875 0.912110078125 0.6167 0.9169922484375 0.6533209296875 0.9667969 0.654786046875 0.9687503875000001 0.28564418593749996 0.9482418609375 0.2783209296875 0.9287116281250001 0.2929697671875 0.8154294578125001 0.2314441859375
4 0.677734884375 0.3706046515625 0.6835937984375 0.38232325624999997 0.7626945734375 0.36621162812499997 0.7636713171875 0.31787209375000003 0.680663565625 0.26367209375 0.677734884375 0.3706046515625
