4 0.97379845 0 0.57927751875 0.0027534890625 0.5587689921875 0.03937441875 0.554863565625 0.06281162812499999 0.53142635625 0.095037209375 0.52947286875 0.11554651093749999 0.5577922484375 0.119939534375 0.59197209375 0.150702325 0.6036914734375001 0.179997675 0.6017379843749999 0.2005069765625 0.59197209375 0.21808372031249998 0.5363085265625 0.2547046515625 0.4874806203125 0.257634884375 0.4816217046875 0.24298604687499997 0.47185581406250005 0.25177674375 0.4659953484375 0.2166186046875 0.4581829453125 0.2166186046875 0.44548837187499996 0.2415209296875 0.4562310078125 0.27228372031250003 0.4816217046875 0.284002325 0.492362790625 0.3235534890625 0.555840309375 0.4011906984375 0.76482480625 0.3191581390625 0.77947286875 0.3323418609375 0.8147023250000001 0.40232558125000006 0.8476124031250001 0.40232558125000006 1 0.3733906984375 1 0.30616744218749997 0.9992000000000001 0 0.97379845 0
4 0.0710310078125 0 0.08951317812500001 0.0802534890625 0.08951317812500001 0.1447069765625 0.105137984375 0.197439534375 0.11588062031249999 0.2164837203125 0.1334589140625 0.21062325624999997 0.1383410859375 0.2179488375 0.18326356562499999 0.311697675 0.18326356562499999 0.3556441859375 0.19287596875 0.3674418609375 0.206010853125 0.3674418609375 0.206700775 0.367362790625 0.37173953437499996 0.27507674375 0.3824821703125 0.3029093015625 0.3893178296875 0.30437441875000004 0.40982480624999995 0.2765418609375 0.4205674421875 0.2369906984375 0.43619224843750004 0.234060465625 0.4938093015625 0.150565115625 0.5016217046875 0.1359162796875 0.4996697671875 0.1036906984375 0.5240837203125001 0.0846465109375 0.5674418609375 0.002265115625 0.5674418609375 0.0011488375 0.177334884375 0 0.0710310078125 0
4 0.5317829453125 0.43885348906250005 0.49678914687500003 0.39203720937500003 0.4938589140625 0.5370558140624999 0.49568527187500006 0.553488371875 0.5074 0.553488371875 0.5309689921875 0.54877441875 0.5317829453125 0.5035697671875 0.5317829453125 0.43885348906250005
4 0.48885426406250004 0.6059046515625 0.49471472812500006 0.55902790625 0.5337767437500001 0.5561 0.5367069765625 0.619088371875 0.5464325578125 0.6232558140625 0.5503953484374999 0.6232558140625 0.5519379843750001 0.47289302343750006 0.5519379843750001 0.43454883750000006 0.5337767437500001 0.4359813953125 0.49959689999999995 0.393502325 0.491784496875 0.36420465156250004 0.46737054218749996 0.3275837203125 0.453699225 0.32172325625 0.44295658906249996 0.337837209375 0.44881550312499996 0.493111628125 0.44491007812500005 0.5956488375 0.4595581390625 0.6000441859375 0.46932403125000005 0.6205511625 0.476159690625 0.610297675 0.47127751875 0.550239534375 0.48006666718749996 0.5604930234375 0.48885426406250004 0.6059046515625
4 0.75477519375 0.5540465109375 0.762587596875 0.5745534890624999 0.7658914734375 0.5636511625 0.7658914734375 0.3297418609375 0.75477519375 0.328460465625 0.561415503125 0.40463255781249996 0.5545798453125 0.41488604687499997 0.559463565625 0.43099999999999994 0.591689921875 0.42953488437500004 0.591689921875 0.5144953484375 0.674697675 0.5247488375 0.683486821875 0.6521906984375 0.7039937984375 0.659513953125 0.7196186046874999 0.6858813953125 0.742159690625 0.6953488375 0.7440325578125 0.6953488375 0.7440325578125 0.5672302328125001 0.75477519375 0.5540465109375
4 0.40324651093749997 0.5746953484375 0.4198480625 0.5849488375 0.41203565937500003 0.570302325 0.41789457343749997 0.5497930234374999 0.41105891406249995 0.539539534375 0.40324651093749997 0.5659069765625 0.38957364375000003 0.54832790625 0.3719953484375 0.554188371875 0.3280511625 0.546862790625 0.3280511625 0.435534884375 0.3309798453125 0.428211628125 0.38957364375000003 0.4311418609375 0.41105891406249995 0.4868046515625 0.41691782968749996 0.46922790625 0.42277674374999996 0.4868046515625 0.4344961234375 0.48387441875 0.4356589140625 0.42282558124999997 0.4356589140625 0.32782325625 0.42473023281250005 0.3139534890625 0.41887131718750004 0.319813953125 0.3856682171875 0.3139534890625 0.3622310078125 0.287586046875 0.195238759375 0.37694186093750004 0.193285271875 0.4794813953125 0.234300775 0.49119999999999997 0.234300775 0.543934884375 0.2147689921875 0.55272325625 0.217699225 0.5834837203125 0.2860589140625 0.568837209375 0.2937069765625 0.5860465109375 0.29730542656250003 0.5860465109375 0.40324651093749997 0.5746953484375
4 0.4065906984375 0.6027325578125 0.41298294531249996 0.6046511625 0.43187131718750005 0.6046511625 0.4388170546875 0.604197675 0.444961240625 0.5949813953125 0.444961240625 0.5411558140625 0.427097675 0.5397441859375001 0.420262015625 0.5294906984375001 0.420262015625 0.49726511562500003 0.44369922500000003 0.48847441875 0.4417472875 0.4503906984375 0.4388170546875 0.4459953484375 0.43491162812499995 0.457713953125 0.42612248125 0.4503906984375 0.4319813953125 0.4445302328125 0.42905116249999997 0.43720697656249996 0.3958480625 0.43427674375 0.3929193796875 0.558788371875 0.4065906984375 0.588086046875 0.4065906984375 0.6027325578125
4 0.1935829453125 0.60132558125 0.1953488375 0.400065115625 0.1953488375 0.378339534375 0.1838170546875 0.35816046562500004 0.179911628125 0.3083558140625 0.1388961234375 0.220465115625 0.132060465625 0.210211628125 0.1115519375 0.217537209375 0.0900682171875 0.15015348906249998 0.088114728125 0.0798418609375 0.063700775 0.005134884375 0.06272403125 0.15015348906249998 0.1388961234375 0.281988371875 0.142789146875 0.6674418609375 0.1498031 0.6674418609375 0.17112248125 0.6438046515625 0.1935829453125 0.60132558125
4 0.4142558140625 0.727711628125 0.4210914734375 0.7408953484375 0.4562480625 0.7321069765625 0.5070294578125 0.752613953125 0.55097519375 0.789234884375 0.5451162796875 0.9093534890624999 0.5324201546875 0.9108162796875 0.5246077515625001 0.893239534375 0.47773333281249997 0.9371837203125001 0.47089767499999996 0.994313953125 0.4746310078125 0.99767441875 0.7300046515624999 0.99767441875 0.8356589140624999 0.9972441859375 0.8356589140624999 0.9944093015625001 0.83222480625 0.9738046515625 0.77167751875 0.8214627906249999 0.7335922484374999 0.7408953484375 0.7101550390625 0.735034884375 0.6652325578125 0.7467558140625 0.5695302328125 0.6852302328125 0.5666 0.6779069765625 0.574412403125 0.66032790625 0.544139534375 0.6442162796875001 0.5089829453125 0.658865115625 0.5148418609375 0.673511628125 0.419139534375 0.6910906984375 0.4142558140625 0.698413953125 0.4142558140625 0.727711628125
4 0.8205410859375 0.6194953484375 0.8420248062500001 0.6341441859375 0.8449550390624999 0.66197674375 0.9314108531249999 0.7232558140625 0.933910078125 0.7232558140625 0.93577519375 0.6868790703125 0.941085271875 0.6815697671875001 0.941085271875 0.6788209296875001 0.93577519375 0.6575813953125 0.941085271875 0.660237209375 0.941085271875 0.6459813953125 0.9347984500000001 0.6473279062499999 0.9221038765625 0.6253558140625 0.9142914734375 0.5902000000000001 0.8566744187499999 0.48326511562499996 0.8215178296874999 0.4774069765625 0.8088217046875 0.458362790625 0.8029627906249999 0.4466441859375 0.8088217046875 0.4027 0.7707364343750001 0.32799302343750003 0.7678062015625 0.5960581390625 0.8000341078125001 0.620960465625 0.8029627906249999 0.59312790625 0.8156589140625 0.588734884375 0.8205410859375 0.6194953484375
4 1 0.6092488375 0.9992434109375001 0.4309697671875 0.806860465625 0.4529418609375 0.8215085265625 0.47784418593750005 0.8508062015625001 0.48077441875 0.8605705421875 0.4924930234375 0.916235659375 0.590637209375 0.918187596875 0.6170046515625 0.9289302328125 0.6331186046874999 0.9989782953124999 0.660465115625 1 0.660465115625 1 0.6092488375
4 1 0.66367441875 0.9308806203125 0.6359302328124999 0.935762790625 0.663762790625 0.9338093015625001 0.725286046875 0.9416217046875 0.725286046875 0.9543178296875 0.70917209375 0.999238759375 0.7208906984375 1 0.676386046875 1 0.66367441875
