4 0.0907550390625 0.7767441859375 0.0973488375 0.7767441859375 0.2883534890625 0.683160465625 0.307885271875 0.6948790703125 0.31862790625000004 0.68462558125 0.34206511562499997 0.5234930234374999 0.3615969 0.4649 0.37917364375 0.459039534375 0.3772217046875 0.10454883749999999 0.3821038765625 0.09722325625 0.4914790703125 0.12066046562499999 0.5139395343750001 0.13677441875000002 0.5158930234375 0.2774 0.5227286828125 0.302302325 0.5451906984375 0.30376744218749996 0.544213953125 0.32866976718749996 0.5178465109375 0.33599302343750004 0.5237054265625 0.441462790625 0.5178465109375 0.4531813953125 0.5158930234375 0.6289627906249999 0.52077519375 0.6421465109375 0.53640155 0.6421465109375 0.5949953484375 0.606988371875 0.6096434109375 0.5645093015625 0.6186046515625 0.13704186093749998 0.6186046515625 0.0982 0.58327596875 0.0767162796875 0.473900775 0.06792790625 0.36062015468749997 0.0327697671875 0.26882325625000003 0.053279070312499996 0.089134884375 0.006402325 0.0012449609375 0.0005441859375 0.0002682171875 0.5674395343749999 0.042260465625 0.560113953125 0.065697675 0.560113953125 0.0705798453125 0.5674395343749999 0.074486821875 0.7051348843749999 0.0940186046875 0.72857209375 0.0881581390625 0.7754465109375 0.0907550390625 0.7767441859375
4 0.3875969 0.7230139531249999 0.3875969 0.715386046875 0.3875519375 0.7150441859375001 0.3670434109375 0.7223697671875 0.37192713125 0.7062558140624999 0.38071472812499996 0.7077209296875 0.38071472812499996 0.485065115625 0.3758325578125 0.4748093015625 0.363137984375 0.4792046515625 0.35532558125 0.5114325578125001 0.3357937984375 0.6520558140625 0.32407441875 0.696002325 0.3348170546875 0.723834884375 0.362412403125 0.739534884375 0.3637333328125 0.739534884375 0.3875969 0.7230139531249999
4 1 0.059988371875 0.7062930234375 0.0936511625 0.63207286875 0.0936511625 0.625237209375 0.106834884375 0.6115658921875 0.560937209375 0.61840155 0.5711906984375 0.6379333328125 0.5565418609375 0.6535581390625 0.55947209375 0.656488371875 0.5902348843749999 0.6535581390625 0.6034186046875 0.639886821875 0.6034186046875 0.6203550390625 0.5829093015625 0.6154713171874999 0.59902325625 0.7687922484375 0.6620116281249999 0.9929658921875 0.7372093015625001 1 0.7372093015625001 1 0.67797209375 0.999260465625 0.4862302328125 0.9582449609375001 0.4833 0.954339534375 0.4920906984375 0.9445736437500001 0.4833 0.938714728125 0.48916046562500004 0.9074635656250001 0.4833 0.89867441875 0.47597674375 0.9035581390624999 0.4715813953125 0.8879333328125 0.46865116249999994 0.8664480625 0.46572325625 0.8625426359375 0.474511628125 0.6789488375 0.445213953125 0.657463565625 0.4393558140625 0.6525813953124999 0.420311628125 0.6545348843750001 0.2210930234375 0.6623472875 0.1507813953125 0.657463565625 0.1229488375 0.6672294578125 0.1200186046875 0.6691829453125 0.14052790625 0.85277674375 0.1258790703125 0.8664480625 0.1229488375 0.874260465625 0.0936511625 0.881097675 0.0980465109375 0.8791441859375 0.11562558125 0.8879333328125 0.1200186046875 0.9836356593750001 0.114160465625 1 0.1069418609375 1 0.059988371875
4 0.38740155 0.7847186046875 0.4040031 0.7363790703124999 0.48017519374999995 0.710011628125 0.5778310078125 0.6924325578125 0.596386046875 0.66167209375 0.596899225 0.6508906984375 0.596899225 0.6213348843750001 0.5270496125 0.6543465109375 0.5153317828125 0.6748534890625 0.40009612343749995 0.7188 0.3688465109375 0.7451674421875001 0.32392558125000004 0.7217302328125 0.29072248125 0.7568860468749999 0.22919845 0.7847186046875 0.22919845 0.80522558125 0.2477534890625 0.835988371875 0.2719581390625 0.8441860468750001 0.2880093015625 0.8441860468750001 0.3278310078125 0.835988371875 0.3649410859375 0.8125488375 0.38740155 0.7847186046875
4 0.24121085312499999 0.84622790625 0.22265581406249998 0.8154651156250001 0.2167969 0.7803093015625 0.22363255781250002 0.76712558125 0.26074263593749997 0.7524767437500001 0.26171937968750003 0.7451534890625 0.2314449609375 0.7319697671875 0.20410232499999997 0.7319697671875 0 0.8301139531249999 0.0009720937500000001 0.99767441875 0.612838759375 0.99767441875 1 0.9971069765625 0.9990232562499999 0.7466186046875001 0.616210853125 0.60892325625 0.6074217046875 0.610388371875 0.601562790625 0.6660511625 0.586914728125 0.696813953125 0.5654294578125 0.7085325578125 0.475586046875 0.7202511625 0.40917984531249996 0.7466186046875001 0.3945317828125 0.7891 0.3779302328125 0.814002325 0.329102325 0.84622790625 0.28613333281250003 0.8579465109375001 0.24121085312499999 0.84622790625
4 0.2728682171875 0.7134906984375 0.2728682171875 0.700688371875 0.2301969 0.72202325625 0.2425178296875 0.7232558140625 0.26147441875 0.7232558140625 0.2728682171875 0.7134906984375
4 0.2941782953125 0.7348837203125 0.31007751875 0.7163348843749999 0.31007751875 0.7136 0.3077333328125 0.7053976750000001 0.2823426359375 0.7112558140624999 0.2697674421875 0.73302325625 0.2697674421875 0.7332441859375 0.2828837203125 0.7348837203125 0.2941782953125 0.7348837203125
4 0.3891534890625 0.784113953125 0.40380155 0.7357744187499999 0.51122325625 0.7035465109375 0.5756759687499999 0.6947581390625001 0.596899225 0.6601558140625 0.596899225 0.614860465625 0.5248961234375 0.6537418609375 0.51317674375 0.6742511625 0.40184806249999994 0.7152651156250001 0.3666930234375 0.7445627906250001 0.3217705421875 0.7181953484375 0.2983333328125 0.7504232562500001 0.2270434109375 0.784113953125 0.2309503875 0.813411628125 0.24559845 0.8353837203125 0.27997209375 0.8441860468750001 0.2921333328125 0.8441860468750001 0.331536434375 0.8353837203125 0.37059845 0.8090162796874999 0.3891534890625 0.784113953125
4 0.2246093015625 0.8183953484375 0.2187503875 0.7773790703125 0.2636713171875 0.7480837203124999 0.25683565937499997 0.7378302328124999 0.21386666718749997 0.729039534375 0.10058604687499999 0.78177441875 0.0830077515625 0.78177441875 0.0732418609375 0.7934930234375 0 0.8271837203124999 0.0009720937500000001 0.99767441875 0.612838759375 0.99767441875 1 0.9971069765625 0.9990232562499999 0.7466186046875001 0.6220697671875 0.60892325625 0.6054682171875 0.610388371875 0.5996093015625 0.6719116281249999 0.5830077515625 0.6997441859375 0.461914728125 0.7231813953125 0.40722635625 0.7466186046875001 0.38183565937499997 0.8081418609375 0.3466790703125 0.8374395343750001 0.3173829453125 0.8491581390625 0.2841798453125 0.8579465109375001 0.2451178296875 0.8491581390625 0.2246093015625 0.8183953484375
4 0.1995457359375 0.01892325625 0.1888031 0.0233162796875 0.19075658906249998 0.02917674375 0.218100775 0.0321069765625 0.2298186046875 0.020388371875 0.239584496875 0.035034884375000006 0.2509829453125 0.039534884375 0.2620170546875 0.039534884375 0.2923193796875 0.0174581390625 0.337984496875 0.0014255812499999999 0.337984496875 0.0013441859375 0.146810853125 0.0013441859375 0.1995457359375 0.01892325625
4 0.8579767437499999 0 0.8531410859375 0.050765115625 0.8699736437500001 0.055813953125 0.8773147281250001 0.055813953125 0.9984496125 0.034686046875 0.9984496125 0.0009465109375000001 0.90687441875 0 0.8579767437499999 0
4 0.6257534890625001 0.0837209296875 0.6303100781250001 0.0837209296875 0.6486806203125 0.08252325625 0.8371581390625 0.0634790703125 0.8361813953125001 0.0122093015625 0.841860465625 0.0008511625 0.841860465625 0.0004906984375 0.371337984375 0.0004906984375 0.526610853125 0.0546906984375 0.5852046515625 0.0605511625 0.6257534890625001 0.0837209296875
