4 0.328534884375 0 0.00022635625 0.003960465625 0.0012031 0.33940930156250004 0.161359690625 0.38921395312499996 0.343 0.386286046875 0.366438759375 0.38921395312499996 0.3981906984375 0.41162790625 0.505486821875 0.41162790625 0.5510077515625 0.41118837187499996 0.558139534375 0.4004906984375 0.558139534375 0.1824 0.5568682171875 0.17095348906250002 0.547102325 0.162162790625 0.5490558140624999 0.08599302343750001 0.5422186046874999 0.075737209375 0.40159379843750004 0.08452790624999999 0.38694573593750003 0.050834884375 0.3849922484375 0.021539534375 0.364889921875 0 0.328534884375 0
4 0.3086496125 0.6400209296875 0.2988837203125 0.7835767437500001 0.2793534890625 0.8245930234375001 0.2715410859375 0.8568186046875 0.2715410859375 0.8919744187499999 0.2500558140625 0.9388511625 0.2510325578125 0.96082325625 0.3584542640625 0.96082325625 0.38189147343749996 0.8905093015625001 0.43267286875 0.8934395343749999 0.4336496125 0.6927558140625 0.38579845 0.656134884375 0.3770093015625 0.6165837203125 0.3877519375 0.60047209375 0.4522046515625 0.594611628125 0.46197054218750006 0.5535953484375 0.470759690625 0.5579906984375 0.47564186093750005 0.594611628125 0.5225162796875 0.5975418609375 0.5410713171875 0.6136558140624999 0.5410713171875 0.6312325578125 0.5313054265625 0.6546697671875 0.48638449687499996 0.695686046875 0.48638449687499996 0.8861162796875 0.489313178125 0.8934395343749999 0.551813953125 0.8934395343749999 0.5566961234375001 0.8861162796875 0.5643410859375 0.7169813953124999 0.5643410859375 0.7071534890625 0.5566961234375001 0.4290837203125 0.395564340625 0.4276186046875 0.364313178125 0.407111628125 0.15337674375000002 0.40418139531249997 0.0010325578125 0.3631674421875 0.000058914062500000006 0.9930232562500001 0.0218170546875 0.9930232562500001 0.0313054265625 0.9417790703125 0.0713457359375 0.8905093015625001 0.1719302328125 0.8158023249999999 0.1641178296875 0.6546697671875 0.1963457359375 0.632697675 0.2959550390625 0.6297674421874999 0.3086496125 0.6400209296875
4 0.549589146875 0 0.386914728125 0.0011790703125 0.3986341078125 0.0656325578125 0.4044914734375 0.0744186046875 0.556837209375 0.0744186046875 0.5607426359375001 0.021686046875 0.5851565890625 0.0172930234375 0.589 0 0.549589146875 0
4 0.23532558125 0.99767441875 0.5696914734375 0.99767441875 0.5705426359375 0.9955441859375 0.5705426359375 0.97712790625 0.5643860468749999 0.9240232562499999 0.5555969000000001 0.8991209296875 0.48919069843749996 0.8991209296875 0.4823550390625 0.9533209296875 0.4618465109375 0.9811511625 0.4442682171875 0.9782232562500001 0.4374325578125 0.9679697671874999 0.43255038749999997 0.8991209296875 0.38567441874999997 0.8991209296875 0.36419069843749996 0.9665046515625001 0.3563782953125 0.972362790625 0.2411441859375 0.9665046515625001 0.23626046562499997 0.97382790625 0.23532558125 0.99767441875
4 0.6606480625 0.80697674375 0.66637209375 0.8065674421875 0.6966449609375001 0.805102325 0.6992248062499999 0.7986534890625 0.6992248062499999 0.7965674421875 0.6741844968749999 0.709888371875 0.6478170546875 0.47111860468750005 0.6429333328125 0.8007093015625 0.6454418609375 0.80697674375 0.6606480625 0.80697674375
4 0.7685193796875 0.40192325625 0.89457364375 0.3571790703125 0.89457364375 0.0005558140625 0.77242635625 0.0005558140625 0.762660465625 0.0152046515625 0.7548480625 0.009344185937500001 0.717737984375 0.0181325578125 0.6464496125 0.0166697671875 0.6444961234375 0.3740906984375 0.6669565890625 0.3667674421875 0.67672248125 0.38434418593749997 0.7021131781250001 0.381413953125 0.7050434109375 0.3916697671875 0.6894186046875 0.4004581390625 0.6978046515624999 0.4046511625 0.7266806203125 0.4046511625 0.7685193796875 0.40192325625
4 0.88862635625 0.9767441859374999 0.8943891468749999 0.9767441859374999 0.89457364375 0.9200697671875 0.89457364375 0.37922790625 0.8836434109375 0.3754441859375 0.7664558140625 0.41938837187500005 0.6746589140625 0.41938837187500005 0.6658697671875 0.535111628125 0.6834480625 0.69917441875 0.7029798453125 0.7753465109375 0.7195813953125 0.8061069765625 0.7625503874999999 0.8061069765625 0.846534884375 0.9115767437500001 0.8582527125 0.917437209375 0.8748542640625001 0.9394093015625 0.8797379843750001 0.9613813953125 0.8904790703125001 0.9628465109375 0.88862635625 0.9767441859374999
4 0.649110078125 0.8674418609375 0.6633317828124999 0.857486046875 0.716065115625 0.857486046875 0.7209302328125 0.8385139531249999 0.7209302328125 0.838413953125 0.7043472875 0.810611628125 0.6477069765625 0.8076813953125 0.64282325625 0.8560209296875 0.6485333328125 0.8674418609375 0.649110078125 0.8674418609375
4 0.8698201546875 0.985811628125 0.8821705421875 0.9831651156250001 0.8821705421875 0.9729697671875 0.879586046875 0.953586046875 0.7672821703125 0.8114953484375 0.755562790625 0.8056372093749999 0.722359690625 0.8085674421875 0.733102325 0.8510465109375 0.726265115625 0.867160465625 0.6715782953125 0.8759488375 0.6647426359375 0.9213604656250001 0.6559534890625 0.9257534890624999 0.646187596875 0.9140348843749999 0.6432573640625 0.9242883718750001 0.6461302328125 0.9860465109375 0.8341147281250001 0.9860465109375 0.8698201546875 0.985811628125
4 0.9984496125 0.0017953484374999998 0.94820155 0.00037209375 0.9433178296875001 0.0282046515625 0.939412403125 0.97742325625 0.9440077515624999 0.9953488374999999 0.986759690625 0.9953488374999999 0.9984496125 0.9950418609374999 0.9984496125 0.0017953484374999998
4 1 0.31712558125 0.9466511625 0.3331302328125 0.9437209296875 0.3580325578125 0.9518294578125 0.360465115625 0.9552186046875001 0.360465115625 0.999386046875 0.3477790703125 1 0.3284162796875 1 0.31712558125
4 0.8903085265625 0.3806697671875 0.89767441875 0.3745325578125 0.89767441875 0.3586046515625 0.876637209375 0.3572325578125 0.7614031 0.40117907031250005 0.672534884375 0.40557209375000003 0.6733286828125 0.4162790703125 0.773513178125 0.4162790703125 0.8903085265625 0.3806697671875
4 0 0.3421558140625 0.0008310078125 0.3658488375 0.1590341078125 0.40686511562499994 0.36215969062500003 0.40686511562499994 0.40249147343749997 0.4279069765625 0.5513798453125001 0.4279069765625 0.561240309375 0.41558139531249993 0.561240309375 0.4039906984375 0.5398930234375 0.41272325624999995 0.4148930234375 0.41272325624999995 0.3934093015625 0.4097930234375 0.3602062015625 0.38635581406249997 0.1629410859375 0.38635581406249997 0 0.33806046562500003 0 0.3421558140625
