4 0 0.3240953484375 0.14160155000000002 0.35192790625 0.1464837203125 0.36511162812500003 0.1464837203125 0.4237046515625 0.1513674421875 0.43102790625000004 0.25097674375 0.4398186046875 0.26660154999999996 0.42223953437499995 0.3095705421875 0.4134511625 0.3144527125 0.40319534843750005 0.30175813906250004 0.398802325 0.29882790625 0.3856186046875 0.31152403125 0.375365115625 0.32324186093749996 0.375365115625 0.33007751875 0.4002674421875 0.3486325578125 0.4134511625 0.352539534375 0.328488371875 0.366210853125 0.3138418609375 0.413085271875 0.3197 0.491210853125 0.34606744218749996 0.5058589140625 0.3739 0.49609302343749995 0.4002674421875 0.49609302343749995 0.48815813906249994 0.5498046515625 0.49255116250000003 0.552734884375 0.4002674421875 0.6103519375 0.375365115625 0.617187596875 0.3944069765625 0.617187596875 0.48522790625 0.65722635625 0.48669302343750004 0.662110078125 0.49401627968749995 0.6562496125 0.5174534890625 0.6562496125 0.6024162796875 0.6689457359375 0.609739534375 0.6748046515625 0.6273186046875 0.6982418609375001 0.639037209375 0.70312558125 0.6317116281249999 0.70507751875 0.2596418609375 0.8642573640625001 0.1732162796875 0.8691410859375001 0.180539534375 0.8710930234375001 0.303586046875 0.8691410859375001 0.9334697671875001 0.876285271875 0.9441860468750001 0.8770124031250001 0.9441860468750001 0.8828124031250001 0.8455790703125 0.8828124031250001 0.51452558125 0.8857426359374999 0.5072 0.9326170546875 0.5072 0.945313178125 0.444211628125 0.937500775 0.41198604687499996 0.9716790703125 0.38122325625000003 1 0.37096976718749997 0.9990232562499999 0.0120837203125 0.53027286875 0.3138418609375 0 0.1600325578125 0 0.3240953484375
4 0.6327550390625001 0.60232558125 0.6407085265625 0.60162325625 0.6534031 0.5972302328125 0.655813953125 0.5887930234375001 0.655813953125 0.5332279062499999 0.6553565890625 0.4859 0.6155038765625 0.49319069843749996 0.6155038765625 0.5930511625 0.6234527125 0.60232558125 0.6327550390625001 0.60232558125
4 0.352162790625 0.6188093015625 0.3570465109375 0.599765115625 0.3414217046875 0.573397675 0.3463038765625 0.557286046875 0.35802325625 0.5543558140625 0.365835659375 0.5631441859375 0.37560155 0.5455674421875 0.399038759375 0.56607441875 0.44200775156249994 0.557286046875 0.44786666718749996 0.5192 0.459586046875 0.5192 0.46837519375000003 0.5558209296875 0.4869286828125 0.56607441875 0.508413953125 0.5455674421875 0.5279441859375 0.542637209375 0.5416170546875 0.557286046875 0.5484527124999999 0.549960465625 0.5519379843750001 0.5055232562499999 0.5519379843750001 0.49910465156250006 0.5494294578125001 0.4928325578125 0.40489767499999996 0.4928325578125 0.26622635625 0.48111395312500005 0.25743720937500003 0.473788371875 0.2545069765625 0.44302790625000005 0.150015503125 0.4386325578125 0.1529441859375 0.571934884375 0.211537984375 0.58072325625 0.22325736406250002 0.59537209375 0.24669457343749998 0.5924418609375001 0.26231937968749997 0.627597675 0.26746976718750004 0.6279069765624999 0.294110078125 0.6279069765624999 0.352162790625 0.6188093015625
4 0.159689921875 0.9480953484375 0.1534945734375 0.885697675 0.134939534375 0.8959511625 0.1368930234375 0.966265115625 0.14081860468750002 0.9674418609375 0.14829457343750002 0.9674418609375 0.159689921875 0.9552325578125 0.159689921875 0.9480953484375
4 0.1001782953125 0.9953488374999999 0.10697364375 0.9953488374999999 0.10927596875000001 0.9949651156250001 0.1255813953125 0.98137674375 0.1255813953125 0.9287488375 0.124900775 0.901213953125 0.116113178125 0.890960465625 0.09853488437499999 0.890960465625 0.09755813906250001 0.98617674375 0.1001782953125 0.9953488374999999
4 0.0868217046875 0.99767441875 0.0868217046875 0.975686046875 0.085334884375 0.9043186046875 0.07849922499999999 0.8969930234374999 0.0609209296875 0.9028534890625 0.056038759375000004 0.9101767437499999 0.0579829453125 0.99767441875 0.0868217046875 0.99767441875
4 0.5264480625 0.7995418609375 0.4395333328125 0.8420232562500001 0.4463689921875 0.8552069765624999 0.5182682171875 0.89302325625 0.52182790625 0.89302325625 0.5313302328125 0.8303046515625001 0.5264480625 0.7995418609375
4 0 0.99767441875 0.035658914062500005 0.99767441875 0.035658914062500005 0.8803255812499999 0.035106976562499996 0.8339069765625 0.0048325578125 0.8383023250000001 0 0.8426511624999999 0 0.99767441875
4 0.644913178125 0.9310697671874999 0.6234294578124999 0.904702325 0.6185457359375001 0.9090976749999999 0.6175782953125 0.99767441875 0.819260465625 0.99767441875 0.8265534890625 0.9867348843749999 0.8470620156249999 0.9969883718749999 0.852713178125 0.991337209375 0.852713178125 0.9909418609375 0.8089767437500001 0.9515790703125001 0.7054604656250001 0.8783372093749999 0.644913178125 0.9310697671874999
4 0.00011162812500000001 0.6812162796875 0.0206201546875 0.7295558140625 0.030386046875 0.7412767437500001 0.046987596874999996 0.739811628125 0.046987596874999996 0.818911628125 0.053713178125000004 0.8209302328125 0.0614945734375 0.8209302328125 0.094838759375 0.8145186046875 0.127065115625 0.79547441875 0.1286821703125 0.448639534375 0.1286821703125 0.3764790703125 0.00547596875 0.358139534375 0.001086821875 0.358139534375 0.00011162812500000001 0.6812162796875
4 0.052435659375 0 0 0.0010488375 0 0.01162558125 0.0027286828125 0.154860465625 0.3601503875 0.266188371875 0.5263426359375 0.3046511625 0.5328062015625 0.3046511625 0.8406186046874999 0.1138465109375 0.9812434109374999 0.0200953484375 0.9968992249999999 0.002137209375 0.9968992249999999 0.0010511625 0.574640309375 0 0.40888682187500003 0 0.40409612343749995 0.021560465625 0.41776744218750006 0.030348837499999996 0.4197209296875 0.05378604687500001 0.40604806250000003 0.0830837203125 0.40995503906249997 0.17097441875 0.39725891406249997 0.1841581390625 0.384564340625 0.16804418593749998 0.39042325624999996 0.09187209375 0.3767519375 0.0420674421875 0.3767519375 0.0274209296875 0.39042325624999996 0.015702325 0.3874945734375 0.0054465109375 0.15507596875000002 0 0.13742170468749998 0 0.132610853125 0.0274209296875 0.1160093015625 0.03767441875 0.0735054265625 0 0.052435659375 0
