4 0.6435550390625 0 0.64062480625 0.0834953484375 0.6279302328125 0.0996093015625 0.6103519375 0.10546976718750001 0.586914728125 0.10546976718750001 0.572265115625 0.095213953125 0.5712883718749999 0 0.351562790625 0.001465115625 0.5361333328125 0.07617209375 0.5898434109374999 0.156737209375 0.5957038765625 0.1831046515625 0.601562790625 0.1831046515625 0.866210853125 0.0937511625 0.9990232562499999 0.0585930234375 1 0.001465115625 0.6435550390625 0
4 0.920897675 0.63867209375 0.8916015500000001 0.62402325625 0.8652341078125 0.5903325578125 0.8642573640625001 0.556639534375 0.6435550390625 0.48632790625 0.6376945734375 0.51562558125 0.6044914734375 0.5185558140625 0.5937503875 0.49951162812499994 0.59472713125 0.5595697671875 0.9433596906249999 0.7456046515625 0.9492186046875 0.7368162796875 0.960937984375 0.654786046875 0.9423829453125 0.63867209375 0.920897675 0.63867209375
4 0.00097674375 0 0 0.9975581390625001 0.08007751874999999 0.9975581390625001 0.087889921875 0.9887697671875 0.10937519375 0.8012697671875 0.1230465109375 0.8042 0.125 0.8481441859375 0.14746046562499998 0.9404302328125 0.15820309999999999 0.8686534890625 0.12695348906249998 0.7075186046875 0.054686821875 0.2475581390625 0.048827906250000004 0.1918953484375 0.056640309374999996 0.16552790625 0.0429689921875 0.021972093749999998 0.030272868749999998 0 0.00097674375 0
4 0.5146480625 0.618165115625 0.49316434062500003 0.60937441875 0.37402325625 0.6767581390624999 0.352539534375 0.6914069765625 0.34277364375 0.7236325578125 0.18066356562500002 0.8232418609375 0.17382790625 0.8422860468750001 0.16992248125 0.9917 0.17675813906249999 0.9990232562499999 0.898437209375 0.9975581390625001 0.9394527125 0.7895511625 0.9345705421874999 0.7705069765625 0.59277364375 0.5771488375 0.5146480625 0.618165115625
4 0.336914728125 0.59472558125 0.337889921875 0.66357441875 0.3476558140625 0.6694325578125 0.491210853125 0.5888674421875 0.492187596875 0.537597675 0.47949147343750004 0.5361325578125 0.336914728125 0.59472558125
4 0.444336434375 0.4101558140625 0.428711628125 0.3925790703125 0.399413953125 0.3955069765625 0.3876945734375 0.4189441859375 0.37695348906250004 0.41748139531249995 0.37304651093749996 0.39111395312499997 0.37304651093749996 0.37646511562499996 0.383789146875 0.3720697671875 0.45410232500000003 0.36621162812499997 0.4814449609375 0.375 0.48339845 0.2695302328125 0.302734884375 0.2622069765625 0.32617209375 0.5258790703125 0.335937984375 0.531737209375 0.48828062031249997 0.47607441875 0.48339845 0.38378837187500003 0.45996124062500005 0.3925790703125 0.444336434375 0.4101558140625
4 1 0.062988371875 0.5966790703125 0.1875 0.5917969000000001 0.1918953484375 0.5917969000000001 0.265137209375 0.5937503875 0.30322325625 0.5996093015625 0.30322325625 0.6035162796875 0.22412092968750003 0.6142573640625 0.210937209375 0.9990232562499999 0.1142581390625 1 0.062988371875
4 0.16015658906250002 0.7133790703125 0.166015503125 0.7690418609375 0.17382790625 0.7836906984375 0.257812403125 0.7368162796875 0.2470697671875 0.665039534375 0.170897675 0.7001953484375 0.16015658906250002 0.7133790703125
4 0.9990232562499999 0.8115232562499999 0.9589844968750001 0.9975581390625001 1 0.9975581390625001 0.9990232562499999 0.8115232562499999
4 0.053711628125 0.0175790703125 0.1669922484375 0.038086046875 0.57617209375 0.1450186046875 0.5419922484375 0.0820302328125 0.34277364375 0 0.0351565890625 0.001465115625 0.053711628125 0.0175790703125
