4 1 0.0047325578125 0.9034217046874999 0.00034186093750000003 0.8799844968749999 0.05307674375 0.8448279062499999 0.061865115625 0.834085271875 0.0457511625 0.8360387593749999 0.034032557812499996 0.868265115625 0.00034186093750000003 0.7530310078125 0.00034186093750000003 0.76377364375 0.013525581249999998 0.76572713125 0.028174418750000003 0.7452186046875 0.05307674375 0.7188511625 0.0398930234375 0.7374062015625 0.00034186093750000003 0.07627286875 0.0018069765625000002 0.10947596875000001 0.0721186046875 0.13388992187499998 0.0999511625 0.23740620156249997 0.1175302328125 0.47373488437500005 0.1819813953125 0.5752961234375 0.1966302328125 0.678812403125 0.193702325 0.7048465109375 0.2 0.7146914734375 0.2 0.7491255812500001 0.193702325 0.7999054265625001 0.1644046515625 0.9014682171875 0.0794441859375 0.9991255812500001 0.0179209296875 1 0.0061046515625 1 0.0047325578125
4 1 0.1669953484375 0.9993969 0.02327209375 0.9193193796875001 0.07307674374999999 0.8724449609375 0.11702325625000001 0.7318186046874999 0.213702325 0.686897675 0.1990534890625 0.6595534890625 0.1990534890625 0.6380697671875 0.21077209375 0.5872883718749999 0.20784418593749998 0.4193193796875 0.1756162796875 0.23377209375 0.1199534890625 0.1468589140625 0.1067697671875 0.1849441859375 0.1346 0.20056899218750002 0.158039534375 0.2474449609375 0.16682790625 0.2640465109375 0.194660465625 0.2640465109375 0.2151674421875 0.2777178296875 0.25618372031250003 0.2796713171875 0.853839534375 0.2845534890625 0.8640930234375 0.3099441859375 0.858234884375 0.3255689921875 0.8406558140625 0.3333813953125 0.843586046875 0.34412403125 0.830402325 0.34119379843750003 0.8201488375 0.35974883750000003 0.8157534890625 0.361702325 0.7307930234375 0.3558434109375 0.7278627906249999 0.353889921875 0.70442558125 0.35974883750000003 0.6604790703125001 0.3480294578125 0.6546209296875001 0.34412403125 0.5901674421875 0.31482635625 0.5843069765625 0.31287441875 0.4583325578125 0.321663565625 0.44807674375 0.34607751875 0.446611628125 0.353889921875 0.4173162796875 0.351936434375 0.2942697671875 0.3743969 0.28987441875000003 0.6224449609375 0.3250302328125 0.6263503874999999 0.5681953484375 0.759162790625 0.5594046515625 0.845100775 0.5740534890625 0.8480294578124999 0.5843069765625 0.8431472875000001 0.5916325578125 0.8158030999999999 0.5945627906250001 0.807013953125 0.6048162796875001 0.7933426359375 0.7278627906249999 0.8089674421874999 0.8391906984374999 0.82947596875 0.8640930234375 0.848389146875 0.8697674421875 0.8608558140625 0.8697674421875 0.8724449609375 0.8670232562500001 0.87537364375 0.853839534375 0.867561240625 0.82747209375 0.869514728125 0.6575511625 0.8636558140625 0.525713953125 0.869514728125 0.34407441875 0.8958821703125001 0.3015930234375 0.9505689921875 0.2693674421875 1 0.2562813953125 1 0.1669953484375
4 0.01102325625 0 0.0080961234375 0.4084325578125 0.045396900000000004 0.4186046515625 0.051065115625000004 0.4186046515625 0.051065115625000004 0.176986046875 0.09696279062499999 0.17845116249999998 0.0940325578125 0.1183930234375 0.112587596875 0.1110674421875 0.1147286828125 0.10357441875 0.1147286828125 0.0993302328125 0.06194418593749999 0 0.01102325625 0
4 1 0.626013953125 0.9993550390625 0.2613046515625 0.9358790703125001 0.289137209375 0.9612697671875001 0.3096441859375 0.9632217046875 0.4649186046875 0.98177674375 0.46638139531249995 0.9905658921875 0.4824953484375 0.9837302328125 0.49567907031249997 0.96517519375 0.4971441859375 0.9612697671875001 0.5323 0.9593162796874999 0.798902325 0.9622449609375 0.8208744187500001 0.96280155 0.8209302328125 0.9806527125000001 0.8209302328125 1 0.81367441875 1 0.626013953125
4 0.7184527125 0.8302325578125 0.7276542640625 0.8291697671874999 0.7286310078125 0.8189162796874999 0.7043782953125 0.8 0.7042046515625 0.8 0.70132558125 0.8302325578125 0.7184527125 0.8302325578125
4 0.7272062015625 0.7767441859375 0.7286821703124999 0.7760069765625001 0.7286821703124999 0.70662325625 0.71760155 0.6976744187499999 0.7175038765624999 0.6976744187499999 0.70312713125 0.7767441859375 0.7272062015625 0.7767441859375
4 0.702465115625 0.597737209375 0.7014930234375 0.660465115625 0.7177209296875 0.660465115625 0.7302325578125 0.655102325 0.7302325578125 0.6158 0.7200434109375 0.597737209375 0.702465115625 0.597737209375
4 0.6868217046875 0.6639488375 0.6868217046875 0.5972813953125 0.6275906984375 0.592911628125 0.6285674421875 0.6207441859375 0.671536434375 0.63832325625 0.6868217046875 0.6639488375
4 0.754502325 0.9464790703125001 0.7418077515625 0.9362255812500001 0.7398542640625 0.865911628125 0.7252062015625 0.8322209296875 0.7095813953125 0.8351511625000001 0.698838759375 0.865911628125 0.6802837203125 0.8790953484375 0.67540155 0.865911628125 0.6773550390625 0.833686046875 0.6646589140625 0.8087837203125 0.6588 0.8087837203125 0.6461038765625 0.8248976750000001 0.6441519375 0.874702325 0.637314728125 0.8908139531250001 0.6324325578125001 0.87177209375 0.634386046875 0.833686046875 0.6246201546875 0.8395441859374999 0.620713178125 0.8014581390625001 0.6109488375 0.7985302328125 0.605088371875 0.833686046875 0.5982527125 0.8380790703125 0.59727596875 0.81317674375 0.5855581390625 0.7926697671875 0.5933705421875 0.7692325578125 0.5640728687500001 0.725286046875 0.5621193796874999 0.6081000000000001 0.492784496875 0.5890558140625 0.480088371875 0.602239534375 0.4732527125 0.656439534375 0.4664170546875 0.646186046875 0.4615333328125 0.60077441875 0.4537209296875 0.6271418609375 0.4459085265625 0.5978465109375 0.43809612343750004 0.606634884375 0.43028372031249995 0.5890558140625 0.4146589140625 0.591986046875 0.40782325625000004 0.6081000000000001 0.40586976718749995 0.6520441859375 0.39903410781250004 0.6535093015625 0.3804790703125 0.5993116281249999 0.3746201546875 0.5963813953125 0.37266666718749997 0.8278255812499999 0.37852558125 0.8395441859374999 0.340440309375 0.8615186046875 0.2798930234375 0.876165115625 0.2711038765625 0.9567325578125001 0.25157364375 0.9948186046874999 0.9808 0.99767441875 0.9984496125 0.99767441875 0.9984496125 0.8205441859375 0.8892682171875 0.843939534375 0.8824325578125001 0.848334884375 0.884386046875 0.874702325 0.8677844968749999 0.88202558125 0.8462992249999999 0.8849558140625 0.8111441859375 0.8615186046875 0.8179798453125 0.9098581390625 0.8130961234375 0.920111628125 0.8023550390624999 0.9127860468750001 0.7935658921875001 0.8673767437500001 0.7896589140625 0.8732372093749999 0.7584093015625 0.8673767437500001 0.754502325 0.9464790703125001
4 0.5875969000000001 0.3485697671875 0.3726093015625 0.32668372031250004 0.375537984375 0.416039534375 0.5562031000000001 0.4292209296875 0.564015503125 0.423362790625 0.564015503125 0.37941627968749997 0.5875969000000001 0.3497046515625 0.5875969000000001 0.3485697671875
4 0.392440309375 0.5325581390624999 0.40303255781249997 0.5325581390624999 0.40919845 0.515386046875 0.43100775156250004 0.513962790625 0.43100775156250004 0.42011860468749995 0.3759953484375 0.41577674375000007 0.37364341093750003 0.45457209374999996 0.37364341093750003 0.4649837203125 0.388689921875 0.48755348906249996 0.392440309375 0.5325581390624999
4 0.46821705468749997 0.5348837203125 0.46821705468749997 0.42604651093749996 0.440438759375 0.424611628125 0.4341085265625 0.4313930234375 0.4341085265625 0.5112441859375 0.44434573593750004 0.5154302328125 0.4517550390625 0.5348837203125 0.46821705468749997 0.5348837203125
