4 0.5917969000000001 0.11865348906249999 0.8417969 0.001465115625 0.1132806203125 0.001465115625 0.49902325625 0.102539534375 0.5917969000000001 0.11865348906249999
4 1 0.001465115625 0.8544914734375 0 0.59277364375 0.1230465109375 0.170897675 0.014648837500000001 0.0986325578125 0 0 0.001465115625 0.00097674375 0.070311628125 0.295897675 0.0966790703125 0.34472713125 0.117188371875 0.5166015500000001 0.15234418593750002 0.51562480625 0.5581046515625 0.5205085265625 0.5712883718749999 0.5312496125 0.5727534890625 0.539062015625 0.5668953484375 0.54492248125 0.5083 0.5498046515625 0.17871162812500002 0.65527286875 0.1757813953125 0.6748046515625 0.158202325 0.8232418609375 0.1142581390625 0.8544914734375 0.1142581390625 0.8603519374999999 0.10546976718750001 0.9091798453125 0.0908209296875 0.9521488375 0.0937511625 0.9501953484375001 0.08496046562500001 0.9638666671875 0.079102325 0.96972713125 0.079102325 0.9755860468750001 0.0966790703125 0.9833984499999999 0.0937511625 0.98437519375 0.0834953484375 1 0.06884651093750001 1 0.001465115625
4 0 0.94482325625 0.0039069765625 0.94482325625 0.037110078125 0.8247069765624999 0.085937984375 0.6928720937499999 0.087889921875 0.6694325578125 0.1533209296875 0.6503906984375 0.166015503125 0.640137209375 0.1679689921875 0.6254883718750001 0.13476589218749999 0.39111395312499997 0.1367193796875 0.36767674375000003 0.16015658906250002 0.3471674421875 0.1425782953125 0.1596674421875 0.1230465109375 0.10400465156250001 0.10058604687499999 0.0820302328125 0 0.0747069765625 0.00097674375 0.131834884375 0.028320929687500003 0.1435558140625 0.038085271875 0.108397675 0.06152403125 0.11132790625 0.070313178125 0.1333 0.068359690625 0.156737209375 0.0478511625 0.1845697671875 0.0341798453125 0.1845697671875 0.022460465625000002 0.1669930234375 0 0.171386046875 0 0.94482325625
4 0.40527286875 0.25195348906250004 0.399413953125 0.2460930234375 0.3925782953125 0.2622069765625 0.3945317828125 0.3002930234375 0.4082031 0.3090813953125 0.3964837203125 0.326660465625 0.3964837203125 0.3471674421875 0.4013674421875 0.375 0.43554728750000005 0.37646511562499996 0.437500775 0.282713953125 0.43359379843749996 0.23876976718749998 0.4267581390625 0.23437441875 0.40527286875 0.25195348906250004
4 0.31152403125 0.2285162796875 0.3876945734375 0.2373046515625 0.3955085265625 0.2460930234375 0.40527286875 0.1904302328125 0.1425782953125 0.162597675 0.16015658906250002 0.344237209375 0.1835937984375 0.35302790625 0.179686821875 0.3852534890625 0.1894527125 0.48193255781250005 0.19628837187499998 0.50097674375 0.212889921875 0.49951162812499994 0.2207038765625 0.49365348906250006 0.22265581406249998 0.4790046515625 0.197265115625 0.23290930156249998 0.31152403125 0.2285162796875
4 0.45214883749999996 0.2021488375 0.4423829453125 0.21972558125 0.4189457359375 0.225586046875 0.41113333281250003 0.24902325625000002 0.3925782953125 0.24169999999999997 0.398437209375 0.3852534890625 0.4404294578125 0.380860465625 0.443359690625 0.43212790625 0.4482418609375 0.4423837203125 0.4570310078125 0.4409186046875 0.5107426359375 0.42773488437499996 0.51562480625 0.41748139531249995 0.5146480625 0.2050790703125 0.45214883749999996 0.2021488375
4 0.197265115625 0.35302790625 0.20507751875000002 0.38232325624999997 0.197265115625 0.399902325 0.1992186046875 0.41162092968749997 0.1923829453125 0.41601627968750005 0.1914062015625 0.39697209375 0.1855472875 0.39697209375 0.1894527125 0.4790046515625 0.1992186046875 0.4965813953125 0.2207038765625 0.48779302343750003 0.20410232499999997 0.319334884375 0.1992186046875 0.32080000000000003 0.197265115625 0.35302790625
4 0.1835937984375 0.3295906984375 0.1757813953125 0.32080000000000003 0.1757813953125 0.3090813953125 0.20312558125 0.3061534890625 0.2001953484375 0.2285162796875 0.31152403125 0.2285162796875 0.3955085265625 0.243165115625 0.398437209375 0.22412092968750003 0.41113333281250003 0.21679767499999997 0.416015503125 0.235839534375 0.4101565890625 0.2534186046875 0.4189457359375 0.2548837203125 0.4404294578125 0.23437441875 0.445313178125 0.218262790625 0.43847596875 0.21679767499999997 0.428711628125 0.193360465625 0.413085271875 0.1875 0.1455085265625 0.158202325 0.1445317828125 0.1918953484375 0.162110078125 0.344237209375 0.193359690625 0.35888604687500003 0.187500775 0.3354488375 0.1914062015625 0.31787209375000003 0.18066356562500002 0.336913953125 0.1835937984375 0.3295906984375
4 0.31152403125 0.1230465109375 0.2451178296875 0.11132790625 0.2353519375 0.0996093015625 0.18847596875 0.0908209296875 0.12695348906249998 0.08935581406250001 0.1425782953125 0.13037209375 0.1445317828125 0.1538093015625 0.1513674421875 0.158202325 0.4345705421875 0.1875 0.47167907031249995 0.2021488375 0.5136713171875 0.20068372031249998 0.5175782953125 0.16552790625 0.506835659375 0.15234418593750002 0.352539534375 0.12011627968750001 0.31152403125 0.1230465109375
4 0.6689457359375 0.618165115625 0.6513674421875 0.62402325625 0.6298821703125 0.60937441875 0.545897675 0.6123046515625 0.538085271875 0.5800790703125001 0.522460465625 0.5800790703125001 0.5117193796875 0.5668953484375 0.5136713171875 0.4409186046875 0.508789146875 0.43359302343749995 0.3935550390625 0.4687511625 0.274413953125 0.4892581390625 0.23339845 0.506834884375 0.2021488375 0.506834884375 0.197265115625 0.5141604656250001 0.2021488375 0.53027441875 0.225586046875 0.5185558140625 0.23632868281250002 0.5229488375 0.2441410859375 0.5610348843749999 0.2441410859375 0.6108395343749999 0.1826170546875 0.6298837203125001 0.1689457359375 0.6503906984375 0.10546821718749999 0.67822325625 0.052734884375 0.8452139531249999 0.060547287500000005 0.8686534890625 0.0292961234375 0.9917 0.0341798453125 0.9990232562499999 0.9042961234375 0.9975581390625001 0.9101565890625001 0.9946279062500001 0.9101565890625001 0.8159186046875 0.9033209296875 0.79687441875 0.6689457359375 0.618165115625
4 0.8564449609375 0.59472558125 0.8496093015625 0.6225581390625 0.8369147281249999 0.632811628125 0.6601565890625001 0.5346674421875 0.6601565890625001 0.5815418609375 0.670897675 0.618165115625 0.9101565890625001 0.7954093015625 0.9433596906249999 0.6137697671875 0.9404294578125001 0.6064441859375 0.8759767437500001 0.5800790703125001 0.8564449609375 0.59472558125
4 0.2695317828125 0.45556744218749995 0.2773441859375 0.48779302343750003 0.352539534375 0.47167907031249995 0.351562790625 0.42626976718750004 0.272460465625 0.42773488437499996 0.2695317828125 0.45556744218749995
4 1 0.8715813953125 0.96972713125 0.8525395343750001 0.9316403093750001 0.9975581390625001 1 0.9975581390625001 1 0.8715813953125
