4 0.2711581390625 0.9916418609375001 0.326437209375 0.9930232562500001 0.3893782953125 0.9930232562500001 0.3953488375 0.9840674421875001 0.3953488375 0.45362092968749995 0.390299225 0.2592186046875 0.3795565890625 0.3163488375 0.29752558125 0.292911628125 0.2926434109375 0.2826558140625 0.2926434109375 0.18597674375 0.2994790703125 0.16693488437499998 0.373697675 0.2020906984375 0.384440309375 0.21527441875000003 0.390299225 0.238711628125 0.39420620156249997 0.0101953484375 0.38932248125 0.00287209375 0.274088371875 0.00287209375 0.26920620156249997 0.018986046875000002 0.2711581390625 0.9916418609375001
4 0.1123178296875 0 0.10163720937500001 0.0101953484375 0.0996837203125 0.9213279062499999 0.116285271875 0.94037209375 0.17292558125 0.91107441875 0.21167286875000002 0.9953488374999999 0.2607906984375 0.9953488374999999 0.2696062015625 0.9945720937500001 0.2676527125 0.300234884375 0.26472248125000003 0.2811930234375 0.259840309375 0.3295325578125 0.26179224843750004 0.46136744218750003 0.2471441859375 0.46869302343749997 0.1690201546875 0.46869302343749997 0.1621829453125 0.1537511625 0.23640310000000003 0.018986046875000002 0.24909767500000002 0.014590698437499999 0.257886821875 0.0453511625 0.2627689921875 0.24017674375000003 0.2676527125 0.22992325624999999 0.2696062015625 0.0101953484375 0.237561240625 0 0.1123178296875 0
4 0 0.86237209375 0.000613953125 0.99767441875 0.08239224843750001 0.99767441875 0.20620154999999998 0.9967953484375001 0.20620154999999998 0.9957069765625001 0.170537984375 0.9132953484374999 0.1119441859375 0.9455209296874999 0.093389146875 0.9264790703125 0.092412403125 0.752162790625 0 0.7828046515625 0 0.86237209375
4 0.456688371875 0.7163860468750001 0.4605953484375 0.6841581390625 0.45180620156250006 0.67097674375 0.4361813953125 0.67097674375 0.43129922499999995 0.6783 0.43129922499999995 0.7163860468750001 0.43911162812500004 0.7222441859375001 0.42934573593750003 0.7368930234375 0.42934573593750003 0.9624790703125001 0.41762635625 0.9800581390625001 0.4195798453125 0.9888465109375 0.4283689921875 0.9991 0.5922480625000001 0.9976465109375001 0.5922480625000001 0.9541441859375001 0.589502325 0.8511511625000001 0.5922480625000001 0.812013953125 0.5922480625000001 0.7941837203125 0.5777829453125001 0.7779093015625 0.5777829453125001 0.7427534890625 0.5416496125 0.7237093015625 0.5387209296875 0.75447209375 0.5299317828125 0.758865115625 0.5221193796875 0.77937441875 0.5152821703125 0.7632604656249999 0.5104 0.7061325578125001 0.4850093015625 0.6914837203124999 0.48207907031249997 0.7222441859375001 0.46938449687499995 0.7266395343750001 0.4684077515625 0.7456837203125 0.46157209374999997 0.7471465109375 0.456688371875 0.7163860468750001
4 0.4683472875 0.45182325624999997 0.48592558124999996 0.460611628125 0.49569147343750003 0.5279953484375 0.510339534375 0.5206697671875 0.51699845 0.553488371875 0.5174465109375 0.553488371875 0.524010853125 0.532388371875 0.561240309375 0.510911628125 0.561240309375 0.502060465625 0.5581906984375 0.47233023281250003 0.54842480625 0.46647209375000004 0.5523317828125001 0.45475116250000003 0.5308465109375 0.44010465156249995 0.5308465109375 0.384439534375 0.5503782953125 0.37565116249999997 0.5445193796875001 0.337565115625 0.5122930234374999 0.3214511625 0.4361209296875 0.344888371875 0.4331906984375 0.3727209296875 0.43807441875 0.3859046515625 0.447838759375 0.3771162796875 0.4663937984375 0.3785813953125 0.4683472875 0.45182325624999997
4 0.4408093015625 0.3372093015625 0.5162790703125 0.3237325578125 0.5162790703125 0.3211046515625 0.49315348906249995 0.2780930234375 0.44432558125000005 0.25465581406250004 0.4326062015625 0.2400069765625 0.42967751875 0.3117837203125 0.43532713125000005 0.3372093015625 0.4408093015625 0.3372093015625
4 0.5873767437499999 0.2292209296875 0.590697675 0.06735116249999999 0.590697675 0.037560465625 0.5864 0.028537209375 0.453587596875 0.1193581390625 0.42526821718749996 0.147188371875 0.43112713124999996 0.2350790703125 0.49506046562500006 0.260465115625 0.4977085265625 0.260465115625 0.5053457359375 0.21750232500000002 0.5365953484375 0.19113488437499998 0.5375720937499999 0.16037209375 0.546361240625 0.1647674421875 0.545384496875 0.1896697671875 0.5649162796875 0.20138837187499997 0.5824945734375 0.2336162796875 0.5873767437499999 0.2292209296875
4 1 0.8129023249999999 0.9150790703125 0.7821534890625 0.9101953484375 0.906665115625 0.9121488375 0.9242441859375001 0.92972713125 0.9388930234374999 0.92972713125 0.965260465625 0.9170310078125 0.9667232562500001 0.914102325 0.9769790703125001 0.9334186046875 0.99767441875 0.9916248062499999 0.99767441875 1 0.997486046875 1 0.8129023249999999
4 0.9984496125 0.0049372093749999995 0.8035271312500001 0.0034837203125 0.8025503875 0.0254558140625 0.8335844968749999 0.17674418593750002 0.852460465625 0.17674418593750002 0.996886821875 0.1265302328125 0.9984496125 0.0616837203125 0.9984496125 0.0049372093749999995
4 1 0.1270488375 0.833210853125 0.18118372031250002 0.7990310078125 0.0068674421875 0.7277426359375 0.005402325 0.757038759375 0.011260465625 0.76582790625 0.04202325625 0.8009844968750001 0.10647674375 0.7970790703125 0.2588186046875 0.8007085265624999 0.2860465109375 0.8013131781249999 0.2860465109375 0.8058682171875 0.25735581406249997 0.8283286828125 0.2558906984375 0.8312589140625001 0.2075511625 0.9933674421875001 0.16360465156249998 1 0.1593418609375 1 0.1270488375
4 1 0.46845116249999996 0.9991131781249999 0.4271930234375 0.873136434375 0.4345162796875 0.8760651156250001 0.4916465109375 0.8916914734375 0.4828558140625 0.8975503874999999 0.4682093015625 0.9034093015625 0.4887162796875 0.9180573640624999 0.493111628125 0.9180573640624999 0.5165488375 0.9248945734375 0.518013953125 0.92977674375 0.5106883718749999 0.9200108531250001 0.47553255781250003 0.94442480625 0.471137209375 0.9415488375000001 0.5186046515625 0.9701720937499999 0.5186046515625 0.982511628125 0.5165488375 0.9805581390624999 0.4813930234375 0.9854403093749999 0.4682093015625 1 0.47257674375000003 1 0.46845116249999996
4 0.53032558125 0.4859813953125 0.524465115625 0.48012325625 0.523488371875 0.49037674375 0.53227751875 0.488911628125 0.539114728125 0.499165115625 0.521536434375 0.5108837203125 0.53032558125 0.5152790703125001 0.53227751875 0.5269976749999999 0.553762790625 0.5269976749999999 0.5744806203125 0.541860465625 0.577334884375 0.541860465625 0.5918480625 0.5255325578125001 0.5918480625 0.335102325 0.5879426359375 0.308734884375 0.5772 0.30434186093750004 0.5576682171875 0.3277790703125 0.5332542640625 0.33803255781249997 0.54692713125 0.3468209296875 0.531300775 0.3644 0.531300775 0.37904883749999996 0.5586449609375 0.3819790703125 0.5586449609375 0.44057209375 0.5293488375 0.449360465625 0.5352077515625 0.472797675 0.53032558125 0.4859813953125
