4 0.323486821875 0.7560255812500001 0.3627906984375 0.7373325578125 0.3627906984375 0.5995674421875 0.3596201546875 0.0074906984375 0.354737984375 0.0001674421875 0.0002449609375 0.0016325578125 0.0002449609375 0.8302325578125 0.006293023437500001 0.8302325578125 0.323486821875 0.7560255812500001
4 0.381415503125 0 0.3804449609375 0.0946790703125 0.4108527125 0.12318837187500001 0.4108527125 0.0734697671875 0.40974108593749997 0.006788371875 0.40702635625 0 0.381415503125 0
4 0.4083069765625 0.1558325578125 0.381939534375 0.1309302328125 0.38291627968749997 0.586497675 0.390710078125 0.7209302328125 0.3908465109375 0.7209302328125 0.4083069765625 0.6714581390625 0.42002635625 0.31110697656249997 0.41026046562499996 0.3023186046875 0.4141658921875 0.1939186046875 0.4083069765625 0.1558325578125
4 0.42292248125 0 0.4238682171875 0.015586046875 0.43753953437500004 0.030232557812499998 0.43949302343749996 0.047811628125 0.42191472812499997 0.033162790625 0.41800775156250003 0.13277209375000001 0.4316806203125 0.21187441875 0.41605426406249996 0.6864837203125 0.4541410859375 0.6967372093749999 0.46488372031249997 0.7128511625 0.4502341078125 0.7377534890625 0.42093798437499996 0.7318930234375001 0.419961240625 0.750937209375 0.4815302328125 0.8 0.4824945734375 0.8 0.48636744218750005 0.7157813953125001 0.48050852656250004 0.027304651562499997 0.49222635625000005 0.018513953125 0.49417984531250003 0.0038674421874999995 0.43145891406250003 0 0.42292248125 0
4 0.709300775 0.5056441859375 0.7034418609374999 0.517362790625 0.7268790703125 0.52322325625 0.7302325578125 0.43519069843749997 0.7302325578125 0.4187488375 0.7278558140625 0.41043023281249996 0.70832403125 0.41043023281249996 0.701488371875 0.42068372031249995 0.701488371875 0.4822069765625 0.709300775 0.5056441859375
4 0.742536434375 0.15692790625 0.742536434375 0.56122325625 0.75327751875 0.5656186046875 0.759137984375 0.5861255812499999 0.7776914734375 0.5905209296875 0.758161240625 0.6051697671875 0.758161240625 0.6286069765625 0.85642325625 0.648837209375 0.857810853125 0.648837209375 0.86167596875 0.6227465109375 0.8558170546874999 0.602239534375 0.8841379843749999 0.5978441859375 0.8890201546875 0.5729418609375 0.88992248125 0.3428325578125 0.88992248125 0.0753325578125 0.774762790625 0.123234884375 0.7005441859375 0.0822209296875 0.7015193796875 0.133488371875 0.7161689921875001 0.1203046515625 0.7230046515625 0.1247 0.72007441875 0.14667209375 0.7083565890625 0.1378837203125 0.6995674421875 0.1422790703125 0.6995674421875 0.364934884375 0.7044496125 0.37811860468749997 0.7308170546875 0.3795837203125 0.728863565625 0.148137209375 0.7396062015625 0.14667209375 0.742536434375 0.15692790625
4 0.9110806203124999 0.6734953484374999 0.9549333328125 0.6790697671875 0.971364340625 0.6790697671875 0.9984496125 0.6612953484374999 0.9984496125 0.020411628125 0.8925271312499999 0.068513953125 0.8944790703125 0.3439046515625 0.8866666671875001 0.645662790625 0.8915503875 0.6588465109375 0.9110806203124999 0.6734953484374999
4 0.5425178296875 0.7723441859375 0.5327519374999999 0.7459790703125 0.5327519374999999 0.6844534890625 0.539587596875 0.6712720937500001 0.56400155 0.6610162796875 0.5659550390625 0.5672674421874999 0.5581426359375 0.5496883718750001 0.5581426359375 0.4823069765625 0.5669317828125 0.4720511625 0.584510078125 0.4749813953125 0.593299225 0.4676581390625 0.586463565625 0.3870906984375 0.6470093015625 0.369513953125 0.6938852718749999 0.3724418609375 0.69612403125 0.3668441859375 0.69612403125 0.3135441859375 0.6919317828125 0.00037209375 0.49564186093749996 0.0018372093749999998 0.4878294578125 0.0604302328125 0.48587751875 0.19812558125 0.4878294578125 0.7723441859375 0.48978294531250005 0.8104302328124999 0.4995488375 0.8280093015625001 0.5034558140625001 0.8573069765625 0.5054077515625 0.9803534890625001 0.5154046515624999 0.9953488374999999 0.5317953484375 0.9953488374999999 0.5366589140625 0.995002325 0.5425178296875 0.9832837203125001 0.5425178296875 0.7723441859375
4 0.64597364375 0.4765209296875 0.6635519375000001 0.4765209296875 0.6645286828125 0.51607209375 0.6830992250000001 0.5186046515625 0.6860201546875 0.5186046515625 0.6868217046875 0.4765581390625 0.6868217046875 0.4164953484375 0.6342558140625 0.41792790625 0.6332790703125 0.5131418609375 0.6430449609375 0.51607209375 0.64597364375 0.4765209296875
4 0.593389146875 0.4845790703125 0.591437209375 0.5138744187500001 0.58557674375 0.5168046515625 0.59277674375 0.5186046515625 0.6000573640625 0.5186046515625 0.6187798453125 0.5109465109375 0.61487441875 0.496297675 0.6201550390625 0.43292558124999997 0.6201550390625 0.42550232499999996 0.6119441859375 0.41866046562500003 0.591437209375 0.42012558125000005 0.593389146875 0.4845790703125
4 1 0.0010581390625 0.6956821703125 0.0010581390625 0.700564340625 0.075765115625 0.7760046515625 0.1162790703125 0.7840310078125 0.1162790703125 0.9974403093750001 0.020102324999999997 1 0.003460465625 1 0.0010581390625
