4 0.9782945734374999 0.0006488375 0.000110078125 0.0006488375 0.001086821875 0.025551162500000002 0.503040309375 0.3243813953125 0.5204914734375 0.3348837203125 0.52442480625 0.3348837203125 0.5395906984375001 0.33071860468750003 0.549810853125 0.32703720937499997 0.5521550390625001 0.32192325624999996 0.55479845 0.3229162796875 0.9034310078125 0.23356046562500002 0.9200325578124999 0.1998697671875 0.9649550390625 0.06217441875 0.9782945734374999 0.0021418609375 0.9782945734374999 0.0006488375
4 0.5469860468750001 0.319986046875 0.5521550390625001 0.32192325624999996 0.5544682171875001 0.3168790703125 0.5655054265625 0.2978558140625 0.5692790703124999 0.28677674375 0.5666961234375 0.24877441875 0.558813953125 0.2318674421875 0.556463565625 0.2318790703125 0.5434697671875 0.2562209296875 0.5482837203125001 0.266911628125 0.5411038765625 0.286011628125 0.5290077515625 0.290902325 0.549914728125 0.306802325 0.5469860468750001 0.319986046875
4 0.52967441875 0.12002325625000002 0.5289426359375 0.131586046875 0.511339534375 0.148386046875 0.5118294578125 0.2320953484375 0.556463565625 0.2318790703125 0.57042325625 0.20572790625 0.5699550390625 0.19890465156249998 0.5665162796875001 0.18522092968749998 0.5567519375 0.14127441875 0.5564 0.1414465109375 0.54762480625 0.1309930234375 0.551739534375 0.101386046875 0.547689921875 0.08203255781249999 0.536612403125 0.0769511625 0.522862015625 0.084086046875 0.52072403125 0.10091162812500001 0.52967441875 0.12002325625000002
4 0.4545178296875 0.448837209375 0.463010853125 0.448837209375 0.46666666718750005 0.38029999999999997 0.46666666718750005 0.37642790625 0.46002635625000005 0.369313953125 0.1514325578125 0.24626744218750002 0.0011038765625 0.1953488375 0.0000666671875 0.1953488375 0.0010418609375 0.378102325 0.340885271875 0.43376744218749996 0.3535813953125 0.42937209374999996 0.3506511625 0.416188371875 0.264713178125 0.4074 0.25787751875 0.40007441874999994 0.25787751875 0.37370697656249996 0.27252558125 0.369313953125 0.34869767500000004 0.38982092968750004 0.3526046515625 0.4132581390625 0.36041705468749996 0.40446976718750005 0.37701860468750004 0.41179302343749996 0.3799472875 0.43962558124999995 0.4545178296875 0.448837209375
4 0.9987782953125001 0 0.98437519375 0.0043209296875 0.9033209296875 0.2460209296875 0.7685550390625 0.272388371875 0.5263674421875 0.3397697671875 0 0.030688371875 0.00097674375 0.1903558140625 0.5126945734375 0.39250465156250003 0.90722635625 0.3221930234375 0.9101565890625001 0.716234884375 0.9326170546875 0.773362790625 0.937500775 0.7719 0.9384759687500001 0.7499255812500001 0.945313178125 0.7543209296875 0.9462883718749999 0.773362790625 0.9560542640625 0.746997675 0.9707038765625 0.7543209296875 0.9687503875000001 0.7924069765625 0.9570310078125001 0.8011953484375001 0.962889921875 0.81877441875 0.9550775187499999 0.8275627906249999 0.96777364375 0.84367674375 0.9687503875000001 0.8275627906249999 0.962889921875 0.8275627906249999 0.96972713125 0.8114488375000001 0.9726558140625 0.8158441859375 0.9785162796875 0.8363511625 0.9687503875000001 0.8451418609375001 0.9687503875000001 0.8597906984374999 0.995111628125 0.9162790703124999 0.996159690625 0.9162790703124999 1 0.7924069765625 0.9892573640625001 0.7909418609375 0.9892573640625001 0.802660465625 0.98437519375 0.795337209375 0.9863286828125 0.7689697671875 1 0.7719 1 0.6986558140625 0.9873054265625001 0.7001209296875001 0.98437519375 0.6840093015625001 1 0.6781488375 0.9990232562499999 0 0.9987782953125001 0
4 0.7159333328125 0.6680930234375 0.7217937984375 0.6856697671875 0.75792558125 0.6929953484375 0.7569488375 0.351686046875 0.5557782953125 0.3868418609375 0.52159845 0.40002558125 0.529410853125 0.4586209296875 0.52159845 0.4644790703125 0.52159845 0.476197675 0.5333162796875001 0.47912790625 0.5323395343749999 0.4893813953125 0.52159845 0.49084651093750004 0.52452713125 0.6446558140625 0.58507441875 0.65637441875 0.592886821875 0.5655534890625 0.6924961234375 0.5743418609375001 0.701285271875 0.5845953484375 0.701285271875 0.657839534375 0.7159333328125 0.6680930234375
4 0 0.7865139531249999 0.003189146875 0.8554093015625 0.00412248125 0.8544674421874999 0.0035178296875 0.8767441859374999 0.009010853125 0.8767441859374999 0.46177829531250003 0.6737046515625 0.4635658921875 0.5422790703125 0.4635658921875 0.456660465625 0.45982480625 0.4510488375 0.39927751875 0.442260465625 0.3836527125 0.442260465625 0.3777937984375 0.4569093015625 0.3563085265625 0.4569093015625 0.3445906984375 0.43347209375 0.000840309375 0.380737209375 0 0.7273534890625 0 0.7865139531249999
4 0.0397829453125 0.8288627906249999 0.0403472875 0.8127302328124999 0.0048930234375 0.8260418609375 0.00412248125 0.8544674421874999 0.021175193749999998 0.8372534890625 0.0397829453125 0.8288627906249999
4 0.0403472875 0.8127302328124999 0.094240309375 0.7924930234375 0.092637209375 0.7586674421875 0.0798713171875 0.7575790703124999 0.063438759375 0.7646953484375001 0.0419085265625 0.7680813953125 0.0403472875 0.8127302328124999
4 0.094240309375 0.7924930234375 0.0942558140625 0.7928209296875 0.0903302328125 0.8158674421875001 0.0972217046875 0.79137209375 0.094240309375 0.7924930234375
4 0.9064217046874999 0.75972790625 0.8956790703124999 0.7465441859374999 0.5284914734374999 0.664511628125 0.477710078125 0.6820906984375 0.0001705421875 0.923788371875 0.0001705421875 0.9941023250000001 0.007316279687500001 0.99767441875 0.5597286828125 0.99767441875 0.9904062015624999 0.9970325578124999 0.9937984500000001 0.9868534890625 0.9937984500000001 0.98412558125 0.9474372093750001 0.876913953125 0.9064217046874999 0.75972790625
