4 0.10351627968749999 0.780762790625 0.10351627968749999 0.49951162812499994 0.10839845 0.49218837187500003 0.1298821703125 0.49218837187500003 0.132812403125 0.5346674421875 0.14160155000000002 0.5361325578125 0.4814449609375 0.158202325 0.48828062031249997 0.1479488375 0.48828062031249997 0.0747069765625 0.47949147343750004 0.07617209375 0.4726558140625 0.0512697671875 0.47949147343750004 0.043944185937500005 0.48828062031249997 0.057127906250000006 0.48535193750000005 0 0 0.001465115625 0.0019534890625 0.8920906984375 0.0957038765625 0.8569325578125 0.0976558140625 0.812988371875 0.087889921875 0.8188465109375 0.10351627968749999 0.780762790625
4 0.49902325625 0 0.5 0.24169999999999997 0.5029302328125 0.25781162812499997 0.5175782953125 0.2563465109375 0.538085271875 0.2373046515625 0.540038759375 0.243165115625 0.5712883718749999 0.2314441859375 0.59277364375 0.21386744218749998 0.618164340625 0.20800697656249997 0.7158201546875 0.15527441875 0.725586046875 0.149413953125 0.7236325578125 0.1435558140625 0.7646480625 0.1289069765625 0.7685550390625 0.117188371875 0.790038759375 0.117188371875 0.8173829453125 0.0937511625 0.8271488375 0.0966790703125 0.9326170546875 0.043944185937500005 0.9521488375 0.0263674421875 0.9775395343750001 0.0205069765625 0.9863286828125 0.00732325625 0.9794914734375 0 0.49902325625 0
4 0.5361333328125 0.3164069765625 0.5097658921875 0.344237209375 0.5107426359375 0.3544930234375 0.5332030999999999 0.35302790625 0.9990232562499999 0.21679767499999997 1 0.11572325624999999 0.5439457359375 0.295897675 0.5361333328125 0.3164069765625
4 0.5419922484375 0.2929697671875 0.5546868218750001 0.2915046515625 0.9970697671875 0.1142581390625 1 0.0131837203125 0.507812403125 0.2680674421875 0.5419922484375 0.2929697671875
4 0.7705085265625 0.5830069765625 0.78027286875 0.6064441859375 0.7832030999999999 0.6020511625 0.7832030999999999 0.3471674421875 0.7783209296875 0.32812558125 0.772460465625 0.3398441859375 0.7607426359375 0.3310558140625 0.7451178296875 0.34277441875000003 0.742187596875 0.3618162796875 0.7304682171875 0.3706046515625 0.7353519375 0.3896488375 0.7695317828125 0.3940418609375 0.7695317828125 0.4409186046875 0.756835659375 0.45410232500000003 0.569336434375 0.46289069843749997 0.5664062015625 0.423339534375 0.5712883718749999 0.413086046875 0.6113286828125 0.4028325578125 0.56347596875 0.398437209375 0.556640309375 0.37646511562499996 0.552734884375 0.5756837203125 0.5654294578125 0.600586046875 0.586914728125 0.6123046515625 0.617187596875 0.6108395343749999 0.65722635625 0.6035162796875 0.6689457359375 0.5625 0.758789146875 0.5771488375 0.7705085265625 0.5830069765625
4 0.3535162796875 0.6254883718750001 0.352539534375 0.5976558140625 0.2714837203125 0.719237209375 0.2998046515625 0.726562790625 0.306640309375 0.7397465109375 0.30468682187499996 0.7573232562500001 0.312500775 0.7631837203125 0.3408201546875 0.7529302328125 0.3457038765625 0.7426767437499999 0.3437503875 0.640137209375 0.3535162796875 0.6254883718750001
4 0.5058589140625 0.6049813953125 0.5136713171875 0.5961906984375 0.5175782953125 0.5727534890625 0.5136713171875 0.5610348843749999 0.5361333328125 0.556639534375 0.5419922484375 0.5800790703125001 0.552734884375 0.5581046515625 0.5498046515625 0.3544930234375 0.49902325625 0.3603511625 0.3886713171875 0.531737209375 0.43652403125 0.533202325 0.44140620156250004 0.54052790625 0.445313178125 0.6840813953125 0.461914728125 0.6767581390624999 0.4736325578125 0.694334884375 0.4804682171875 0.6928720937499999 0.48828062031249997 0.6811534890625001 0.4902341078125 0.654786046875 0.507812403125 0.640137209375 0.5058589140625 0.6049813953125
4 0.556640309375 0.36767674375000003 0.556640309375 0.399902325 0.56347596875 0.41601627968750005 0.7646480625 0.3896488375 0.7714837203125 0.405762790625 0.7714837203125 0.44384651093749994 0.7792961234375 0.44384651093749994 0.7783209296875 0.290039534375 0.5810542640625 0.34277441875000003 0.56347596875 0.351562790625 0.556640309375 0.36767674375000003
4 0.7792961234375 0.5668953484375 0.7685550390625 0.5712883718749999 0.7636713171875 0.5522465109375 0.76562480625 0.4584953484375 0.616210853125 0.46289069843749997 0.5986325578125 0.46582092968750005 0.5986325578125 0.47460930156250003 0.59472713125 0.46582092968750005 0.579102325 0.47460930156250003 0.5771488375 0.46582092968750005 0.56347596875 0.45996046562500004 0.5703131781249999 0.47314418593749996 0.5703131781249999 0.5053720937499999 0.57812558125 0.5053720937499999 0.568359690625 0.5229488375 0.57812558125 0.531737209375 0.57812558125 0.5610348843749999 0.600586046875 0.5625 0.602539534375 0.568360465625 0.5937503875 0.5698232562500001 0.5966790703125 0.585937209375 0.616210853125 0.5888674421875 0.60937519375 0.5961906984375 0.6308589140625 0.6049813953125 0.65722635625 0.59472558125 0.6689457359375 0.5595697671875 0.7763674421875 0.5742186046875 0.7792961234375 0.5668953484375
4 0.7851565890625001 0.6137697671875 0.789062015625 0.6372069765624999 0.802734884375 0.6518558140625 0.79687441875 0.725097675 0.7832030999999999 0.7631837203125 0.7998046515625 0.7763674421875 0.8925782953124999 0.8071279062500001 0.8867193796875 0.2563465109375 0.881835659375 0.25195348906250004 0.7832030999999999 0.28857441875 0.7851565890625001 0.6137697671875
4 0.9248046515624999 0.4687511625 0.920897675 0.4804697671875 0.9033209296875 0.4804697671875 0.898437209375 0.46435581406250004 0.90722635625 0.4482418609375 0.9257813953125 0.44677674375 0.9257813953125 0.31787209375000003 1 0.297362790625 0.9990232562499999 0.21972558125 0.9189457359375 0.240234884375 0.8886713171875 0.2563465109375 0.8945317828125001 0.7983395343749999 0.9355472875 0.8159186046875 0.9394527125 0.640137209375 0.9316403093750001 0.578613953125 0.9316403093750001 0.49951162812499994 0.9248046515624999 0.4687511625
4 0.086914728125 0.867188371875 0.0478511625 0.884765115625 0.04687441875 0.962402325 0.0214837203125 0.9975581390625001 0.101562790625 0.9975581390625001 0.10937519375 0.9887697671875 0.101562790625 0.9565418609374999 0.0996093015625 0.8715813953125 0.086914728125 0.867188371875
4 1 0.8452139531249999 0.9833984499999999 0.8349604656249999 0.9033209296875 0.8085930234375001 0.881835659375 0.8115232562499999 0.790038759375 0.773437209375 0.7783209296875 0.7851558140625 0.7626945734375 0.755860465625 0.7285162796875 0.766113953125 0.7392573640625 0.779297675 0.7763674421875 0.7910162796875 0.8623054265625001 0.8408209296875 1 0.9008790703124999 1 0.8452139531249999
4 0.28613333281250003 0.8701162796874999 0.54492248125 0.7133790703125 0.4892573640625 0.7148441859375 0.48437519375000004 0.6987302328125 0.47753953437499996 0.697265115625 0.46386666718749997 0.7148441859375 0.4482418609375 0.711913953125 0.445313178125 0.7309581390625 0.43652403125 0.7412116281250001 0.3935550390625 0.755860465625 0.3701178296875 0.773437209375 0.3486325578125 0.755860465625 0.31152403125 0.7675790703125001 0.306640309375 0.77197209375 0.3105472875 0.7924813953125 0.30371162812499997 0.805665115625 0.22949147343749998 0.8437511625 0.2080077515625 0.8349604656249999 0.19433643437499998 0.8466790703125 0.125 0.9506837203125 0.125 0.9946279062500001 0.1298821703125 0.9990232562499999 0.2246093015625 0.9975581390625001 0.2460930234375 0.9536139531250001 0.24218759687500002 0.8920906984375 0.2470697671875 0.881834884375 0.28613333281250003 0.8701162796874999
