4 0.6582033890625001 0.0013568625 0.242186440625 0.0013568625 0.498048021875 0.13963529375 0.6582033890625001 0.0013568625
4 0.5507824859375 0.353839215625 0.5107429375 0.3687490203125 0.512694915625 0.30367843125 0.5478502828125 0.30096470625 0.6162118640625 0.2602941171875 0.62988418125 0.3335019609375 0.6845706218750001 0.263003921875 0.706053671875 0.2602941171875 0.706053671875 0.279274509375 0.6503898312499999 0.32943529374999997 0.648437853125 0.353839215625 0.666991525 0.3579058828125 0.8837881359375 0.292831371875 0.9990225984375 0.2738509796875 1 0.004066667187499999 0.7568361578125 0.008133332812500001 0.5166016953125 0.18166274531249998 0.4052740109375 0.1925098046875 0.398437853125 0.24809411718750002 0.42773446249999997 0.36468235312499997 0.42773446249999997 0.4297568625 0.4550790953125 0.5002509796875 0.4726553671875 0.505674509375 0.49511581875 0.4880509796875 0.520508475 0.49618431406249996 0.5527344624999999 0.45144705937499996 0.5507824859375 0.353839215625
4 0 0.4866941171875 0.09375141249999999 0.505674509375 0.10351694843749999 0.0935450984375 0.0009774015625 0.0027098046875 0 0.2616509796875 0.029296610937500002 0.2833411765625 0 0.3077450984375 0 0.4080666671875 0.035155367187499995 0.36739607812499997 0.0458983046875 0.33079215624999997 0.065429378125 0.3335019609375 0.0683587578125 0.353839215625 0 0.4270431375 0 0.4866941171875
4 0.7382824859375 0.0013568625 0.6572259890625001 0 0.50488418125 0.14370588281250002 0.458008475 0.1301490203125 0.23339830468749997 0 0 0.0013568625 0.0009774015625 0.0189803921875 0.1142570625 0.0976117640625 0.15136723125 0.0976117640625 0.346680790625 0.18166274531249998 0.43164124218750005 0.1884431375 0.5009774015625 0.18166274531249998 0.5634774015625 0.149125490625 0.731446328125 0.0189803921875 0.7382824859375 0.0013568625
4 0.9082033890625001 0.8852705875 0.8232429375000001 0.8188431375 0.78613276875 0.8378235296875 0.7041016953125 0.7917294125 0.6572259890625001 0.807996078125 0.643553671875 0.7727490203125 0.604491525 0.753768628125 0.5927740109374999 0.8052862749999999 0.5634774015625 0.7998627453125 0.5527344624999999 0.782239215625 0.55761581875 0.767325490625 0.5146497171875 0.7890156859374999 0.520508475 0.7619019609375 0.541991525 0.77003529375 0.5644519781249999 0.741568628125 0.5595706218750001 0.7266549015625 0.5224604515625 0.7266549015625 0.497070621875 0.6886941171875 0.47168079062499996 0.694117646875 0.46386723124999996 0.7158078437500001 0.424805084375 0.694117646875 0.4052740109375 0.7185215687500001 0.372070621875 0.721231371875 0.3554689265625 0.7469882359375 0.42773446249999997 0.8391764703125 0.42285028281250003 0.8568 0.4023446328125 0.8554470593750001 0.40625141249999996 0.8988274515624999 0.4697259890625 0.9977960781249999 0.9511723156249999 0.9964392156249999 0.9501949156249999 0.9761019609374999 0.9150395484375 0.9625450984375 0.898437853125 0.9367882359375 0.9082033890625001 0.8852705875
4 0.2617175140625 0.595152940625 0.26562429375 0.5626156859375 0.2412118640625 0.5612588234375 0.2402344625 0.595152940625 0.2617175140625 0.595152940625
4 0.20800847500000003 0.5612588234375 0.1142570625 0.5585490203125001 0.09961016875 0.5734588234375 0.10058474531249999 0.607352940625 0.166991525 0.5992196078124999 0.1914067796875 0.6466666671875 0.20898305156250002 0.6385333328125 0.201172315625 0.619552940625 0.21288983125 0.595152940625 0.20800847500000003 0.5612588234375
4 0.3837881359375 0.6724274515625 0.418946328125 0.669713725 0.4257824859375 0.6385333328125 0.3847655375 0.603286275 0.3818361578125 0.553125490625 0.28613276875000004 0.5585490203125001 0.28711016875 0.6602235296875001 0.3183587578125 0.6764941171875 0.3222655375 0.6304000000000001 0.346680790625 0.6046431375 0.37695197812500003 0.6331098046875 0.3837881359375 0.6724274515625
4 0.773437853125 0.6873372546875001 0.7568361578125 0.7293647062499999 0.835937853125 0.7632588234375 0.83788983125 0.7252980390625 0.8740225984375 0.6968274515624999 0.76562429375 0.668360784375 0.773437853125 0.6873372546875001
4 0.75 0.7252980390625 0.7617175140625 0.665647059375 0.7041016953125 0.6480235296875 0.6992175140625 0.70360784375 0.75 0.7252980390625
4 0.5107429375 0.6209098046875 0.5634774015625 0.6751372546875001 0.576172315625 0.6737803921875 0.5771497171875 0.593796078125 0.5019519781249999 0.5734588234375 0.5 0.605996078125 0.5107429375 0.6209098046875
