4 0.5559488375 0.7975488375 0.5989178296875 0.8151279062500001 0.62040155 0.7975488375 0.6477457359375001 0.7916906984375001 0.644815503125 0.658388371875 0.649699225 0.648134884375 0.6770418609375 0.6452046515625 0.7551674421875 0.6627837203125 0.7639565890625 0.6759674421875 0.7639565890625 0.7052651156249999 0.7541906984375 0.8312418609375 0.7483317828125 0.8634674421874999 0.7190341078125 0.9308511625 0.7209875968749999 0.9513581390624999 0.7317302328124999 0.9616116281249999 0.7502852718749999 0.9572162796875 0.7502852718749999 0.9425697671875 0.765910078125 0.9279209296875001 0.767862015625 0.8634674421874999 0.7786046515625 0.8561441859375 0.781534884375 0.9279209296875001 0.7952062015625 0.9513581390624999 0.799936434375 0.9953488374999999 0.9505379843749999 0.9953488374999999 0.955362790625 0.9953023249999999 0.9612217046874999 0.7872953484375 0.9407147281249999 0.77997209375 0.9348542640625 0.7975488375 0.9094635656250001 0.806339534375 0.8918868218749999 0.7975488375 0.8811441859375 0.7755767437500001 0.8830976749999999 0.752139534375 0.899699225 0.7360255812500001 0.91532403125 0.7360255812500001 0.9289953484375 0.7477441859375 0.9627906984375001 0.740502325 0.9627906984375001 0.73522790625 0.9573162796875 0.6613186046874999 0.955362790625 0.0050697671875 0.315714728125 0.0036046515624999997 0.3108310078125 0.01092790625 0.312784496875 0.12518604687499998 0.38407441875 0.22333023281250003 0.4114170546875 0.2350488375 0.4729410859375 0.3244046515625 0.47098759687499997 0.5763581390625 0.48270697656249995 0.5880767437500001 0.48954263593749997 0.6129790703125 0.5452062015625 0.626162790625 0.5452062015625 0.784365115625 0.5559488375 0.7975488375
4 0.301764340625 0.21681395312500001 0.29883410781249997 0.2505046515625 0.29302325625000003 0.2563162796875 0.29302325625000003 0.257 0.300787596875 0.3589046515625 0.300787596875 0.417497675 0.29302325625000003 0.4320558140625 0.29302325625000003 0.4586093015625 0.29883410781249997 0.47023255781250006 0.2949286828125 0.62257441875 0.30274108593750004 0.7251139531249999 0.30852713125000003 0.253497675 0.30852713125000003 0.2472488375 0.301764340625 0.21681395312500001
4 0.0441069765625 0 0.0412 0.007267442187500001 0.0392465109375 0.9945720937500001 0.05117364375 0.9953488374999999 0.08455969062499999 0.9953488374999999 0.09002790625 0.96527441875 0.0919813953125 0.0775790703125 0.10467751875 0.06732558125 0.1183488375 0.090762790625 0.27459845 0.16693488437499998 0.284364340625 0.16107441875 0.299012403125 0.1830465109375 0.3038961234375 0.2108790703125 0.30852713125000003 0.19281627968749998 0.30852713125000003 0.1753790703125 0.3058496125 0 0.0441069765625 0
4 0.2700682171875 0.84112558125 0.2744186046875 0.8346 0.2744186046875 0.8266046515625 0.27299845 0.8074325578125 0.1138186046875 0.8733511625 0.110888371875 0.918760465625 0.1181178296875 0.9209302328125 0.122065115625 0.9209302328125 0.2700682171875 0.84112558125
4 0.260761240625 0.643539534375 0.26356589218750004 0.6084790703125 0.26356589218750004 0.6068953484375 0.23927596874999998 0.60252325625 0.1162790703125 0.6259534890625 0.1162790703125 0.6285465109375 0.1171969 0.6767441859375001 0.11928217031249999 0.6767441859375001 0.260761240625 0.643539534375
4 0.27596899218750004 0.248702325 0.2665658921875 0.23972558125 0.1132449609375 0.18552558125000002 0.11617519375 0.23972558125 0.2723162796875 0.28139534843749997 0.2754031 0.28139534843749997 0.27596899218750004 0.272065115625 0.27596899218750004 0.248702325
4 0.26356589218750004 0.44605348906250003 0.2588930234375 0.41942325625 0.11338604687500001 0.40623953437500004 0.11436279062500002 0.46043720937500004 0.2535069765625 0.46744186093750006 0.25993178281249996 0.46744186093750006 0.26356589218750004 0.448360465625 0.26356589218750004 0.44605348906250003
4 0.753488371875 1 0.753488371875 0.9888162796875 0.75302480625 0.97862325625 0.7209302328125 0.9654930234375 0.7209302328125 0.9663744187500001 0.7256666671875001 1 0.753488371875 1
4 0.6279069765624999 0.934637209375 0.5965085265625001 0.8903953484375 0.5496341078125 0.855237209375 0.3767813953125 0.9943976749999999 0.45788217031249995 0.9953488374999999 0.6268449609375 0.9953488374999999 0.6279069765624999 0.9618906984375 0.6279069765624999 0.934637209375
4 0.9579426359375001 0 0.9589178296875 0.9945720937500001 0.9698077515625 0.9953488374999999 0.9984496125 0.9953488374999999 0.9984496125 0.0013558140624999999 0.95960155 0 0.9579426359375001 0
