4 0.8212883718749999 0.2373046515625 0.804686821875 0.2299813953125 0.8144527125 0.1772465109375 0.8271488375 0.1611325578125 0.8544914734375 0.158202325 0.875 0.1918953484375 0.8730465109375001 0.2299813953125 0.8574217046875001 0.23876976718749998 0.8564449609375 0.25781162812499997 0.8417969 0.2622069765625 0.84472713125 0.2812511625 0.8603519374999999 0.2783209296875 0.8613286828125 0.2622069765625 0.881835659375 0.240234884375 0.9990232562499999 0.210937209375 1 0.001465115625 0.0917969 0.001465115625 0.6591798453125 0.26074186093749996 0.727539534375 0.29882790625 0.7597658921875 0.30322325625 0.8115240312499999 0.290039534375 0.8398434109374999 0.2680674421875 0.8281255812499999 0.25927674375 0.8212883718749999 0.2373046515625
4 0.9462883718749999 0.1992186046875 0.9326170546875 0.181639534375 0.8642573640625001 0.1669930234375 0.8554682171874999 0.18017674374999998 0.8613286828125 0.19482325625000002 0.8466790703125 0.21972558125 0.8388666671875 0.21972558125 0.8310542640625 0.2021488375 0.8173829453125 0.21972558125 0.8105472875 0.212402325 0.8105472875 0.20068372031249998 0.8183596906249999 0.1918953484375 0.8134759687500001 0.1757813953125 0.8095705421874999 0.1904302328125 0.7978511625 0.1845697671875 0.7939457359375 0.19628837187499998 0.78222635625 0.1992186046875 0.7832030999999999 0.218262790625 0.7685550390625 0.2285162796875 0.7617193796875 0.2534186046875 0.7324217046875 0.28564418593749996 0.7314449609375 0.295897675 0.7539069765625 0.3061534890625 0.8701178296875 0.2812511625 0.8779302328125 0.2460930234375 1 0.2065418609375 0.9462883718749999 0.1992186046875
4 0.4179689921875 0.405762790625 0.4257813953125 0.39111395312499997 0.41992248125 0.3793953484375 0.43554728750000005 0.36767674375000003 0.431640309375 0.35888604687500003 0.43847596875 0.3486325578125 0.45117209375 0.3471674421875 0.4492186046875 0.2944325578125 0.43945271249999995 0.28564418593749996 0.4648434109375 0.27685581406250004 0.4560542640625 0.25781162812499997 0.46582015468750004 0.26367209375 0.4804682171875 0.2534186046875 0.47851627968750005 0.22412092968750003 0.46582015468750004 0.20800697656249997 0 0.024902325 0.00097674375 0.158202325 0.31152403125 0.25195348906250004 0.3144527125 0.46435581406250004 0.319336434375 0.47167907031249995 0.336914728125 0.46582092968750005 0.3437503875 0.42919999999999997 0.35839845000000004 0.42187441875 0.375 0.43212790625 0.37402325625 0.46582092968750005 0.38183565937499997 0.46582092968750005 0.382812403125 0.44970697656249997 0.397460465625 0.44531162812499997 0.40527286875 0.42773488437499996 0.4062496125 0.46728604687499997 0.416015503125 0.47021395312500003 0.41992248125 0.44677674375 0.414062015625 0.42626976718750004 0.42773488437499996 0.4145511625 0.4179689921875 0.405762790625
4 0.3691410859375 0.5200186046875 0.3798821703125 0.48632790625 0.40917984531249996 0.49218837187500003 0.41992248125 0.47314418593749996 0.42187441875 0.44970697656249997 0.4326170546875 0.4482418609375 0.43359379843749996 0.47021395312500003 0.42382790625 0.5024418609375 0.4267581390625 0.5361325578125 0.445313178125 0.5141604656250001 0.4501953484375 0.49218837187500003 0.48437519375000004 0.47607441875 0.48437519375000004 0.2211906984375 0.47949147343750004 0.21386744218749998 0.4326170546875 0.1992186046875 0.429686821875 0.2475581390625 0.4257813953125 0.250488371875 0.42285116250000004 0.23437441875 0.413085271875 0.25781162812499997 0.398437209375 0.2622069765625 0.398437209375 0.27392558125 0.3808589140625 0.3002930234375 0.382812403125 0.3383790703125 0.3691410859375 0.344237209375 0.375 0.3559581390625 0.367187596875 0.3647465109375 0.3652341078125 0.3852534890625 0.351562790625 0.39111395312499997 0.3691410859375 0.4028325578125 0.3613286828125 0.4204093015625 0.36328062031249997 0.45556744218749995 0.3466790703125 0.45996046562500004 0.33984341093750003 0.42626976718750004 0.3330077515625 0.42187441875 0.32031317812500004 0.43798837187500006 0.312500775 0.47021395312500003 0.312500775 0.657713953125 0.322265115625 0.6606441859375 0.335937984375 0.6518558140625 0.3457038765625 0.5903325578125 0.3710930234375 0.5551767437499999 0.3691410859375 0.5200186046875
4 0.9775395343750001 0.375 0.9775395343750001 0.3867186046875 0.8994139531249999 0.3955069765625 0.8828124031250001 0.3852534890625 0.9101565890625001 0.3647465109375 0.90722635625 0.2929697671875 0.74902325625 0.3251953484375 0.5361333328125 0.2314441859375 0.48437519375000004 0.218262790625 0.4873054265625 0.26367209375 0.572265115625 0.2944325578125 0.5703131781249999 0.44384651093749994 0.5751953484375 0.49218837187500003 0.58007751875 0.46728604687499997 0.57812558125 0.31787209375000003 0.58007751875 0.3002930234375 0.5908201546875 0.29882790625 0.6396480625 0.31347674375 0.6464837203125 0.3237302328125 0.647460465625 0.4892581390625 0.6523441859375 0.48779302343750003 0.6523441859375 0.3354488375 0.6591798453125 0.3251953484375 0.7070310078125 0.344237209375 0.708984496875 0.48193255781250005 0.7158201546875 0.4892581390625 0.7226558140625 0.484862790625 0.7226558140625 0.3559581390625 0.7998046515625 0.336913953125 0.8183596906249999 0.350097675 0.8212883718749999 0.4980465109375 0.8486325578124999 0.4951162796875 0.8603519374999999 0.53027441875 0.9980465109375001 0.537597675 0.9990232562499999 0.272460465625 0.9531255812499999 0.282713953125 0.9570310078125001 0.3647465109375 0.9775395343750001 0.375
4 0.2695317828125 0.9008790703124999 0.2773441859375 0.8862302328125 0.25683565937499997 0.8525395343750001 0.2558589140625 0.8979488375000001 0.2695317828125 0.9008790703124999
4 0.6210930234375 0.9975581390625001 0.6220697671875 0.90527441875 0.556640309375 0.9653325578124999 0.56152403125 0.9990232562499999 0.6210930234375 0.9975581390625001
4 0.00097674375 0.9990232562499999 0.212889921875 0.9975581390625001 0.212889921875 0.9418953484375001 0.19824186093750001 0.8759767437500001 0 0.95947209375 0.00097674375 0.9990232562499999
4 0.6601565890625001 0.7485348843749999 0.6796868218750001 0.7690418609375 0.6679689921875 0.7983395343749999 0.6679689921875 0.8188465109375 0.677734884375 0.8452139531249999 0.6601565890625001 0.8774418609374999 0.6562496125 0.91552790625 0.663085271875 0.9960930234375001 1 0.9975581390625001 0.9990232562499999 0.7294930234375 0.7294914734375 0.6621093015625 0.7236325578125 0.711913953125 0.6601565890625001 0.7485348843749999
4 0.8769534890624999 0.2709953484375 0.9042961234375 0.2915046515625 0.9130852718750001 0.2783209296875 0.9970697671875 0.272460465625 1 0.23876976718749998 0.8769534890624999 0.2709953484375
4 0.62402325625 0.5214837203125 0.6308589140625 0.5170906984375 0.631835659375 0.5361325578125 0.6523441859375 0.5346674421875 0.6533209296875 0.4951162796875 0.6230465109375001 0.4965813953125 0.6210930234375 0.5112302328125 0.62402325625 0.5214837203125
4 0.4902341078125 0.531737209375 0.49316434062500003 0.5449209296874999 0.506835659375 0.5478511625 0.524413953125 0.53027441875 0.545897675 0.5478511625 0.5703131781249999 0.546386046875 0.6044914734375 0.5419930234375 0.6152341078125 0.49951162812499994 0.49706976718749996 0.50097674375 0.4902341078125 0.531737209375
