4 0.0048821703125 0 0 0.00732325625 0 0.17431627968750002 0.0439457359375 0.20800697656249997 0.054686821875 0.2534186046875 0.06347596875 0.26367209375 0.25683565937499997 0.30468837187500003 0.2636713171875 0.2680674421875 0.274413953125 0.24902325625000002 0.3095705421875 0.240234884375 0.335937984375 0.2680674421875 0.3457038765625 0.3149418609375 0.35839845000000004 0.3310558140625 0.4062496125 0.3325186046875 0.41113333281250003 0.3164069765625 0.45800775156249995 0.30468837187500003 0.947265115625 0.00732325625 0.9384759687500001 0 0.6962883718749999 0 0.663085271875 0.06738372031249999 0.616210853125 0.08496046562500001 0.600586046875 0.11132790625 0.5908201546875 0.1142581390625 0.5810542640625 0.11132790625 0.5654294578125 0.0878906984375 0.5595705421875 0.0966790703125 0.540038759375 0.0908209296875 0.5136713171875 0.042481395312499996 0.5136713171875 0.0102534890625 0.5029302328125 0 0.0048821703125 0
4 1 0.00732325625 0.9482418609375 0.005860465625 0.9326170546875 0.008788371875000001 0.8017581390625 0.0966790703125 0.76562480625 0.1333 0.7636713171875 0.1596674421875 0.7792961234375 0.1684581390625 0.7714837203125 0.2299813953125 0.7812496125 0.23876976718749998 0.7792961234375 0.2534186046875 0.789062015625 0.2622069765625 0.789062015625 0.279786046875 0.8007813953125 0.2915046515625 0.8007813953125 0.423339534375 0.7832030999999999 0.5141604656250001 0.7792961234375 0.5815418609375 0.7675782953125 0.5903325578125 0.76562480625 0.6313465109374999 0.742187596875 0.6459953484375001 0.7626945734375 0.6562511625 0.774413953125 0.6767581390624999 0.8154294578125001 0.694334884375 0.8242186046875 0.6811534890625001 0.8281255812499999 0.6225581390625 0.8486325578124999 0.6210930234375 0.8554682171874999 0.6372069765624999 0.8535162796875 0.859862790625 0.9658201546875 0.9228511625 1 0.9331046515624999 1 0.35888604687500003 0.8740232562499999 0.3779302328125 0.8457038765625 0.3706046515625 0.8457038765625 0.35302790625 0.85937519375 0.3413093015625 0.8613286828125 0.32080000000000003 0.8798821703125 0.3076162796875 0.9736325578124999 0.2841790703125 0.993164340625 0.28710930156250003 1 0.3061534890625 0.9990232562499999 0.21386744218749998 0.8740232562499999 0.2548837203125 0.8623054265625001 0.2548837203125 0.8457038765625 0.235839534375 0.8457038765625 0.2153325578125 0.8583984499999999 0.20800697656249997 0.8613286828125 0.1918953484375 0.8867193796875 0.16552790625 0.875 0.1362302328125 0.8798821703125 0.117188371875 0.9033209296875 0.12597674375 0.9189457359375 0.117188371875 0.9267581390625 0.0966790703125 0.9521488375 0.0966790703125 0.96777364375 0.08496046562500001 0.9853519374999999 0.0937511625 1 0.08935581406250001 1 0.00732325625
4 0.804686821875 0.5639651156250001 0.79882790625 0.5581046515625 0.804686821875 0.54052790625 0.79882790625 0.537597675 0.79882790625 0.5170906984375 0.804686821875 0.5112302328125 0.804686821875 0.44677674375 0.7978511625 0.42773488437499996 0.74902325625 0.43652325625 0.7285162796875 0.42919999999999997 0.7304682171875 0.30322325625 0.79882790625 0.279786046875 0.79492248125 0.23876976718749998 0.7841798453125 0.22265581406249998 0.7783209296875 0.23437441875 0.773437209375 0.2153325578125 0.7792961234375 0.2065418609375 0.7773441859375 0.1918953484375 0.791015503125 0.1831046515625 0.7851565890625001 0.1684581390625 0.789062015625 0.1538093015625 0.7841798453125 0.1464837203125 0.7783209296875 0.15234418593750002 0.7685550390625 0.1289069765625 0.6220697671875 0.210937209375 0.57617209375 0.2534186046875 0.5898434109374999 0.2622069765625 0.6064449609375 0.322265115625 0.6103519375 0.3076162796875 0.6386713171875 0.3149418609375 0.64062480625 0.4204093015625 0.6044914734375 0.430665115625 0.5966790703125 0.4423837203125 0.5908201546875 0.4248046515625 0.5810542640625 0.44531162812499997 0.57812558125 0.423339534375 0.5712883718749999 0.42187441875 0.5585937984375 0.4409186046875 0.562500775 0.44970697656249997 0.5585937984375 0.484862790625 0.538085271875 0.49218837187500003 0.5253906984375 0.5200186046875 0.53027286875 0.539062790625 0.54492248125 0.5434581390625 0.539062015625 0.5581046515625 0.54687441875 0.5668953484375 0.5498046515625 0.6123046515625 0.62402325625 0.5976558140625 0.680663565625 0.6533209296875 0.727539534375 0.665039534375 0.7392573640625 0.6503906984375 0.75097674375 0.6503906984375 0.772460465625 0.67382790625 0.7812496125 0.672362790625 0.7812496125 0.6372069765624999 0.802734884375 0.593262790625 0.79882790625 0.578613953125 0.804686821875 0.5639651156250001
4 0.6054682171875 0.546386046875 0.60937519375 0.44677674375 0.5957038765625 0.43798837187500006 0.5937503875 0.31787209375000003 0.587889921875 0.297362790625 0.5917969000000001 0.27685581406250004 0.5810542640625 0.25195348906250004 0.5498046515625 0.26074186093749996 0.5419922484375 0.27539069843749997 0.5185550390625 0.2812511625 0.5126945734375 0.2929697671875 0.48437519375000004 0.3090813953125 0.4804682171875 0.3237302328125 0.5029302328125 0.3310558140625 0.5097658921875 0.35302790625 0.506835659375 0.44531162812499997 0.47167907031249995 0.4570302328125 0.4482418609375 0.42187441875 0.445313178125 0.4350581390625 0.429686821875 0.44970697656249997 0.431640309375 0.5083 0.46777364375 0.5185558140625 0.49511782968749996 0.539062790625 0.506835659375 0.585937209375 0.51562480625 0.58447209375 0.5185550390625 0.5654302328125 0.5341798453125 0.5595697671875 0.54492248125 0.6225581390625 0.555663565625 0.60937441875 0.6191410859375 0.593262790625 0.617187596875 0.5698232562500001 0.6054682171875 0.546386046875
4 0.4814449609375 0.45996046562500004 0.47460930156250003 0.44677674375 0.4726558140625 0.36767674375000003 0.47753953437499996 0.3544930234375 0.5019534890624999 0.344237209375 0.49902325625 0.32812558125 0.4863286828125 0.3237302328125 0.48437519375000004 0.312011628125 0.492187596875 0.3002930234375 0.48339845 0.2929697671875 0.4404294578125 0.319334884375 0.4267581390625 0.319334884375 0.4101565890625 0.3471674421875 0.412110078125 0.5141604656250001 0.47460930156250003 0.5200186046875 0.462889921875 0.5053720937499999 0.4648434109375 0.47314418593749996 0.492187596875 0.4584953484375 0.4814449609375 0.45996046562500004
4 0.47460930156250003 0.8686534890625 0.47851627968750005 0.8569325578125 0.46386666718749997 0.8408209296875 0.462889921875 0.8627930234375001 0.47460930156250003 0.8686534890625
4 0.4804682171875 0.9946279062500001 0.4824217046875 0.9887697671875 0.46582015468750004 0.96972558125 0.462889921875 0.9917 0.4804682171875 0.9946279062500001
4 0.5136713171875 0.906737209375 0.5126945734375 0.881834884375 0.49609302343749995 0.889160465625 0.50097674375 0.9023441859375 0.5136713171875 0.906737209375
4 0.5703131781249999 0.8774418609374999 0.5751953484375 0.8906255812499999 0.5917969000000001 0.8979488375000001 0.5937503875 0.8774418609374999 0.5888666671875 0.8701162796874999 0.579102325 0.867188371875 0.5703131781249999 0.8774418609374999
4 0.5605472875 0.9389651156250001 0.562500775 0.906737209375 0.5498046515625 0.8935558140625 0.54687441875 0.9360348843749999 0.5605472875 0.9389651156250001
4 0.708984496875 0.8803720937499999 0.7080077515625 0.8320302328125001 0.6796868218750001 0.8481441859375 0.68652403125 0.867188371875 0.708984496875 0.8803720937499999
4 0.4648434109375 0.912597675 0.47167907031249995 0.9345697671875 0.50097674375 0.960937209375 0.5117193796875 0.95947209375 0.5048821703125 0.9404302328125 0.49706976718749996 0.9404302328125 0.47753953437499996 0.9111325578124999 0.4648434109375 0.912597675
4 0.7675782953125 0.8979488375000001 0.7675782953125 0.9243162796875 0.7792961234375 0.9272465109375 0.820313178125 0.8833 0.8212883718749999 0.858397675 0.7998046515625 0.8642581390625 0.7675782953125 0.8979488375000001
4 0.4179689921875 0.9946279062500001 0.44140620156250004 0.9975581390625001 0.445313178125 0.812988371875 0.4345705421875 0.8085930234375001 0.42382790625 0.8188465109375 0.4179689921875 0.9946279062500001
4 0.8544914734375 0.9990232562499999 1 0.9975581390625001 0.9990232562499999 0.9433604656250001 0.8535162796875 0.874511628125 0.8496093015625 0.9917 0.8544914734375 0.9990232562499999
4 0.38671937968750003 0.7397465109375 0.367187596875 0.7368162796875 0.36816434062500003 0.7294930234375 0.38183565937499997 0.726562790625 0.38183565937499997 0.7148441859375 0.36816434062500003 0.7060558140625 0.3466790703125 0.7089837203125 0.3076170546875 0.7236325578125 0.2939457359375 0.7382813953125 0.27539069843749997 0.7133790703125 0.2626945734375 0.670897675 0.2470697671875 0.670897675 0.2021488375 0.679688371875 0.17871162812500002 0.7060558140625 0.125 0.719237209375 0.10937519375 0.8247069765624999 0.10058604687499999 0.9990232562499999 0.2548821703125 0.9990232562499999 0.258789146875 0.9873046515624999 0.2685550390625 0.9990232562499999 0.3964837203125 0.9975581390625001 0.4023441859375 0.9799813953125 0.4062496125 0.8159186046875 0.39062480625 0.7924813953125 0.38671937968750003 0.7397465109375
