4 0.1109426359375 0.7308674421875 0.1031302328125 0.7074302328125001 0.11582480625 0.6942465109375 0.1373085265625 0.6913162796875 0.170511628125 0.6503 0.201762790625 0.6503 0.2369193796875 0.6678790703125 0.2584031 0.6678790703125 0.25937984531249997 0.64297674375 0.26621550312500003 0.63272325625 0.30332558125000003 0.612213953125 0.4615286828125 0.5770581390625 0.543559690625 0.5711999999999999 0.58457519375 0.5770581390625 0.591410853125 0.5697348843750001 0.5894573640625 0.487702325 0.6080124031249999 0.48037907031250004 0.6128945734375 0.46426511562500006 0.6139534890625 0.34203488437499996 0.6139534890625 0.23641395312500002 0.58359845 0.15957907031250002 0.5044961234375 0.0204186046875 0.4712930234375 0.002839534375 0.034770542187499996 0.00137441875 0.034770542187499996 0.7982511624999999 0.037699224999999996 0.82022325625 0.045511628124999995 0.82022325625 0.0504 0.8348837203125001 0.07082790624999999 0.8348837203125001 0.08848062031250001 0.8319418609375001 0.0972697671875 0.81582790625 0.09922325625 0.8011790703124999 0.093364340625 0.789460465625 0.1109426359375 0.7308674421875
4 0.5749953484375 0.0521 0.6112294578124999 0.058139534375 0.620012403125 0.058139534375 0.6666666671875 0.0021534890625 0.6666666671875 0.0008302328125 0.4802682171875 0.0008302328125 0.5749953484375 0.0521
4 0.67487441875 0 0.61677674375 0.0639069765625 0.55427751875 0.0492581390625 0.5425581390625001 0.0346093015625 0.5249798453125 0.0316813953125 0.5220511625 0.03607441875 0.5386527125 0.055118604687499996 0.545488371875 0.05072325625 0.5415813953125 0.05951162812500001 0.5884573640624999 0.1503325578125 0.6177534890625 0.22943488437499998 0.6118945734375 0.48138837187499994 0.6993860468750001 0.4953488375 0.7037209296875 0.4953488375 0.7134573640624999 0.27337907031249997 0.7240310078125 0.16235116249999998 0.7240310078125 0.141462790625 0.7134573640624999 0.05951162812500001 0.7134573640624999 0.012637209375 0.7069038765625 0 0.67487441875 0
4 0.8124961234375 0.5744186046875 0.8253581390625 0.5744186046875 0.857010853125 0.55207674375 0.857364340625 0.5345790703125 0.857364340625 0.5045186046875 0.8101364343749999 0.5637953484375 0.8124961234375 0.5744186046875
4 1 0.62592558125 0.999212403125 0.532634884375 0.874212403125 0.5150558140625 0.8712837203125 0.5399581390625 0.8585875968750001 0.5677906984375001 0.7990170546875001 0.59562325625 0.8019472875 0.658611628125 0.8800728687499999 0.7025558140625 0.8937441859374999 0.6879069765625 0.9093689921875001 0.6879069765625 0.9328062015624999 0.7172046515625 0.9529767437500001 0.7232558140625 0.9583519375 0.7232558140625 0.9650325578125001 0.715739534375 0.9533147281250001 0.6776534890625 0.9679627906249999 0.661539534375 1 0.6484348843750001 1 0.62592558125
4 0.6957751937500001 0.5813953484375001 0.6976744187499999 0.5813953484375001 0.6976744187499999 0.5653860468749999 0.6040062015625 0.5378651156250001 0.606936434375 0.5627674421875 0.6957751937500001 0.5813953484375001
4 0.6984465109375 0.515362790625 0.6037193796875 0.5021813953125001 0.6066496124999999 0.5270837203125 0.6946682171874999 0.553488371875 0.6992248062499999 0.553488371875 0.6992248062499999 0.5468837203125 0.6984465109375 0.515362790625
4 0.6713178296875 0.8394488375 0.6611969 0.82702790625 0.644961240625 0.8399186046875 0.644961240625 0.8406813953125001 0.6567302328125 0.855813953125 0.6598031 0.855813953125 0.6713178296875 0.8410093015625 0.6713178296875 0.8394488375
4 0.6429441859375 0.9908418609374999 0.64567751875 0.99767441875 0.6816806203125 0.99767441875 0.751937984375 0.9967069765625001 0.751937984375 0.994986046875 0.749389146875 0.9835186046875 0.731812403125 0.9718 0.684936434375 0.9542209296875 0.6497798453125 0.9659395343750001 0.6429441859375 0.9908418609374999
4 0.5830713171874999 0.9431674421875 0.5420558140625 0.9578139531250001 0.51007751875 0.98252558125 0.51007751875 0.9840837203125 0.5125488375 0.99767441875 0.6360620156250001 0.99767441875 0.6426418609375 0.9680697671875 0.655336434375 0.954886046875 0.688539534375 0.9519558140625 0.7588527125 0.97832325625 0.7627581390625 0.9959 0.7666651156250001 0.9812511625000001 0.794986046875 0.997365115625 0.8062015499999999 0.9721302328125001 0.8062015499999999 0.9706558140625001 0.77447751875 0.9490255812499999 0.7295550390625001 0.8962906984375 0.72467286875 0.853811628125 0.6963519375 0.8259790703125001 0.687562790625 0.83037441875 0.6895162796875 0.8596697671875001 0.6670558140625 0.8933627906250001 0.6514310078125 0.8933627906250001 0.6377581390625 0.910939534375 0.6270170546875 0.90947441875 0.6221333328124999 0.940237209375 0.61627441875 0.9431674421875 0.6026031 0.91972790625 0.5830713171874999 0.9431674421875
4 0.2955550390625 0.790686046875 0.28090697656249997 0.8038697671874999 0.282860465625 0.830237209375 0.27797674375 0.837560465625 0.26235193749999997 0.837560465625 0.23500930156250002 0.86392790625 0.19399224843750001 0.8756465109375 0.15297674375 0.8668581390625001 0.12465736406250001 0.8800418609375 0.123688371875 0.99767441875 0.2548837203125 0.99767441875 0.31162790625 0.9972325578125 0.31162790625 0.8970488375000001 0.2955550390625 0.790686046875
