4 0.13378914687500001 0.03222558125 0.2246093015625 0.10107441875 0.2285162796875 0.0834953484375 0.21972713124999999 0 0.1132806203125 0.001465115625 0.13378914687500001 0.03222558125
4 0.8076170546875 0.11132790625 0.8330077515625 0.11132790625 0.835937984375 0.1215813953125 0.8310542640625 0.1289069765625 0.795897675 0.14062558125 0.7851565890625001 0.156737209375 0.788085271875 0.1757813953125 0.8154294578125001 0.17285116250000002 0.9990232562499999 0.043944185937500005 1 0.001465115625 0.62402325625 0 0.58007751875 0.1772465109375 0.586914728125 0.1875 0.60937519375 0.186034884375 0.7666015500000001 0.17871162812500002 0.773437209375 0.1684581390625 0.772460465625 0.1376953484375 0.8076170546875 0.11132790625
4 0.38671937968750003 0.162597675 0.38671937968750003 0.1918953484375 0.397460465625 0.19628837187499998 0.5576170546875 0.1845697671875 0.5937503875 0.001465115625 0.243164340625 0 0.2382806203125 0.0190418609375 0.25195348906250004 0.0278325578125 0.25 0.0395511625 0.2382806203125 0.048339534375 0.2441410859375 0.1127930234375 0.2841798453125 0.164062790625 0.3251953484375 0.19628837187499998 0.3476558140625 0.1977534890625 0.37402325625 0.19628837187499998 0.37304651093749996 0.162597675 0.3798821703125 0.15527441875 0.38671937968750003 0.162597675
4 0.2919922484375 0.2050790703125 0.3242186046875 0.2065418609375 0.30175813906250004 0.17871162812500002 0.28320310000000004 0.1772465109375 0.28515658906249997 0.1977534890625 0.2919922484375 0.2050790703125
4 0.3789069765625 0.24462790625 0.37402325625 0.1992186046875 0.333984496875 0.2065418609375 0.34472713125 0.240234884375 0.3789069765625 0.24462790625
4 0.1435550390625 0.038086046875 0.1279302328125 0.0351558140625 0.10449147343750001 0 0.019531782812500002 0.001465115625 0.163085271875 0.11132790625 0.2187503875 0.11572325624999999 0.21386666718749997 0.0966790703125 0.1748046515625 0.0732418609375 0.163085271875 0.052734884375 0.1435550390625 0.038086046875
4 0.14062480625 0.1215813953125 0.00097674375 0.023437209375 0 0.162597675 0.054686821875 0.17431627968750002 0.048827906250000004 0.1596674421875 0.0576170546875 0.14062558125 0.1357426359375 0.1611325578125 0.14062480625 0.1215813953125
4 1 0.048339534375 0.8271488375 0.1699209296875 0.7861333328125 0.181639534375 0.7773441859375 0.22705116250000001 0.7832030999999999 0.24169999999999997 0.8154294578125001 0.22265581406249998 0.8623054265625001 0.21386744218749998 0.8720697671875 0.1904302328125 0.9814449609375 0.1611325578125 1 0.1215813953125 1 0.048339534375
4 0.5605472875 0.282713953125 0.539062015625 0.27685581406250004 0.5576170546875 0.272460465625 0.562500775 0.2622069765625 0.5605472875 0.1918953484375 0.3876945734375 0.1992186046875 0.3896480625 0.25781162812499997 0.430663565625 0.2783209296875 0.492187596875 0.279786046875 0.4267581390625 0.2841790703125 0.42187441875 0.2915046515625 0.42187441875 0.42919999999999997 0.429686821875 0.5581046515625 0.4404294578125 0.6503906984375 0.5175782953125 0.6518558140625 0.5312496125 0.6459953484375001 0.54882790625 0.3852534890625 0.5605472875 0.326660465625 0.5605472875 0.282713953125
4 0.7324217046875 0.27685581406250004 0.64062480625 0.27392558125 0.6611333328125 0.266602325 0.7236325578125 0.2695302328125 0.7392573640625 0.25195348906250004 0.758789146875 0.25195348906250004 0.7695317828125 0.23290930156249998 0.7714837203125 0.186034884375 0.616210853125 0.1904302328125 0.617187596875 0.27392558125 0.60937519375 0.3295906984375 0.6132806203125 0.3559581390625 0.6064449609375 0.3632813953125 0.5957038765625 0.3559581390625 0.5957038765625 0.2622069765625 0.60937519375 0.1918953484375 0.5810542640625 0.1904302328125 0.5742186046875 0.25927674375 0.583984496875 0.27392558125 0.57617209375 0.282713953125 0.5742186046875 0.3061534890625 0.57617209375 0.423339534375 0.5917969000000001 0.6459953484375001 0.59472713125 0.6533209296875 0.6894527125 0.654786046875 0.70117209375 0.640137209375 0.7167969000000001 0.537597675 0.73437519375 0.3413093015625 0.7324217046875 0.27685581406250004
4 0.7451178296875 0.8232418609375 0.7353519375 0.7910162796875 0.704102325 0.779297675 0.6953131781249999 0.7631837203125 0.6904294578125 0.67382790625 0.5957038765625 0.67822325625 0.5976558140625 0.7309581390625 0.586914728125 0.7324209296874999 0.583984496875 0.7456046515625 0.62597674375 0.9990232562499999 0.822265115625 0.9975581390625001 0.8242186046875 0.9360348843749999 0.79882790625 0.9096674421875001 0.789062015625 0.859862790625 0.7451178296875 0.8232418609375
4 0.5253906984375 0.725097675 0.5273441859375 0.6752930234375001 0.522460465625 0.670897675 0.444336434375 0.670897675 0.43945271249999995 0.7690418609375 0.4189457359375 0.779297675 0.412110078125 0.8071279062500001 0.382812403125 0.83642558125 0.3808589140625 0.8803720937499999 0.3710930234375 0.9096674421875001 0.375 0.962402325 0.3691410859375 0.9975581390625001 0.58007751875 0.9975581390625001 0.5820310078125 0.9711906984375 0.5585937984375 0.733886046875 0.53027286875 0.7324209296874999 0.5253906984375 0.725097675
