4 0.51562480625 0.8803720937499999 0.5107426359375 0.8906255812499999 0.5019534890624999 0.8833 0.4824217046875 0.0043953484375 0.0185550390625 0.005860465625 0.084961240625 0.038086046875 0.2001953484375 0.07617209375 0.21093798437500003 0.092286046875 0.2792961234375 0.8217767437499999 0.29687441875 0.9038093015625 0.3173829453125 0.914062790625 0.5 0.91552790625 0.5195317828125 0.889160465625 0.5214837203125 0.874511628125 0.5166015500000001 0.8378906984375 0.51562480625 0.8803720937499999
4 0.00097674375 0 0.0185550390625 0.014648837500000001 0.1845705421875 0.0732418609375 0.21093798437500003 0.095213953125 0.2812496125 0.8481441859375 0.29687441875 0.906737209375 0.30175813906250004 0.914062790625 0.446288371875 0.9169930234375 0.45312558125 0.93017674375 0.43945271249999995 0.9272465109375 0.43652403125 0.9580069765625 0.4980465109375 0.9565418609374999 0.49609302343749995 0.9389651156250001 0.506835659375 0.9404302328125 0.5097658921875 0.9331046515624999 0.5029302328125 0.9257813953125 0.49706976718749996 0.9316395343749999 0.49706976718749996 0.9228511625 0.506835659375 0.914062790625 0.5146480625 0.914062790625 0.5097658921875 0.9243162796875 0.5166015500000001 0.9287116281250001 0.523437209375 0.9213860468749999 0.5205085265625 0.8994139531249999 0.5117193796875 0.906737209375 0.523437209375 0.8833 0.5136713171875 0.062988371875 0.6523441859375 0.162597675 0.6416015500000001 0.7294930234375 0.6835937984375 0.6811534890625001 0.6855472875 0.5668953484375 0.7441410859375 0.5170906984375 0.742187596875 0.37646511562499996 0.7480465109375001 0.3647465109375 0.7558589140625 0.2709953484375 0.757812403125 0.18017674374999998 0.6611333328125 0.07617209375 0.631835659375 0.06445348906250001 0.5654294578125 0.005860465625 0.5439457359375 0 0.00097674375 0
4 0.6201178296875 0 0.6152341078125 0.00732325625 0.7314449609375 0.1464837203125 0.7617193796875 0.1684581390625 0.7763674421875 0.149413953125 0.9462883718749999 0.0878906984375 0.9638666671875 0.0820302328125 0.9990232562499999 0.0878906984375 1 0.001465115625 0.8564449609375 0 0.8476558140625 0.0102534890625 0.8554682171874999 0.06591860468750001 0.8408201546875 0.0908209296875 0.829102325 0.0908209296875 0.822265115625 0.0805674421875 0.8271488375 0 0.6201178296875 0
4 0.8544914734375 0.15234418593750002 0.868164340625 0.15234418593750002 0.875 0.171386046875 0.875 0.186034884375 0.8623054265625001 0.210937209375 0.96777364375 0.1845697671875 0.976562790625 0.1918953484375 0.9794914734375 0.21386744218749998 0.98437519375 0.20947209375 0.9921875968749999 0.139160465625 0.9921875968749999 0.09814418593749999 0.9833984499999999 0.0878906984375 0.9580077515625 0.0878906984375 0.7783209296875 0.15234418593750002 0.7617193796875 0.186034884375 0.7636713171875 0.23290930156249998 0.773437209375 0.23290930156249998 0.84277364375 0.21386744218749998 0.835937984375 0.1831046515625 0.8398434109374999 0.16552790625 0.8544914734375 0.15234418593750002
4 0.9990232562499999 0.5888674421875 0.9414062015625 0.9975581390625001 1 0.9975581390625001 0.9990232562499999 0.5888674421875
4 0 0.9917 0.0146480625 0.9990232562499999 0.0986325578125 0.9990232562499999 0.1201178296875 0.990234884375 0.1396480625 0.9990232562499999 0.92382790625 0.9975581390625001 0.9316403093750001 0.9711906984375 0.9355472875 0.9096674421875001 0.9160155031249999 0.889160465625 0.9218744187500001 0.7075186046875 0.8955085265625 0.68847674375 0.8828124031250001 0.64892558125 0.8876945734374999 0.53027441875 0.772460465625 0.51562558125 0.76562480625 0.63427674375 0.7353519375 0.6357418609375001 0.7001953484375 0.7001953484375 0.633789146875 0.78222558125 0.616210853125 0.779297675 0.6074217046875 0.7514651156250001 0.6113286828125 0.5903325578125 0.56347596875 0.568360465625 0.5419922484375 0.5712883718749999 0.537110078125 0.578613953125 0.537110078125 0.8100581390625001 0.5429689921875 0.8862302328125 0.539062015625 0.912597675 0.5029302328125 0.9667976749999999 0.2998046515625 0.9638674421875001 0.20312558125 0.7924813953125 0.1845705421875 0.67382790625 0 0.7485348843749999 0 0.9917
4 0 0.7075186046875 0.007812403125000001 0.7075186046875 0.1835937984375 0.6372069765624999 0.1425782953125 0.279786046875 0.1230465109375 0.25927674375 0.118164340625 0.21972558125 0 0.203613953125 0 0.7075186046875
4 0 0.08642558125000001 0.00097674375 0.1992186046875 0.132812403125 0.218262790625 0.1367193796875 0.19482325625000002 0.162110078125 0.162597675 0.17285116250000002 0.134765115625 0 0.08642558125000001
4 0.5361333328125 0.23437441875 0.5312496125 0.24462790625 0.5351565890625001 0.5639651156250001 0.6152341078125 0.5815418609375 0.6210930234375 0.5551767437499999 0.625 0.3618162796875 0.6201178296875 0.2050790703125 0.5361333328125 0.23437441875
4 0.5312496125 0.2299813953125 0.5429689921875 0.23290930156249998 0.618164340625 0.2050790703125 0.6210930234375 0.188965115625 0.53222635625 0.134765115625 0.5312496125 0.2299813953125
4 0.8281255812499999 0.28564418593749996 0.8066403093750001 0.3237302328125 0.8066403093750001 0.3354488375 0.7861333328125 0.336913953125 0.7792961234375 0.350097675 0.773437209375 0.3940418609375 0.772460465625 0.50097674375 0.795897675 0.50097674375 0.8017581390625 0.5126953484375 0.8886713171875 0.5229488375 0.9042961234375 0.405762790625 0.915038759375 0.2548837203125 0.8271488375 0.272460465625 0.8281255812499999 0.28564418593749996
4 0.7841798453125 0.27539069843749997 0.7832030999999999 0.3061534890625 0.789062015625 0.3090813953125 0.795897675 0.30175813906250004 0.8154294578125001 0.3076162796875 0.8320310078125001 0.2709953484375 0.7841798453125 0.27539069843749997
