4 0.65536723125 0.00339215625 0.65536723125 0.0012627453125 0.241816384375 0.0012627453125 0.493440678125 0.1372549015625 0.5003305078125 0.1372549015625 0.65536723125 0.00339215625
4 1 0.004039215625 0.7569011296875 0.0081019609375 0.5166666671875 0.181631371875 0.40533898281249997 0.19247843125 0.398502825 0.2480627453125 0.42779943437499995 0.36465097968750004 0.42779943437499995 0.429725490625 0.45514406718749995 0.5002235296875 0.4607796609375 0.501960784375 0.4774180796875 0.501960784375 0.49518361562499996 0.4880196078125 0.5205734468750001 0.4961568625 0.552799434375 0.45141568593750003 0.5508474578125 0.35380784374999996 0.510807909375 0.368717646875 0.5127627125 0.303647059375 0.5479180796875001 0.3009333328125 0.6162768359374999 0.26026274531250004 0.629949153125 0.3334705875 0.68463559375 0.26297647031250004 0.7061214687499999 0.26026274531250004 0.7061214687499999 0.2792431375 0.6504576265625001 0.329403921875 0.648502825 0.35380784374999996 0.6670593218749999 0.357874509375 0.8838559328125 0.2928 0.9990903953125001 0.27381960781250003 1 0.0222980390625 1 0.004039215625
4 0 0.48609019531250003 0.0783983046875 0.501960784375 0.093319209375 0.501960784375 0.10169491562499999 0.148486275 0.10169491562499999 0.0916666671875 0.0004745765625 0.002003921875 0 0.127839215625 0 0.261313725 0.0287937859375 0.282631371875 0 0.3066156859375 0 0.4067764703125 0.0346553671875 0.366686275 0.045395479687500004 0.330082353125 0.064926553125 0.33279215624999997 0.0678587578125 0.3531294125 0 0.4258 0 0.48609019531250003
4 0.731940678125 0.019082353125 0.7372881359375001 0.0052980390625 0.7372881359375001 0.0014352937499999999 0.6577231640625001 0.00010196093749999999 0.50537853125 0.14380784375 0.45850565000000004 0.1302509796875 0.2338954796875 0.00010196093749999999 0.000497175 0.0014588234375 0.0014745765625000001 0.019082353125 0.1147542375 0.097713725 0.15186440625 0.097713725 0.347175140625 0.181768628125 0.4282485875 0.18823529375 0.43531073437499995 0.18823529375 0.5014745765625 0.181768628125 0.5639745765625 0.149231371875 0.731940678125 0.019082353125
4 0.9144039546875 0.9626549015625001 0.8978022593749999 0.9368941171875 0.907567796875 0.8853764703125 0.8226073453125 0.8189490203125 0.7854971749999999 0.8379294125 0.7034661015625 0.79183529375 0.6565932203125 0.8081019609375 0.6429209046875 0.7728549015625 0.6038587578125 0.753874509375 0.5921384187500001 0.8053921562499999 0.5628418078124999 0.799968628125 0.5520988703125 0.7823450984375 0.5569830515625 0.767431371875 0.514014125 0.789125490625 0.51987288125 0.76200784375 0.5413587578125 0.7701450984375 0.563819209375 0.741674509375 0.558935028125 0.7267607843749999 0.521827684375 0.7267607843749999 0.49736723125 0.690196078125 0.4899067796875 0.690196078125 0.47104519843750003 0.6942235296875 0.46323163906250003 0.715917646875 0.4241694921875 0.6942235296875 0.40463841875 0.7186274515625 0.371435028125 0.7213372546875 0.3548333328125 0.7470980390624999 0.4270988703125 0.8392862750000001 0.42221751406249997 0.8569098046875 0.40170903906250005 0.8555529406250001 0.40561581875 0.8989333328125 0.467923728125 0.99607843125 0.9491525421875 0.99607843125 0.9491525421875 0.9760509796875001 0.9144039546875 0.9626549015625001
4 0.2655367234375 0.563996078125 0.2655367234375 0.5623764703125 0.241316384375 0.561031371875 0.2404180796875 0.5921568625 0.2621553671875 0.5921568625 0.2655367234375 0.563996078125
4 0.100491525 0.5741058828125001 0.10146892656249999 0.608 0.16787570624999998 0.5998666671875 0.19215819218750002 0.6470588234375 0.1928418078125 0.6470588234375 0.20986723125 0.6391803921875 0.20205367187499998 0.6202 0.21186440625 0.5997725484374999 0.21186440625 0.5825490203125 0.20888983125 0.5619058828125 0.11514124218749999 0.559196078125 0.100491525 0.5741058828125001
4 0.3467033890625 0.60376470625 0.3769774015625 0.63223529375 0.383813559375 0.6715490203125001 0.41896892656249995 0.668839215625 0.42580508437500003 0.6376588234375 0.3847909609375 0.60240784375 0.38186158125 0.552247059375 0.2861581921875 0.5576705875 0.28713559375000003 0.6593490203125 0.31625706249999996 0.6745098046875 0.3184774015625 0.6745098046875 0.3222909609375 0.62952156875 0.3467033890625 0.60376470625
4 0.87288135625 0.6965333328125001 0.7660819203125 0.668482353125 0.7738954796875 0.6874627453125 0.7572937859375 0.7294901953124999 0.8363954796874999 0.7633803921875 0.8383474578125 0.7254196078125 0.87288135625 0.6982117640625 0.87288135625 0.6965333328125001
4 0.698048021875 0.703996078125 0.74837288125 0.7254901953124999 0.74886723125 0.7254901953124999 0.7598870062499999 0.6694039218750001 0.7598870062499999 0.665831371875 0.702932203125 0.6484117640625 0.698048021875 0.703996078125
4 0.5023926546874999 0.5742313718750001 0.500437853125 0.606768628125 0.511180790625 0.62167843125 0.562556496875 0.6745098046875 0.5762711859375 0.6745098046875 0.5762711859375 0.5942117640625 0.5023926546874999 0.5742313718750001
