4 0.742937853125 0.0018196078125 0.617180790625 0.000486275 0.6005819203125 0.031666667187500004 0.6464802265625 0.060137254687499996 0.6709011296875 0.06274509843750001 0.6859802265625 0.06274509843750001 0.742937853125 0.004082353125 0.742937853125 0.0018196078125
4 0.601694915625 0.0065019609375 0.601694915625 0.0019372546875 0.515437853125 0.0019372546875 0.5809745765625001 0.031372548437499995 0.5821497171875001 0.031372548437499995 0.601694915625 0.0065019609375
4 0.874816384375 0.4753490203125 0.8826299437499999 0.4807725484375 0.8572401125000001 0.5160196078125 0.8621214687500001 0.5417764703125 0.864076271875 0.5173764703125 0.8679830515625 0.5309333328125 0.8826299437499999 0.5214431375 0.874816384375 0.572960784375 0.8826299437499999 0.5892274515625 0.8728644062500001 0.6027843140625 0.8826299437499999 0.610917646875 0.86700565 0.60820784375 0.8660282484374999 0.6420980390625 0.8474745765625 0.63260784375 0.8445451984375 0.4387450984375 0.8357542375 0.5187294125 0.84161581875 0.600074509375 0.8172005656250001 0.63667843125 0.7937627125 0.5987176468750001 0.77911581875 0.6244745093749999 0.8035282484374999 0.6285411765625 0.78888135625 0.63532156875 0.8152485875 0.6583686281250001 0.8425903953124999 0.65023529375 0.8445451984375 0.6692117640624999 0.8660282484374999 0.64752156875 0.86700565 0.6651450984375 0.8572401125000001 0.6678588234375 0.869935028125 0.6800588234375 0.8972796609374999 0.6692117640624999 0.90313841875 0.685482353125 0.90313841875 0.671925490625 0.9187627125000001 0.682768628125 0.9422005656250001 0.6692117640624999 0.948423728125 0.690196078125 0.94913559375 0.690196078125 0.950014125 0.671925490625 0.997175140625 0.668074509375 0.997175140625 0.5917764703125 0.994935028125 0.582447059375 0.9880988703125 0.5892274515625 0.9959124296875 0.5648235296874999 0.9832175140625001 0.5688901953125 0.9802853109375 0.5458431375 0.9880988703125 0.5377098046875 0.9802853109375 0.524152940625 0.9880988703125 0.49432941250000006 0.9802853109375 0.4807725484375 0.9880988703125 0.4753490203125 0.9802853109375 0.45907843125000003 0.9880988703125 0.399431371875 0.9802853109375 0.3912941171875 0.9880988703125 0.3777372546875 0.9802853109375 0.37231372500000004 0.9910282484374999 0.357403921875 0.9959124296875 0.3750274515625 0.997175140625 0.3390666671875 0.997175140625 0.26419215625 0.989076271875 0.2652156859375 0.9880988703125 0.2503019609375 0.997175140625 0.23980392187500002 0.997175140625 0.2357058828125 0.948059321875 0.21641176406249998 0.9422005656250001 0.297752940625 0.9392711859375 0.21505490156249998 0.8836073453125 0.19200784375 0.8826299437499999 0.2747058828125 0.874816384375 0.27199215625 0.8826299437499999 0.2801294125 0.8826299437499999 0.32893333281250003 0.874816384375 0.3316431375 0.8826299437499999 0.4265450984375 0.8757937859375 0.41976470624999995 0.874816384375 0.43196470624999994 0.8845847453125 0.4373882359375 0.874816384375 0.4753490203125
4 0.3685367234375 0.5946549015625 0.44763841875 0.6014313718750001 0.44666101718749995 0.562117646875 0.2972485875 0.5661843140625 0.30212994375 0.5431372546875 0.4261525421875 0.536360784375 0.4329887 0.27199607812500004 0.622443503125 0.2936901953125 0.6312316390625 0.319447059375 0.6331836156249999 0.533647059375 0.5784971750000001 0.5417803921875 0.5921694921875 0.5851647062499999 0.5765451984375 0.6285450984375001 0.59900565 0.63803529375 0.6322090390625 0.6082117640625 0.6761525421875 0.6041450984375001 0.6779661015625 0.3013568625 0.6779661015625 0.1144588234375 0.559943503125 0.0849098046875 0.53650565 0.057796078125000004 0.3704887 0.006282353124999999 0.00037288125 0.0022156859375 0.00037288125 0.99607843125 0.2059830515625 0.99607843125 0.2357231640625 0.9281568625000001 0.29431638437499996 0.9146000000000001 0.309943503125 0.9362901953125 0.3343559328125 0.915952940625 0.32068361562500003 0.875282353125 0.336310734375 0.7939411765625 0.32068361562500003 0.6149882359375 0.3685367234375 0.5946549015625
4 0.7021384187499999 0.632482353125 0.9938587578125 0.7294117640625 0.997175140625 0.7294117640625 0.997175140625 0.22869411718750002 0.8867090390625 0.1837450984375 0.997175140625 0.117647059375 0.997175140625 0.0048156859375 0.803700565625 0.0061490203125 0.6835819203125 0.11867450937499999 0.6874887000000001 0.6067254906249999 0.7021384187499999 0.632482353125
4 0.27501129999999996 1 0.3567090390625 0.999447059375 0.3615819203125 0.967886275 0.3615819203125 0.9599882359375 0.342062146875 0.9303098046875 0.2444039546875 0.9628431375 0.227805084375 0.988603921875 0.2306581921875 1 0.27501129999999996 1
4 0.5515706218750001 0.9187568625000001 0.5086016953125 0.9268901953125 0.492 0.8875764703125 0.4773502828125 0.8835098046875001 0.43145197812499997 0.958074509375 0.4412853109375 0.99607843125 0.686440678125 0.99607843125 0.686440678125 0.9950313718749999 0.5789152546875 0.8536823531250001 0.5564519781249999 0.8631725484375 0.5515706218750001 0.9187568625000001
4 0.5033531078125 0 0.3741610171875 0.00123529375 0.5458502828125 0.06274509843750001 0.5581553671874999 0.06274509843750001 0.5762711859375 0.0353098046875 0.5762711859375 0.0332156859375 0.5159774015624999 0 0.5033531078125 0
4 0.689435028125 0.10588235312500001 0.79661016875 0.005839215625 0.79661016875 0.0018666671875 0.7431412421875 0.00060784375 0.6825960453125 0.06568235312500001 0.5927514125 0.046701960937499995 0.56638418125 0.077882353125 0.680062146875 0.10588235312500001 0.689435028125 0.10588235312500001
4 0.48941525468749997 0.8745098046875001 0.49152542343750005 0.872313725 0.49152542343750005 0.6299294125 0.4482909609375 0.60992156875 0.4322033890625 0.755752940625 0.4322033890625 0.7610509796875 0.47270621406249996 0.8119215687500001 0.4745847453125 0.8745098046875001 0.48941525468749997 0.8745098046875001
4 0.573446328125 0.6326549015625 0.566940678125 0.61960784375 0.5649237281249999 0.61960784375 0.5555819203125 0.6278588234375 0.5555819203125 0.8420627453125 0.568432203125 0.8509803921874999 0.5712401125000001 0.8509803921874999 0.573446328125 0.728517646875 0.573446328125 0.6326549015625
