4 0 0.08935581406250001 0.0058589140625 0.08935581406250001 0.165038759375 0.070311628125 0.20507751875000002 0.001465115625 0.00097674375 0 0 0.08935581406250001
4 0.335937984375 0.06591860468750001 0.32812558125 0.09814418593749999 0.3623054265625 0.1611325578125 0.5517581390624999 0.2783209296875 0.587889921875 0.282713953125 0.8740232562499999 0.1845697671875 0.8867193796875 0.001465115625 0.3955085265625 0 0.335937984375 0.06591860468750001
4 0.334961240625 0.0585930234375 0.3886713171875 0.001465115625 0.20410232499999997 0.005860465625 0.164062015625 0.07177674375000001 0.193359690625 0.18017674374999998 0.21093798437500003 0.186034884375 0.31152403125 0.0820302328125 0.3154294578125 0.052734884375 0.3271488375 0.0498046515625 0.334961240625 0.0585930234375
4 0.163085271875 0.0732418609375 0.00097674375 0.0908209296875 0 0.1596674421875 0.0039069765625 0.1596674421875 0.165038759375 0.12597674375 0.1748046515625 0.1230465109375 0.177734884375 0.1127930234375 0.163085271875 0.0732418609375
4 0.21093798437500003 0.188965115625 0.28027286875 0.2373046515625 0.3876945734375 0.290039534375 0.398437209375 0.28857441875 0.4082031 0.250488371875 0.40527286875 0.23437441875 0.26074263593749997 0.1435558140625 0.21093798437500003 0.188965115625
4 0.2636713171875 0.1420906984375 0.26660154999999996 0.15234418593750002 0.3007813953125 0.1684581390625 0.29492248125 0.1450186046875 0.28222635625 0.14062558125 0.2783209296875 0.1230465109375 0.2636713171875 0.1420906984375
4 0.3603519375 0.1611325578125 0.33984341093750003 0.1772465109375 0.3623054265625 0.2050790703125 0.3720697671875 0.2021488375 0.4267581390625 0.2314441859375 0.5029302328125 0.2783209296875 0.5185550390625 0.29882790625 0.524413953125 0.295897675 0.522460465625 0.30175813906250004 0.5703131781249999 0.312011628125 0.572265115625 0.2915046515625 0.5654294578125 0.2841790703125 0.3701178296875 0.164062790625 0.3603519375 0.1611325578125
4 0.8994139531249999 0 0.8925782953124999 0.00732325625 0.8789069765624999 0.24169999999999997 0.8945317828125001 0.24169999999999997 1 0.20947209375 0.9990232562499999 0 0.8994139531249999 0
4 0.96972713125 0.5419930234375 0.9404294578125001 0.539062790625 0.9335937984375 0.5288093015625 0.9355472875 0.44970697656249997 0.9404294578125001 0.43359302343749995 1 0.42626976718750004 0.9990232562499999 0.21679767499999997 0.8779302328125 0.2460930234375 0.875 0.1977534890625 0.8603519374999999 0.193360465625 0.59472713125 0.2841790703125 0.5810542640625 0.2929697671875 0.5742186046875 0.31787209375000003 0.5507813953125 0.344237209375 0.54882790625 0.37353488437500004 0.555663565625 0.3925790703125 0.6035162796875 0.39697209375 0.6035162796875 0.48779302343750003 0.545897675 0.4951162796875 0.5351565890625001 0.5551767437499999 0.523437209375 0.5698232562500001 0.524413953125 0.5800790703125001 0.7216790703125 0.6035162796875 0.7451178296875 0.6035162796875 0.7685550390625 0.5888674421875 0.8623054265625001 0.6035162796875 0.8720697671875 0.6123046515625 0.8857426359374999 0.59472558125 0.8994139531249999 0.59472558125 0.912110078125 0.6137697671875 0.9199224812500001 0.672362790625 0.9355472875 0.6870116281249999 0.9404294578125001 0.6562511625 0.9707038765625 0.6518558140625 0.9726558140625 0.5639651156250001 0.96972713125 0.5419930234375
4 0.5937503875 0.54052790625 0.60937519375 0.5112302328125 0.6035162796875 0.49072325625 0.5576170546875 0.4951162796875 0.54492248125 0.48779302343750003 0.54492248125 0.399902325 0.5996093015625 0.39111395312499997 0.5810542640625 0.3603511625 0.5751953484375 0.375 0.5703131781249999 0.3706046515625 0.5703131781249999 0.3325186046875 0.58007751875 0.3237302328125 0.5771488375 0.319334884375 0.5361333328125 0.3164069765625 0.41699224843750005 0.243165115625 0.397460465625 0.295897675 0.3623054265625 0.28710930156250003 0.3242186046875 0.3559581390625 0.3251953484375 0.38378837187500003 0.428711628125 0.3544930234375 0.44726511562500004 0.3647465109375 0.44726511562500004 0.3852534890625 0.45410232500000003 0.3955069765625 0.4736325578125 0.3896488375 0.50097674375 0.3955069765625 0.5039069765625 0.5815418609375 0.5976558140625 0.5903325578125 0.579102325 0.585937209375 0.5703131781249999 0.5668953484375 0.5957038765625 0.5581046515625 0.5937503875 0.54052790625
4 0.29687441875 0.399902325 0.3574217046875 0.282713953125 0.3251953484375 0.26074186093749996 0.3154294578125 0.2783209296875 0.30371162812499997 0.25195348906250004 0.2763674421875 0.2548837203125 0.274413953125 0.240234884375 0.25097674375 0.21972558125 0.1201178296875 0.1464837203125 0.00097674375 0.1757813953125 0 0.44384651093749994 0.17382790625 0.452637209375 0.17871162812500002 0.43652325625 0.2626945734375 0.4423837203125 0.272460465625 0.43359302343749995 0.29687441875 0.399902325
4 0.49609302343749995 0.8188465109375 0.49609302343749995 0.7426767437499999 0.4873054265625 0.7353511625 0.45214883749999996 0.7294930234375 0.444336434375 0.720702325 0.41699224843750005 0.720702325 0.41113333281250003 0.7324209296874999 0.3955085265625 0.7236325578125 0.38671937968750003 0.7309581390625 0.382812403125 0.7602534890625 0.3720697671875 0.7617186046875 0.366210853125 0.7324209296874999 0.31152403125 0.7236325578125 0.3085937984375 0.7426767437499999 0.2978511625 0.7470697671875 0.29492248125 0.7221674421875 0.289062015625 0.719237209375 0.287110078125 0.6811534890625001 0.291015503125 0.6606441859375 0.30468682187499996 0.64892558125 0.2646480625 0.6298837203125001 0.24902325625000002 0.632811628125 0.23925736406250003 0.665039534375 0 0.8452139531249999 0.00097674375 0.9960930234375001 0.1513674421875 0.9960930234375001 0.1826170546875 0.9726558140625 0.162110078125 0.9946279062500001 0.57812558125 0.9975581390625001 0.6289069765625 0.8950186046875 0.6279302328125 0.884765115625 0.5029302328125 0.829102325 0.49609302343749995 0.8188465109375
4 0.212889921875 0.4790046515625 0.2646480625 0.47753953437499996 0.26562480625 0.44970697656249997 0.18066356562500002 0.4394534890625 0.179686821875 0.5288093015625 0.2001953484375 0.53027441875 0.2080077515625 0.5507813953125 0.21972713124999999 0.5507813953125 0.22753953437500002 0.53027441875 0.2353519375 0.53027441875 0.24023410781250001 0.537597675 0.24023410781250001 0.6284186046875 0.2597658921875 0.6284186046875 0.26562480625 0.6254883718750001 0.26562480625 0.5258790703125 0.2158201546875 0.524413953125 0.212889921875 0.4790046515625
