4 0.645508475 0.05965097968750001 0.6835932203125 0.063717646875 0.7441412421875 0.0013568625 0.6162118640625 0 0.5996101687500001 0.0311803921875 0.645508475 0.05965097968750001
4 0.6054689265625 0.0013568625 0.51562429375 0.0013568625 0.5820310734375 0.0311803921875 0.6054689265625 0.0013568625
4 1 0.603286275 0.9951158187500001 0.5829490203125001 0.9882824859375001 0.5897294125 0.9960932203124999 0.565325490625 0.9833983046875 0.56939215625 0.9804689265625001 0.5463450984375 0.9882824859375001 0.5382117640625 0.9804689265625001 0.5246549015624999 0.9882824859375001 0.494831371875 0.9804689265625001 0.48127450937500005 0.9882824859375001 0.4758509796875 0.9804689265625001 0.4595803921875 0.9882824859375001 0.3999294125 0.9804689265625001 0.391796078125 0.9882824859375001 0.37823921562499996 0.9804689265625001 0.3728156859375 0.9912118640625 0.3579058828125 0.9960932203124999 0.3755294125 1 0.264360784375 0.9892570624999999 0.265717646875 0.9882824859375001 0.250803921875 1 0.237247059375 0.9482429375000001 0.216913725 0.9423841812499999 0.2982549015625 0.939451978125 0.2155568625 0.8837881359375 0.1925098046875 0.882813559375 0.27520784374999996 0.875 0.2724941171875 0.882813559375 0.280631371875 0.882813559375 0.32943529374999997 0.875 0.3321450984375 0.882813559375 0.4270431375 0.8759774015625 0.4202666671875 0.875 0.4324666671875 0.8847655375000001 0.4378901953125 0.875 0.4758509796875 0.882813559375 0.48127450937500005 0.8574209046875 0.51652156875 0.8623050843750001 0.54227843125 0.8642570624999999 0.51787843125 0.8681638421875 0.53143529375 0.882813559375 0.5219450984375 0.875 0.5734588234375 0.882813559375 0.5897294125 0.873048021875 0.603286275 0.882813559375 0.6114196078125 0.867186440625 0.6087098046875 0.8662118640625 0.6426000000000001 0.8476553671874999 0.6331098046875 0.8447259890625001 0.43924705937499997 0.835937853125 0.519231371875 0.8417966109374999 0.6005725484375 0.8173841812499999 0.6371764703125 0.793946328125 0.5992196078124999 0.7792966109374999 0.6249764703125 0.8037118640625 0.6290431375 0.789062146875 0.6358235296875 0.815429378125 0.6588705874999999 0.8427740109374999 0.6507372546875 0.8447259890625001 0.669713725 0.8662118640625 0.6480235296875 0.867186440625 0.665647059375 0.8574209046875 0.668360784375 0.8701158187500001 0.680560784375 0.8974604515625 0.669713725 0.903319209375 0.6859843140625 0.903319209375 0.6724274515625 0.9189463281249999 0.6832705875 0.9423841812499999 0.669713725 0.9492175140624999 0.692760784375 0.9501949156249999 0.6724274515625 1 0.668360784375 1 0.603286275
4 0 0.9964392156249999 0.2050790953125 0.9964392156249999 0.23535028281249998 0.9272980390625 0.293946328125 0.9137411765625 0.309570621875 0.9354313718749999 0.3339830515625 0.9150980390625 0.320313559375 0.8744274515624999 0.335937853125 0.793082353125 0.320313559375 0.6141333328125 0.3681638421875 0.593796078125 0.44726553750000003 0.6005725484375 0.44628813593750005 0.5612588234375 0.29687570625 0.565325490625 0.3017570625 0.54227843125 0.4257824859375 0.5355019609375 0.43261581875 0.2711411765625 0.6220706218750001 0.292831371875 0.6308587578125 0.31858823593749996 0.632813559375 0.5327882359375 0.57812429375 0.5409254906250001 0.5917966109374999 0.5843058828125 0.576172315625 0.6276901953125 0.59863276875 0.6371764703125 0.6318361578125 0.607352940625 0.6757824859375 0.603286275 0.6787118640625 0.11387843125 0.5595706218750001 0.08405490156249999 0.53613276875 0.056941176562499994 0.37011581875 0.0054235296874999995 0 0.0013568625 0 0.9964392156249999
4 1 0.004066667187499999 0.8037118640625 0.0054235296874999995 0.6835932203125 0.1179450984375 0.6875 0.605996078125 0.7021497171875 0.6317568625 1 0.73072156875 1 0.229113725 0.8867175140624999 0.18301960781249998 1 0.11523529375 1 0.004066667187499999
4 0.22851694843749998 0.9883058828125 0.23144632812500002 1 0.3574209046875 0.9991490203125 0.3632824859375 0.9611921562499999 0.34277401093750004 0.93000784375 0.24511581875 0.9625450984375 0.22851694843749998 0.9883058828125
4 0.5087881359375 0.9272980390625 0.492186440625 0.8879843140625001 0.4775395484375 0.883913725 0.43164124218750005 0.95847843125 0.44238418125 1 0.6894519781249999 0.9991490203125 0.5791016953125 0.8540901953125 0.5566412421875 0.8635803921875 0.5517570625 0.9191647062499999 0.5087881359375 0.9272980390625
4 0.5566412421875 0.06642745156249999 0.57812429375 0.0338941171875 0.5166016953125 0 0.375 0.0013568625 0.5566412421875 0.06642745156249999
4 0.5927740109374999 0.0460941171875 0.5664067796875 0.077274509375 0.6875 0.10710196093749999 0.8007824859375001 0.0013568625 0.7431638421875 0 0.68261581875 0.065074509375 0.5927740109374999 0.0460941171875
4 0.43164124218750005 0.7605450984375 0.4726553671875 0.8120627453125 0.47461016875000006 0.8771372546875 0.48437570625 0.8798470593750001 0.492186440625 0.871713725 0.492186440625 0.6304000000000001 0.4482429375 0.6100627453125 0.43164124218750005 0.7605450984375
4 0.554686440625 0.8418901953125 0.570313559375 0.8527333328125 0.5742175140625 0.6358235296875 0.5654293781249999 0.6182000000000001 0.554686440625 0.6276901953125 0.554686440625 0.8418901953125
