4 0.6554548015624999 0 0.4502231640625 0.0091058828125 0.559824859375 0.121568628125 0.5677711859375 0.121568628125 0.6035423734375 0.1026509796875 0.6335254234375001 0.121568628125 0.6381045203125 0.121568628125 0.8361581921875001 0.001447059375 0.8361581921875001 0.0009647062499999999 0.753573446875 0 0.7207429375000001 0 0.7217062140625 0.030796078124999997 0.6972937859375 0.053843137500000006 0.6787372875 0.0389333328125 0.6642316390625 0 0.6554548015624999 0
4 0 0.7411764703125 0.009491525 0.7411764703125 0.4069661015625 0.6211058828125 0.41966384218749997 0.514003921875 0.44993502812499997 0.5072274515624999 0.4743502828125 0.4733333328125 0.470443503125 0.3567450984375 0.47923163906250005 0.3472549015625 0.5407570625 0.3703019609375 0.54661581875 0.489603921875 0.5554039546875 0.501803921875 0.5621468921874999 0.2158117640625 0.5621468921874999 0.12701568593749998 0.4557966109375 0.024596078125 0.44505367187499995 0.11000784374999999 0.42259322031249996 0.1194980390625 0.41966384218749997 0.0612 0.40208474531249994 0.0449333328125 0.41966384218749997 0.012396078125 0.41087288125 0.000196078125 0.0007175140625 0.000196078125 0 0.5448431375 0 0.7411764703125
4 0.6977401125 0.1017490203125 0.6977401125 0.10157647031249999 0.6784632765625 0.1042509796875 0.6814011296875 0.10588235312500001 0.6927796609375 0.10588235312500001 0.6977401125 0.1017490203125
4 0.6252881359375 0.13038823593749999 0.6067542375 0.10980392187500002 0.6040225984375 0.10980392187500002 0.56962429375 0.13174509843749999 0.561813559375 0.5004941171875 0.5715790953125001 0.49778431406249996 0.58036723125 0.4476235296875 0.57938983125 0.557431371875 0.5962881359375001 0.5607843140625 0.6071497171875 0.5607843140625 0.6233361578125 0.4801568625 0.71513276875 0.4828705875 0.7356412421875 0.44084313750000004 0.7457627125 0.18467843125 0.7457627125 0.11934902031250001 0.676070621875 0.11412156874999999 0.6252881359375 0.13038823593749999
4 0.9154265531249999 0.62387843125 0.946327684375 0.6303764703125 0.946327684375 0.5343725484374999 0.7259717515624999 0.5154235296875 0.712299434375 0.4801725484375 0.6273389828125 0.486952940625 0.6400338984375 0.572360784375 0.654683615625 0.5682941171875 0.66737853125 0.5208431375 0.6937457625000001 0.5276235296875 0.7083926546875 0.5804941171875 0.7611271187499999 0.5344 0.774799434375 0.588631371875 0.847064971875 0.599474509375 0.8665960453125001 0.5669372546875 0.8802683609375 0.5669372546875 0.9154265531249999 0.62387843125
4 0.9370903953124999 0.7396627453125 0.8492005656250001 0.7044156859374999 0.8384576265625 0.9037019609374999 0.8267401124999999 0.922682353125 0.8567146890625 0.9411764703125 0.8620282484375 0.9411764703125 0.8667796609374999 0.8264274515625001 0.968926553125 0.819674509375 0.968926553125 0.8136666671875 0.96736440625 0.7898235296875 0.9322090390625 0.7654235296875 0.9370903953124999 0.7396627453125
4 0.6192740109375 0.8057490203125001 0.714449153125 0.8627450984375 0.719014125 0.8627450984375 0.7286468921875 0.6674666671875 0.57337570625 0.6173058828125 0.568491525 0.6864470593750001 0.6202485875 0.7176274515625 0.632946328125 0.740674509375 0.6192740109375 0.8057490203125001
4 0.6515790953125 1 0.8587570625 0.9993764703125001 0.8587570625 0.9983607843750001 0.613050846875 0.816352940625 0.6003559328125 0.8231294124999999 0.61012146875 0.890917646875 0.5808248593750001 0.9098941171874999 0.5779039546875 1 0.6515790953125 1
4 1 0.47022745156249995 0.9580395484374999 0.4715843140625 0.9492514125 0.5353019609375 0.9609717515625 0.7223882359375 0.98538418125 0.72916470625 0.9983954796875001 0.7568627453125 1 0.7568627453125 1 0.47022745156249995
4 0.99686440625 0 0.984076271875 0.0035490203125000002 0.9801694921875 0.027952940625 0.9567344625 0.41839215625000004 0.9567344625 0.44279607812500005 0.9589406781250001 0.4431372546875 0.9854124296875 0.4431372546875 0.997175140625 0.44062352968749996 0.997175140625 0 0.99686440625 0
