4 0.264937984375 0 0.26396434062499996 0.051113953125 0.3381829453125 0.2620511625 0.3642418609375 0.2953488375 0.418097675 0.2953488375 0.66142480625 0.26937674375 0.761240309375 0.0033627906249999997 0.761240309375 0.0013046515625 0.5865705421875 0 0.5657162796875 0 0.5647457359375 0.0247465109375 0.5540031 0.0525790703125 0.5325193796875001 0.0701558140625 0.5071286828125 0.073086046875 0.48759690000000006 0.064297675 0.4709953484375 0.04232558125 0.4661302328125 0 0.264937984375 0
4 0.166810853125 0.6116906984375 0.167787596875 0.662960465625 0.18647751875000002 0.6651162796875 0.194663565625 0.6651162796875 0.2410294578125 0.6409860468749999 0.26837364375 0.6380581390625 0.2673969 0.6072953484375 0.2742325578125 0.602902325 0.3523581390625 0.5911813953125 0.359689921875 0.5728534890625 0.359689921875 0.5679953484375 0.3523581390625 0.561886046875 0.166810853125 0.6116906984375
4 0.0356031 0 0.026818604687499997 0.46412790625 0.0336542640625 0.4685209296875 0.043420154687500004 0.45680232500000006 0.0570930234375 0.45680232500000006 0.07662325625000001 0.47438139531249995 0.14107751875000002 0.48316976718750004 0.15377209375 0.502213953125 0.163537984375 0.5754558140625 0.16869302343749998 0.5767441859375 0.1843410859375 0.5767441859375 0.36124030937499996 0.5447906984374999 0.36124030937499996 0.51797674375 0.35884961249999997 0.39967441875 0.351037209375 0.3410813953125 0.35884961249999997 0.32057209375 0.34420155 0.3132488375 0.2465457359375 0.3132488375 0.0629519375 0.20192092968750003 0.056116279687500006 0.1916674421875 0.06099845 0.17848372031249998 0.13619379843749999 0.136002325 0.1420527125 0.001237209375 0.052186046875 0 0.0356031 0
4 0.334437209375 0.260465115625 0.3348837203125 0.260465115625 0.3348837203125 0.2597930234375 0.260314728125 0.052065115625000005 0.2534790703125 0.1795069765625 0.334437209375 0.260465115625
4 0.3751937984375 0.3754837203125 0.36680930156249997 0.3697674421875 0.3654666671875 0.3697674421875 0.35932248125 0.37371860468749996 0.35932248125 0.5260627906249999 0.364711628125 0.539534884375 0.36554263593749997 0.539534884375 0.3751937984375 0.5081697671875001 0.3751937984375 0.3754837203125
4 0.6852713171875 0.5197302328125 0.6753286828125 0.515662790625 0.6684930234375 0.4995511625 0.6636093015625 0.2754302328125 0.384313178125 0.2988674421875 0.37064030937500003 0.3164441859375 0.3501333328125 0.320839534375 0.35306356562499996 0.357460465625 0.5425162796875 0.3545302328125 0.5493519375 0.3618558140625 0.5513054265624999 0.5493558140625 0.57962480625 0.5596093015625 0.67239845 0.5581441859375 0.6852713171875 0.522286046875 0.6852713171875 0.5197302328125
4 0.8077410859375 0.6069790703125 0.8038341078125001 0.5923325578124999 0.7979751937499999 0.6040511625 0.7774666671875 0.5996558140625 0.7813736437500001 0.6523906984375001 0.7901627906249999 0.6626441859375001 0.9659441859375001 0.782760465625 0.9742589140625 0.7837209296875 0.9786434109375 0.7837209296875 0.979615503125 0.674362790625 0.8311782953125 0.6187 0.8077410859375 0.6069790703125
4 0.7978682171875 0.5587581390625 0.80177364375 0.5821953484375 0.9773224812500001 0.6325581390624999 0.9798449609375 0.6325581390624999 0.9798449609375 0.5972837203125 0.9775550390625 0.46793720937499994 0.9726728687499999 0.469402325 0.9736496125 0.482586046875 0.858415503125 0.47965581406249996 0.8232589140625001 0.49137674374999996 0.6744186046875 0.5045093015625 0.6744186046875 0.5047930234375 0.6845875968749999 0.5089534890625 0.6884930234375 0.5265325578125 0.7353674421874999 0.5236023249999999 0.746110078125 0.554362790625 0.7568527125 0.5646186046875 0.7978682171875 0.5587581390625
4 0.775813953125 0.5961813953124999 0.7572589140625 0.5888558140625 0.758235659375 0.637197675 0.7737674421875 0.644186046875 0.7767441859375 0.644186046875 0.7767441859375 0.6199069765624999 0.775813953125 0.5961813953124999
4 0.6090837203125 0.7717534890625 0.6168961234375 0.64577674375 0.611037209375 0.6252697671874999 0.6549829453125 0.6208744187499999 0.658914728125 0.6102581390624999 0.658914728125 0.58772325625 0.657913178125 0.56667441875 0.5514666671875 0.5593511624999999 0.548537984375 0.5754651156249999 0.5543969 0.6076906984375 0.547561240625 0.6355232562500001 0.470412403125 0.6340581390625 0.4645534890625 0.8537837203124999 0.47920155 0.8669674421875 0.5241240312500001 0.8728279062500001 0.531936434375 0.8669674421875 0.5377953484375 0.9138441859374999 0.58667751875 0.9186046515624999 0.6129240312500001 0.9186046515624999 0.6090837203125 0.7717534890625
4 0.3639906984375 0.56247441875 0.3658914734375 0.55582325625 0.3658914734375 0.5519999999999999 0.346412403125 0.5478255812499999 0.16672558125 0.5800511625 0.164136434375 0.6046511625 0.1911178296875 0.6046511625 0.344460465625 0.5683325578125 0.3639906984375 0.56247441875
4 0.9778387593750001 0.63332325625 0.7991286828125 0.5849837203125 0.8040108531250001 0.6069558140625 0.9767441859374999 0.6720930234375 0.9782945734374999 0.6720930234375 0.9782945734374999 0.6517790703124999 0.9778387593750001 0.63332325625
4 0.533787596875 0.9166790703125001 0.532810853125 0.8800581390625 0.5044914734375 0.8698046515625 0.469334884375 0.8698046515625 0.456638759375 0.8800581390625 0.43320155 0.9503697671875001 0.4273426359375 0.9884558140624999 0.4282201546875 0.99767441875 0.5643178296875 0.99767441875 0.6201550390625 0.9972488374999999 0.6201550390625 0.991739534375 0.613865115625 0.928397675 0.533787596875 0.9166790703125001
