4 0.3055038765625 0.1733 0.35823720937500003 0.290488371875 0.42855038749999996 0.2934162796875 0.4402697671875 0.3022069765625 0.4559193796875 0.30232558125 0.6355426359374999 0.30232558125 0.66097209375 0.290488371875 0.6961286828125 0.258260465625 0.9472868218749999 0.0037093015625000005 0.9472868218749999 0.0019023249999999998 0.7273782953125 0.0004488375 0.717612403125 0.01802558125 0.6980821703125 0.01802558125 0.6980821703125 0.0004488375 0.22933178281250002 0.0004488375 0.232262015625 0.025351162500000003 0.22347286875 0.0356046515625 0.1980821703125 0.023886046875 0.1912465109375 0.013632557812500001 0.1922217046875 0.0004488375 0.109213953125 0.001913953125 0.1111674421875 0.0224209296875 0.2117534890625 0.164511628125 0.3055038765625 0.1733
4 0.12397209375 0.6279069765624999 0.1359550390625 0.6099325578125 0.173065115625 0.612862790625 0.1779472875 0.605537209375 0.1779472875 0.28327209375 0.1759953484375 0.18952325625 0.170134884375 0.1631558140625 0.20465116249999998 0.1602790703125 0.20465116249999998 0.15930697656249998 0.11837829531249999 0.035713953124999996 0.108612403125 0.035713953124999996 0.092987596875 0.0562209296875 0.0695488375 0.05329069843749999 0.02267441875 0.0298534890625 0.0011906984375 0.003486046875 0.000213953125 0.3037790703125 0.046111628125 0.29352558125 0.07736124062500001 0.2964558140625 0.10958914687500002 0.31842790625 0.11740155000000001 0.35358372031249996 0.11740155000000001 0.5703813953125 0.12315348906250001 0.6279069765624999 0.12397209375 0.6279069765624999
4 0.068697675 0.8302325578125 0.07045426406250001 0.8302325578125 0.0834666671875 0.816288371875 0.0837209296875 0.812865115625 0.0837209296875 0.8035930234374999 0.05612403125 0.8221488375 0.068697675 0.8302325578125
4 0.19224806249999998 0.9320930234375 0.19224806249999998 0.9214186046874999 0.180536434375 0.9173651156249999 0.173812403125 0.941860465625 0.1913178296875 0.941860465625 0.19224806249999998 0.9320930234375
4 0.1693922484375 0.9821441859375 0.174097675 0.99767441875 0.18166821718749998 0.99767441875 0.19224806249999998 0.9968395343750001 0.19224806249999998 0.9854558140625 0.1918527125 0.9777511625 0.1693922484375 0.9821441859375
4 0.2852713171875 0.885337209375 0.28417519375 0.8793093015625001 0.26171472812499996 0.8924930234374999 0.2636666671875 0.91007209375 0.2678186046875 0.91162790625 0.272700775 0.91162790625 0.2852713171875 0.897486046875 0.2852713171875 0.885337209375
4 0.24341085312500002 0.9273441859375 0.23949457343749997 0.9073674421875 0.2170542640625 0.917611628125 0.2170542640625 0.9322813953125 0.22691007812500003 0.9372093015624999 0.2312077515625 0.9372093015624999 0.24341085312500002 0.9326325578124999 0.24341085312500002 0.9273441859375
4 0.1387426359375 0.9209302328125 0.147286821875 0.902988371875 0.147286821875 0.8735790703124999 0.147 0.861988371875 0.13723565937499999 0.861988371875 0.13235193750000002 0.8722418609375 0.13235193750000002 0.9161860468749999 0.1370945734375 0.9209302328125 0.1387426359375 0.9209302328125
4 0.28992248125 0.9326697671874999 0.2836310078125 0.92862558125 0.2689829453125 0.9418093015625001 0.2670294578125 0.96817441875 0.27733178281250004 0.99767441875 0.2887162796875 0.99767441875 0.28992248125 0.997534884375 0.28992248125 0.9326697671874999
4 0.09922480624999999 0.87157209375 0.07942480625000001 0.8651162796874999 0.077210853125 0.8651162796874999 0.0744186046875 0.9307279062499999 0.0744186046875 0.9332837203125001 0.07975038749999999 0.9348837203125001 0.08638449687500001 0.9348837203125001 0.09922480624999999 0.927660465625 0.09922480624999999 0.87157209375
4 0.369936434375 0.7324232562499999 0.34552248125 0.7514674421875001 0.324038759375 0.8159209296875 0.30450697656250003 0.842288371875 0.3054837203125 0.99902558125 0.796899225 0.997565115625 0.796899225 0.992688371875 0.791812403125 0.9785186046875 0.61407751875 0.7265651156249999 0.4519689921875 0.7382837203125 0.369936434375 0.7324232562499999
4 0.9977441859375 0.8097674421875001 0.9616108531249999 0.7965837203125 0.9557519375 0.781934884375 0.94012713125 0.7731465109375 0.9342682171875 0.7790046515625 0.924502325 0.767286046875 0.92157209375 0.9914069765625 0.964663565625 0.9930232562500001 0.9984496125 0.9930232562500001 0.9984496125 0.8185558140625 0.9938372093750001 0.8185558140625 0.9977441859375 0.8097674421875001
4 0.95760155 0 0.91517674375 0.034711628125 0.685685271875 0.2705511625 0.685685271875 0.443402325 0.687637209375 0.46683953437500003 0.6983798453125 0.4829534890625 0.704238759375 0.46830465156249995 0.7267007750000001 0.4580511625 0.720840309375 0.4551209296875 0.7247472875 0.443402325 0.720840309375 0.279339534375 0.72572403125 0.2720162796875 0.9190837203125 0.10502325625 0.9181069765625001 0.7158627906249999 0.9288480625 0.7378372093750001 0.952286821875 0.7524837203125 0.954238759375 0.76127441875 0.9879100781249999 0.7837209296875 0.9966573640625 0.7837209296875 1 0.783265115625 1 0.001013953125 0.9709054265624999 0 0.95760155 0
4 0.449913178125 0.55912790625 0.45382015468750003 0.550339534375 0.512413953125 0.550339534375 0.5191643406249999 0.560465115625 0.5665069765624999 0.560465115625 0.583702325 0.5547325578125 0.575889921875 0.51957674375 0.5788201546875 0.500534884375 0.5846790703125 0.49467441875 0.6100697671875001 0.500534884375 0.6201550390625 0.48815581406249997 0.6201550390625 0.48734186093750004 0.51827286875 0.485886046875 0.512413953125 0.4478 0.45186666718749996 0.4478 0.44307751875 0.49027907031250006 0.442100775 0.5386186046875 0.44014883749999995 0.49174418593749997 0.4059689921875 0.49613953437499997 0.41378139531249997 0.4990697671875 0.4079209296875 0.510788371875 0.42159379843749994 0.5254372093749999 0.42159379843749994 0.5371558140625 0.40987441875 0.54887441875 0.42452248125000003 0.55912790625 0.449913178125 0.55912790625
4 0.45559069843750005 0.550639534375 0.5727782953125 0.5623604656250001 0.5835209296875 0.557965115625 0.5757085265625 0.5110906984375 0.5864511625 0.49497674375 0.60012248125 0.5066953484375001 0.6489503875 0.500834884375 0.657364340625 0.4910209296875 0.657364340625 0.4904813953125 0.6196542640625 0.48032790625 0.5180914734375001 0.48618837187499997 0.5122325578125 0.44810232499999997 0.453638759375 0.44810232499999997 0.44582635625 0.48618837187499997 0.3218031 0.49058139531249995 0.3247317828125 0.5125534890625 0.34719224843749996 0.5228093015625 0.3305906984375 0.5213441859375 0.3218031 0.5374558140625 0.3244697671875 0.5627906984375 0.429085271875 0.5627906984375 0.44777829531249996 0.5623604656250001 0.45559069843750005 0.550639534375
