4 0 0.06884651093750001 0.0048821703125 0.0732418609375 0.382812403125 0.2622069765625 0.375 0.2211906984375 0.3789069765625 0.1772465109375 0.38671937968750003 0.1450186046875 0.42187441875 0.10400465156250001 0.42382790625 0.062988371875 0.399413953125 0.055665115625 0.38671937968750003 0.0336906984375 0.38183565937499997 0 0 0.001465115625 0 0.06884651093750001
4 0.4824217046875 0.0278325578125 0.47656279062499995 0.042481395312499996 0.46777364375 0.0585930234375 0.4482418609375 0.061523256250000005 0.43945271249999995 0.0805674421875 0.44726511562500004 0.1215813953125 0.48437519375000004 0.171386046875 0.4804682171875 0.2709953484375 0.4902341078125 0.27392558125 0.90527286875 0.1289069765625 0.937500775 0.001465115625 0.47949147343750004 0 0.4824217046875 0.0278325578125
4 0.1562496125 0.7163093015625 0.1562496125 0.484862790625 0.177734884375 0.44970697656249997 0.1826170546875 0.38378837187500003 0.1923829453125 0.3955069765625 0.2001953484375 0.380860465625 0.2060542640625 0.3955069765625 0.22363255781250002 0.38378837187500003 0.22949147343749998 0.3925790703125 0.23339845 0.38378837187500003 0.2373054265625 0.43359302343749995 0.25097674375 0.41601627968750005 0.2705085265625 0.4101558140625 0.290038759375 0.4482418609375 0.31347596875 0.4423837203125 0.33886666718749997 0.46289069843749997 0.430663565625 0.45996046562500004 0.43359379843749996 0.3002930234375 0.00097674375 0.07617209375 0 0.654786046875 0.030272868749999998 0.6533209296875 0.028320929687500003 0.6357418609375001 0.03222635625 0.641602325 0.0439457359375 0.6357418609375001 0.04492248125 0.6518558140625 0.056640309374999996 0.6606441859375 0.0644527125 0.6840813953125 0.0644527125 0.733886046875 0.071288371875 0.75 0.0820310078125 0.7485348843749999 0.1064449609375 0.7382813953125 0.11035193750000001 0.726562790625 0.13378914687500001 0.7294930234375 0.1562496125 0.7163093015625
4 0.070313178125 0.7573232562500001 0.0908201546875 0.7910162796875 0.0996093015625 0.7924813953125 0.1591798453125 0.7675790703125001 0.162110078125 0.7309581390625 0.1513674421875 0.726562790625 0.070313178125 0.7573232562500001
4 0.43359379843749996 0.3002930234375 0.43359379843749996 0.4584953484375 0.48437519375000004 0.46142558125 0.4726558140625 0.3090813953125 0.45996124062500005 0.28710930156250003 0.4404294578125 0.2929697671875 0.43359379843749996 0.3002930234375
4 1 0.001465115625 0.944336434375 0 0.914062015625 0.11572325624999999 0.9033209296875 0.134765115625 0.8134759687500001 0.1669930234375 0.8007813953125 0.1831046515625 0.804686821875 0.20068372031249998 0.79687441875 0.25927674375 0.822265115625 0.28564418593749996 0.8085937984375 0.3559581390625 0.8037116281250001 0.3632813953125 0.7841798453125 0.3574209296875 0.7812496125 0.3647465109375 0.7841798453125 0.375 0.79687441875 0.3793953484375 0.79687441875 0.42919999999999997 0.787110078125 0.46728604687499997 0.79492248125 0.5141604656250001 0.8134759687500001 0.539062790625 0.8232418609375 0.506834884375 0.8916015500000001 0.5126953484375 0.9042961234375 0.531737209375 0.9091798453125 0.5712883718749999 1 0.64892558125 1 0.3002930234375 0.9833984499999999 0.3251953484375 0.9716790703125 0.3251953484375 0.947265115625 0.2915046515625 0.9433596906249999 0.23876976718749998 0.9550775187499999 0.109862790625 0.9873054265625001 0.055665115625 1 0.048339534375 1 0.001465115625
4 0.804686821875 0.3706046515625 0.7929689921875 0.35888604687500003 0.7695317828125 0.3002930234375 0.7841798453125 0.272460465625 0.8066403093750001 0.2622069765625 0.802734884375 0.2534186046875 0.8134759687500001 0.1699209296875 0.756835659375 0.1875 0.7539069765625 0.20947209375 0.726562790625 0.23290930156249998 0.7304682171875 0.350097675 0.7187503875 0.49951162812499994 0.726562790625 0.5346674421875 0.73437519375 0.5346674421875 0.7529302328125 0.5185558140625 0.8017581390625 0.5185558140625 0.8085937984375 0.5083 0.804686821875 0.3706046515625
4 0.5185550390625 0.7705069765625 0.5576170546875 0.7675790703125001 0.59472713125 0.779297675 0.6083984499999999 0.7705069765625 0.648437209375 0.725097675 0.6455085265625 0.6855465109375001 0.5595705421875 0.6591790703125 0.524413953125 0.6591790703125 0.4814449609375 0.679688371875 0.39160154999999996 0.694334884375 0.38574263593749997 0.7089837203125 0.36816434062500003 0.7089837203125 0.20410232499999997 0.7910162796875 0.1689457359375 0.7705069765625 0.1533209296875 0.7705069765625 0.0996093015625 0.7954093015625 0.0996093015625 0.8042 0.17285116250000002 0.9111325578124999 0.26660154999999996 0.8789069765624999 0.2929689921875 0.9418953484375001 0.29492248125 0.9946279062500001 0.2998046515625 0.9990232562499999 0.507812403125 0.9975581390625001 0.5097658921875 0.9272465109375 0.4941410859375 0.8481441859375 0.5058589140625 0.7924813953125 0.5185550390625 0.7705069765625
4 0.616210853125 0.6123046515625 0.6083984499999999 0.6035162796875 0.6044914734375 0.618165115625 0.587889921875 0.6284186046875 0.586914728125 0.63867209375 0.552734884375 0.654786046875 0.64062480625 0.67822325625 0.6562496125 0.6196279062500001 0.649413953125 0.6064441859375 0.62402325625 0.6035162796875 0.616210853125 0.6123046515625
4 0.79882790625 0.6108395343749999 0.8066403093750001 0.6372069765624999 0.8388666671875 0.615234884375 0.8437503875000001 0.593262790625 0.8076170546875 0.585937209375 0.79882790625 0.6108395343749999
4 0.9033209296875 0.59472558125 0.8701178296875 0.591797675 0.8652341078125 0.5991209296875 0.8671875968749999 0.6254883718750001 0.8925782953124999 0.6518558140625 0.915038759375 0.711913953125 0.9218744187500001 0.66357441875 0.9384759687500001 0.6621093015625 1 0.7426767437499999 0.9970697671875 0.6503906984375 0.9111333328125 0.5742186046875 0.9042961234375 0.5756837203125 0.9033209296875 0.59472558125
