4 0.8729922484375001 0.00052558125 0.7765906984375001 0.00052558125 0.7666015500000001 0.006386046875 0.689699225 0.006386046875 0.6283441859375001 0.001560465625 0.49902325625 0.0122441859375 0.5107426359375 0.009313953125 0.48339845 0.00052558125 0 0.0019906984374999997 0.00097674375 0.07962790625 0.17675813906249999 0.044472093750000004 0.1835937984375 0.16312325625 0.18066356562500002 0.211462790625 0.00097674375 0.2788465109375 0.00097674375 0.4253302328125 0.0341798453125 0.43997907031250005 0.0498046515625 0.4575581390625 0.1220697671875 0.44583720937500004 0.2685550390625 0.4634162796875 0.4643969 0.47209302343750004 0.50157674375 0.47209302343750004 0.5058589140625 0.46781162812500005 0.5058589140625 0.4355837203125 0.5146480625 0.4165418609375 0.5732418609375001 0.41068139531250003 0.6396480625 0.319862790625 0.8115240312499999 0.2466186046875 0.8310542640625 0.24076046562500003 0.868164340625 0.2466186046875 0.9990232562499999 0.29349534843749997 1 0.0107790703125 0.9833984499999999 0.009313953125 1 0.00052558125 0.9700170546875 0.00052558125 0.8729922484375001 0.00052558125
4 0.6376248062500001 0.1176790703125 0.748336434375 0.11890930156249999 0.790137984375 0.0756465109375 0.73502325625 0.0120488375 0.7371937984375 0.010120929687499999 0.689699225 0.006386046875 0.6591798453125 0.006386046875 0.6455085265625 0.023962790625 0.586914728125 0.023962790625 0.585937984375 0.0664441859375 0.600586046875 0.0737674421875 0.601562790625 0.092811628125 0.6103519375 0.10306511562500001 0.6142573640625 0.0972046515625 0.617187596875 0.107460465625 0.60937519375 0.1162488375 0.60937519375 0.12638139531249998 0.6376248062500001 0.1176790703125
4 0.60937519375 0.12638139531249998 0.607787596875 0.1268697671875 0.60937519375 0.130897675 0.60937519375 0.12638139531249998
4 0.607787596875 0.1268697671875 0.5886527125 0.07833720937500001 0.5750542640625 0.09538604687499999 0.5520263562500001 0.1440488375 0.607787596875 0.1268697671875
4 0.5520263562500001 0.1440488375 0.48535193750000005 0.164588371875 0.49706976718749996 0.17337674375 0.506835659375 0.16165813906249998 0.5019534890624999 0.236365115625 0.5107426359375 0.24954883749999998 0.53027286875 0.23490000000000003 0.5361333328125 0.24954883749999998 0.545897675 0.24954883749999998 0.5546868218750001 0.236365115625 0.5605472875 0.17777209375 0.5478511625 0.1528697671875 0.5520263562500001 0.1440488375
4 0.19372713125000002 0.6872418609375 0.184937984375 0.6828465109375 0.2200945734375 0.6740581390625 0.41150077500000004 0.6418325578124999 0.418336434375 0.5905627906250001 0.4144310078125 0.511460465625 0.46814108593750003 0.5099953484374999 0.4779069765625 0.49534651093750004 0.5052511625 0.489488371875 0.50542635625 0.48817209375 0.50542635625 0.48210232499999994 0.3353286828125 0.46898139531250005 0.325562790625 0.489488371875 0.326539534375 0.47337441875 0.309937984375 0.4660511625 0.24548527187500002 0.4660511625 0.1192527125 0.448837209375 0.11497519375000001 0.448837209375 0.05212558125 0.4631209296875 0.0472434109375 0.4675162796875 0.0472434109375 0.6022813953124999 0.0394310078125 0.6257186046875 0.0657969 0.63597209375 0.08142325624999999 0.6535511625 0.0970480625 0.6535511625 0.1019302328125 0.66087441875 0.09802480625 0.69017209375 0.10635969062499999 0.6976744187499999 0.1124589140625 0.6976744187499999 0.15564186093750002 0.68577674375 0.1868914734375 0.691637209375 0.19372713125000002 0.6872418609375
4 0.0052666671875 0.42814651093749995 0.0003829453125 0.429611628125 0.0003829453125 0.68742325625 0.016984496874999998 0.671311628125 0.025773643750000002 0.7050023249999999 0.0003829453125 0.7255093015625 0.0022697671874999997 0.7651162796875 0.00332558125 0.7651162796875 0.041398449999999996 0.7108604656249999 0.048062015624999996 0.5334511625 0.048062015624999996 0.48906279062499997 0.0453054265625 0.45597907031249996 0.0052666671875 0.42814651093749995
4 1 0.299588371875 0.9055906984375 0.2630906984375 0.83137209375 0.245511628125 0.6536387593749999 0.3187534890625 0.6448496125000001 0.3260790703125 0.6419193796875 0.356839534375 0.620435659375 0.353911628125 0.591137984375 0.3890674421875 0.5823488375 0.41103953437499996 0.5882093015625001 0.41689999999999994 0.5882093015625001 0.49307209375000005 0.5908527125 0.50232558125 0.59580155 0.50232558125 0.59797364375 0.501860465625 0.5969968999999999 0.494534884375 0.61457519375 0.48867674375 0.6653565890625 0.48867674375 0.659497675 0.4681697671875 0.6751224812500001 0.47109767500000005 0.670240309375 0.4842813953125 0.682934884375 0.48867674375 0.6809813953125 0.4681697671875 0.761060465625 0.46523953437500004 0.761060465625 0.4535209296875 0.7512945734375001 0.4505906984375 0.745435659375 0.4593790703125 0.7405519375 0.44912558125 0.7903565890625 0.441802325 0.794263565625 0.4300837203125 0.7962170546875 0.44473023281249996 0.8079348843749999 0.44473023281249996 0.8118418609375 0.42715348906250006 0.810865115625 0.440337209375 0.8177007749999999 0.447660465625 0.8225829453125 0.43740697656250005 0.810865115625 0.4081093015625 0.8196542640625 0.391997675 0.8440682171875 0.393460465625 0.84797364375 0.425688371875 0.8401612406250001 0.4315465109375 0.8430914734374999 0.4359418609375 0.8762945734375001 0.42715348906250006 0.8938728687499999 0.43887209374999997 0.9348883718750001 0.44473023281249996 0.9309813953124999 0.4300837203125 0.9143798453124999 0.43740697656250005 0.9143798453124999 0.4227581390625 0.9212170546875 0.42715348906250006 0.9251224812500001 0.41543488437500004 0.95637209375 0.4212930234375 0.9544201546875 0.44473023281249996 0.9817627906249999 0.4505906984375 0.9993410859375 0.44473023281249996 1 0.3469325578125 1 0.299588371875
4 0.8593503874999999 0.3938813953125 0.852514728125 0.39241627968750004 0.8515379843750001 0.4056 0.8349364343750001 0.42757209375 0.8134527125 0.42757209375 0.7919674421875 0.404134884375 0.7763426359375 0.41292325625000004 0.7704837203125 0.43050232499999996 0.7450930234375 0.43636046562499997 0.7392341078125 0.46272790625000004 0.7294682171875 0.45686976718750005 0.7138434109375 0.4656581390625 0.709936434375 0.4803069765625 0.703100775 0.47884186093750003 0.7011472875 0.4554046515625 0.6904062015625 0.45686976718750005 0.686499225 0.44515116250000003 0.6572031 0.44515116250000003 0.6552496125 0.45686976718750005 0.6435302328125 0.459797675 0.6366945734375 0.4554046515625 0.6376713171875 0.4392906984375 0.632787596875 0.44075581406250003 0.631812403125 0.45686976718750005 0.624 0.44515116250000003 0.60837364375 0.44515116250000003 0.6064217046875 0.453939534375 0.6044682171875 0.4422209296875 0.59372558125 0.46126279062500003 0.5966558140625 0.509602325 0.7236093015625 0.515462790625 0.724584496875 0.6575534890625 0.7529054265624999 0.688313953125 0.9939302328125 0.7697674421875 0.9984496125 0.7697674421875 0.9984496125 0.37167209375 0.9716558140625 0.36018837187499997 0.9404062015625 0.3631186046875 0.9325922484375001 0.3543302328125 0.9247798453125 0.36018837187499997 0.915015503125 0.3484697671875 0.8964604656249999 0.367513953125 0.8984139531249999 0.38216279062499997 0.8857178296875 0.389486046875 0.8798589140624999 0.40706511562500003 0.8700930234375001 0.389486046875 0.8691162796875 0.4056 0.8622806203125 0.41292325625000004 0.8593503874999999 0.3938813953125
4 0.7138666671875 0.7582162796875 0.6826170546875 0.7523581390625 0.6689457359375 0.7611465109375 0.618164340625 0.76407674375 0.586914728125 0.7377093015625 0.5126945734375 0.7728651156249999 0.4892573640625 0.7757953484375 0.4345705421875 0.7230604656249999 0.42285116250000004 0.7230604656249999 0.412110078125 0.7040186046875 0.414062015625 0.654213953125 0.397460465625 0.6527488375 0.1064449609375 0.7113418609375 0.06542945781250001 0.7435674421875 0.0341798453125 0.74942790625 0 0.800697675 0.0009720937500000001 0.99767441875 0.8916015500000001 0.99767441875 0.8916015500000001 0.96622558125 1 0.9969860468749999 0.9990232562499999 0.9779441859375 0.915038759375 0.957434884375 0.8945317828125001 0.929602325 0.920897675 0.881262790625 0.9267581390625 0.9076302328124999 0.9775395343750001 0.9193488375 0.9990232562499999 0.942786046875 0.9990232562499999 0.796302325 0.7939457359375 0.7230604656249999 0.78027286875 0.7377093015625 0.7314449609375 0.7377093015625 0.7138666671875 0.7582162796875
