4 1 0.001465115625 0.53222635625 0 0.5341798453125 0.023437209375 0.5771488375 0.04687441875 0.5898434109374999 0.06884651093750001 0.587889921875 0.08935581406250001 0.5771488375 0.10546976718750001 0.5361333328125 0.1376953484375 0.5205085265625 0.1376953484375 0.4873054265625 0.1142581390625 0.4687503875 0.08642558125000001 0.47070387656249996 0.062988371875 0.4873054265625 0.043944185937500005 0.524413953125 0.023437209375 0.5263674421875 0 0.125 0.001465115625 0.3154294578125 0.1142581390625 0.49511782968749996 0.210937209375 0.507812403125 0.20947209375 0.993164340625 0.023437209375 1 0.0190418609375 1 0.001465115625
4 0.4101565890625 0.49365348906250006 0.19433643437499998 0.5126953484375 0.1992186046875 0.4965813953125 0.1992186046875 0.312011628125 0.208984496875 0.0805674421875 0.079102325 0.0029302328125 0.00097674375 0 0 0.2709953484375 0.0439457359375 0.2812511625 0.0585937984375 0.2680674421875 0.0595705421875 0.25195348906250004 0.102539534375 0.26074186093749996 0.11523410781250001 0.2680674421875 0.11914108593749999 0.30322325625 0.12597674375 0.31054651093749996 0.17382790625 0.3295906984375 0.17382790625 0.7397465109375 0.177734884375 0.7690418609375 0.187500775 0.7690418609375 0.2148434109375 0.7543953484375 0.225586046875 0.539062790625 0.40722635625 0.51562558125 0.4101565890625 0.49365348906250006
4 0.45410232500000003 0.3164069765625 0.4736325578125 0.322265115625 0.4941410859375 0.3149418609375 0.5 0.22412092968750003 0.211914728125 0.08496046562500001 0.208984496875 0.1362302328125 0.2158201546875 0.1464837203125 0.4023441859375 0.22412092968750003 0.40039069843749997 0.326660465625 0.4082031 0.35302790625 0.4082031 0.43212790625 0.416015503125 0.5053720937499999 0.412110078125 0.6167 0.42382790625 0.6167 0.44140620156250004 0.6049813953125 0.443359690625 0.312011628125 0.4501953484375 0.3076162796875 0.45410232500000003 0.3164069765625
4 0.8095705421874999 0.5595697671875 0.8154294578125001 0.5830069765625 0.822265115625 0.5639651156250001 0.8339844968750001 0.5551767437499999 0.8320310078125001 0.5434581390625 0.837889921875 0.546386046875 0.8417969 0.5083 0.8476558140625 0.5024418609375 0.8417969 0.5024418609375 0.8417969 0.48779302343750003 0.8554682171874999 0.48193255781250005 0.8535162796875 0.42626976718750004 0.8505860468750001 0.4423837203125 0.8466790703125 0.4248046515625 0.8398434109374999 0.4409186046875 0.8388666671875 0.3310558140625 0.8339844968750001 0.3325186046875 0.835937984375 0.3706046515625 0.829102325 0.375 0.8212883718749999 0.336913953125 0.822265115625 0.3471674421875 0.8164062015625 0.350097675 0.8173829453125 0.32812558125 0.7832030999999999 0.3237302328125 0.7929689921875 0.3090813953125 0.7773441859375 0.30322325625 0.7773441859375 0.250488371875 0.76562480625 0.250488371875 0.7626945734375 0.2783209296875 0.7636713171875 0.2534186046875 0.7548821703125 0.23437441875 0.7470697671875 0.398437209375 0.6083984499999999 0.404297675 0.6035162796875 0.399902325 0.601562790625 0.2475581390625 0.6513674421875 0.2285162796875 0.6503906984375 0.1831046515625 0.602539534375 0.1875 0.5039069765625 0.22705116250000001 0.5 0.31787209375000003 0.538085271875 0.31347674375 0.5429689921875 0.326660465625 0.545897675 0.5507813953125 0.556640309375 0.546386046875 0.5585937984375 0.49072325625 0.56347596875 0.48339767499999997 0.7705085265625 0.4980465109375 0.7783209296875 0.50097674375 0.7832030999999999 0.5170906984375 0.7812496125 0.5815418609375 0.7841798453125 0.5888674421875 0.7919922484375 0.585937209375 0.79687441875 0.5639651156250001 0.79687441875 0.6079093015625 0.8066403093750001 0.6284186046875 0.8085937984375 0.5756837203125 0.8017581390625 0.5830069765625 0.8007813953125 0.5698232562500001 0.8095705421874999 0.5595697671875
4 1 0.042481395312499996 0.6591798453125 0.17285116250000002 0.6591798453125 0.210937209375 0.67382790625 0.2065418609375 0.6728511625 0.1875 0.6796868218750001 0.1918953484375 0.6757813953125 0.2065418609375 0.680663565625 0.210937209375 0.687500775 0.2065418609375 0.68847596875 0.1875 0.697265115625 0.1918953484375 0.6982418609375001 0.21386744218749998 0.7060542640625 0.1992186046875 0.7480465109375001 0.20947209375 0.7480465109375001 0.39697209375 0.7216790703125 0.40722558124999997 0.7207038765625 0.43798837187500006 0.708984496875 0.44970697656249997 0.7060542640625 0.47167907031249995 0.70312558125 0.44970697656249997 0.6982418609375001 0.4482418609375 0.693359690625 0.4790046515625 0.6982418609375001 0.48632790625 0.7060542640625 0.4804697671875 0.709961240625 0.4892581390625 0.7705085265625 0.4980465109375 0.7812496125 0.5083 0.7792961234375 0.6606441859375 0.7851565890625001 0.6811534890625001 0.7812496125 0.7163093015625 0.8066403093750001 0.725097675 0.8115240312499999 0.585937209375 0.8740232562499999 0.5830069765625 0.8876945734374999 0.533202325 0.9365240312499999 0.539062790625 0.9716790703125 0.5537116281250001 0.9873054265625001 0.5478511625 0.9921875968749999 0.5727534890625 0.9804682171874999 0.7163093015625 0.9863286828125 0.7866209296875 1 0.7954093015625 1 0.042481395312499996
4 0.8417969 0.1069325578125 0.829102325 0.108397675 0.8232418609375 0.1230465109375 0.8212883718749999 0.1142581390625 0.795897675 0.12011627968750001 0.75097674375 0.1435558140625 0.6845705421875 0.158202325 0.5546868218750001 0.2065418609375 0.5654294578125 0.210937209375 0.5830077515625 0.2373046515625 0.5888666671875 0.2314441859375 0.5966790703125 0.243165115625 0.6054682171875 0.24169999999999997 0.8017581390625 0.19628837187499998 0.812500775 0.1508790703125 0.8330077515625 0.14062558125 0.8417969 0.1069325578125
4 0.9853519374999999 0.8525395343750001 0.9716790703125 0.8144534890624999 0.9326170546875 0.802734884375 0.9316403093750001 0.8774418609374999 0.9228511625 0.884765115625 0.9160155031249999 0.874511628125 0.9091798453125 0.7939441859375 0.8271488375 0.7617186046875 0.8183596906249999 0.7895511625 0.8095705421874999 0.79687441875 0.804686821875 0.774902325 0.8105472875 0.7602534890625 0.7783209296875 0.744139534375 0.6953131781249999 0.9243162796875 0.6914062015625 0.9360348843749999 0.6953131781249999 0.968262790625 0.687500775 0.9917 0.68847596875 0.9990232562499999 1 0.9975581390625001 0.9990232562499999 0.829102325 0.9941410859375001 0.8305674421875 0.9960930234375001 0.8481441859375 0.9853519374999999 0.8525395343750001
4 0.30468682187499996 0.77197209375 0.28613333281250003 0.7675790703125001 0.2783209296875 0.7353511625 0.225586046875 0.755860465625 0.2216790703125 0.7675790703125001 0.211914728125 0.7617186046875 0.1826170546875 0.7763674421875 0.17285116250000002 0.8349604656249999 0.1669922484375 0.8349604656249999 0.15527286875 0.8115232562499999 0.06152403125 0.8964837203125 0.04492248125 0.9213860468749999 0.039062015625 0.9565418609374999 0.0263674421875 0.9785162796875 0.0175782953125 0.9770511624999999 0.015624806250000001 0.93017674375 0 0.9272465109375 0.00097674375 0.9990232562499999 0.462889921875 0.9975581390625001 0.46386666718749997 0.9873046515624999 0.3154294578125 0.8408209296875 0.30468682187499996 0.8247069765624999 0.30468682187499996 0.77197209375
4 0.8564449609375 0.75 0.875 0.7485348843749999 0.8720697671875 0.726562790625 0.8505860468750001 0.7236325578125 0.8281255812499999 0.733886046875 0.8564449609375 0.75
4 0.822265115625 0.6430674421875 0.829102325 0.6591790703125 0.8339844968750001 0.657713953125 0.8740232562499999 0.6503906984375 0.8789069765624999 0.6020511625 0.8271488375 0.6035162796875 0.822265115625 0.6430674421875
4 0.991210853125 0.591797675 0.9882806203125 0.5961906984375 0.9882806203125 0.6372069765624999 0.9892573640625001 0.63867209375 0.9902341078125 0.6372069765624999 0.9902341078125 0.63427674375 0.9921875968749999 0.6313465109374999 0.9921875968749999 0.593262790625 0.991210853125 0.591797675
4 0.9521488375 0.632811628125 0.9501953484375001 0.632811628125 0.945313178125 0.6372069765624999 0.9501953484375001 0.6445302328125 0.9580077515625 0.6445302328125 0.959961240625 0.647460465625 0.9658201546875 0.647460465625 0.9667969 0.6459953484375001 0.9667969 0.6372069765624999 0.9658201546875 0.6357418609375001 0.954102325 0.6357418609375001 0.9521488375 0.632811628125
4 0.9033209296875 0.641602325 0.9013674421875001 0.641602325 0.8994139531249999 0.63867209375 0.89062480625 0.6430674421875 0.89062480625 0.64892558125 0.8974604656249999 0.6562511625 0.9033209296875 0.6562511625 0.90527286875 0.6591790703125 0.9111333328125 0.6591790703125 0.9130852718750001 0.6621093015625 0.9179689921874999 0.6606441859375 0.9179689921874999 0.6518558140625 0.9169922484375 0.6503906984375 0.90722635625 0.647460465625 0.9033209296875 0.641602325
4 0.9941410859375001 0.7602534890625 0.9921875968749999 0.7573232562500001 0.9921875968749999 0.7543953484375 0.9892573640625001 0.7529302328125 0.9863286828125 0.7602534890625 0.9863286828125 0.766113953125 0.98437519375 0.7690418609375 0.98437519375 0.7778325578125 0.9863286828125 0.780762790625 0.9863286828125 0.7895511625 0.9892573640625001 0.7939441859375 0.9921875968749999 0.7924813953125 0.9960930234375001 0.7895511625 0.9980465109375001 0.780762790625 0.9941410859375001 0.77197209375 0.9941410859375001 0.7602534890625
4 0.8486325578124999 0.7089837203125 0.8544914734375 0.7089837203125 0.85937519375 0.7045906984375 0.8583984499999999 0.70312558125 0.8525395343750001 0.70312558125 0.8486325578124999 0.697265115625 0.8388666671875 0.694334884375 0.834961240625 0.68847674375 0.8251953484375001 0.68847674375 0.822265115625 0.6928720937499999 0.822265115625 0.7075186046875 0.8251953484375001 0.711913953125 0.8281255812499999 0.7104488375 0.829102325 0.7089837203125 0.84472713125 0.7089837203125 0.8466790703125 0.7060558140625 0.8486325578124999 0.7089837203125
4 0.9648434109374999 0.672362790625 0.9619147281249999 0.665039534375 0.9580077515625 0.665039534375 0.9560542640625 0.6621093015625 0.9501953484375001 0.6621093015625 0.9482418609375 0.6591790703125 0.9423829453125 0.6591790703125 0.9404294578125001 0.6562511625 0.9384759687500001 0.6562511625 0.9355472875 0.6606441859375 0.9355472875 0.6665046515624999 0.9335937984375 0.6694325578125 0.9384759687500001 0.6767581390624999 0.9404294578125001 0.6767581390624999 0.9501953484375001 0.6855465109375001 0.954102325 0.6855465109375001 0.9560542640625 0.68847674375 0.960937984375 0.6870116281249999 0.960937984375 0.6840813953125 0.962889921875 0.6811534890625001 0.962889921875 0.6752930234375001 0.9648434109374999 0.672362790625
4 0.959961240625 0.755860465625 0.9648434109374999 0.7485348843749999 0.9648434109374999 0.7397465109375 0.962889921875 0.7368162796875 0.962889921875 0.7309581390625 0.9580077515625 0.7236325578125 0.954102325 0.7236325578125 0.9521488375 0.7294930234375 0.944336434375 0.7294930234375 0.9423829453125 0.7324209296874999 0.937500775 0.733886046875 0.937500775 0.7368162796875 0.9355472875 0.7397465109375 0.9355472875 0.7602534890625 0.9335937984375 0.7631837203125 0.9335937984375 0.766113953125 0.9345705421874999 0.7675790703125001 0.9404294578125001 0.7675790703125001 0.9414062015625 0.766113953125 0.9501953484375001 0.7587883718749999 0.9521488375 0.7587883718749999 0.954102325 0.755860465625 0.959961240625 0.755860465625
4 0.914062015625 0.733886046875 0.90722635625 0.7236325578125 0.8994139531249999 0.7236325578125 0.8974604656249999 0.726562790625 0.8916015500000001 0.726562790625 0.8886713171875 0.733886046875 0.89062480625 0.7368162796875 0.89062480625 0.7543953484375 0.8935550390625 0.7587883718749999 0.8974604656249999 0.7587883718749999 0.8994139531249999 0.7617186046875 0.9013674421875001 0.7617186046875 0.9033209296875 0.7646488375 0.90722635625 0.7646488375 0.9091798453125 0.7675790703125001 0.9101565890625001 0.766113953125 0.9160155031249999 0.7631837203125 0.9160155031249999 0.7485348843749999 0.914062015625 0.7456046515625 0.914062015625 0.733886046875
4 0.9521488375 0.6210930234375 0.9531255812499999 0.6196279062500001 0.9482418609375 0.615234884375 0.9423829453125 0.615234884375 0.9404294578125001 0.6123046515625 0.9345705421874999 0.6123046515625 0.9287116281250001 0.6064441859375 0.9189457359375 0.6064441859375 0.9169922484375 0.60937441875 0.915038759375 0.6064441859375 0.90722635625 0.6064441859375 0.90527286875 0.6035162796875 0.8935550390625 0.6035162796875 0.8925782953124999 0.6049813953125 0.8925782953124999 0.6167 0.89062480625 0.6196279062500001 0.89062480625 0.6254883718750001 0.8935550390625 0.6298837203125001 0.8974604656249999 0.6298837203125001 0.8994139531249999 0.632811628125 0.9013674421875001 0.6298837203125001 0.90527286875 0.6298837203125001 0.90722635625 0.632811628125 0.9169922484375 0.632811628125 0.9179689921874999 0.6313465109374999 0.9189457359375 0.62402325625 0.9267581390625 0.62402325625 0.9287116281250001 0.6210930234375 0.9521488375 0.6210930234375
4 0.8720697671875 0.71777441875 0.8388666671875 0.71777441875 0.8369147281249999 0.720702325 0.8251953484375001 0.720702325 0.822265115625 0.725097675 0.8251953484375001 0.7324209296874999 0.829102325 0.7324209296874999 0.8330077515625 0.7382813953125 0.834961240625 0.7382813953125 0.8369147281249999 0.7412116281250001 0.8408201546875 0.7412116281250001 0.84277364375 0.744139534375 0.8564449609375 0.744139534375 0.8583984499999999 0.7470697671875 0.8642573640625001 0.7470697671875 0.868164340625 0.7529302328125 0.8779302328125 0.7529302328125 0.8789069765624999 0.7514651156250001 0.8789069765624999 0.733886046875 0.8730465109375001 0.7309581390625 0.875 0.7221674421875 0.8720697671875 0.71777441875
4 0.9746093015625 0.578613953125 0.96777364375 0.5712883718749999 0.9619147281249999 0.5712883718749999 0.959961240625 0.568360465625 0.9462883718749999 0.568360465625 0.944336434375 0.5654302328125 0.9404294578125001 0.5654302328125 0.9384759687500001 0.5625 0.930663565625 0.5625 0.9287116281250001 0.5595697671875 0.9189457359375 0.5595697671875 0.9169922484375 0.5625 0.915038759375 0.5595697671875 0.9013674421875001 0.5595697671875 0.8994139531249999 0.5625 0.8974604656249999 0.5595697671875 0.8945317828125001 0.5639651156250001 0.8945317828125001 0.578613953125 0.8925782953124999 0.58447209375 0.8955085265625 0.5888674421875 0.9248046515624999 0.5888674421875 0.9267581390625 0.591797675 0.9404294578125001 0.591797675 0.9462883718749999 0.5976558140625 0.9521488375 0.5976558140625 0.954102325 0.600586046875 0.9619147281249999 0.600586046875 0.9638666671875 0.6035162796875 0.96777364375 0.6035162796875 0.96972713125 0.6064441859375 0.9707038765625 0.6049813953125 0.9707038765625 0.5991209296875 0.9726558140625 0.5961906984375 0.9726558140625 0.5815418609375 0.9746093015625 0.578613953125
4 0.8486325578124999 0.647460465625 0.8525395343750001 0.647460465625 0.8544914734375 0.6445302328125 0.8740232562499999 0.6445302328125 0.8769534890624999 0.640137209375 0.8769534890624999 0.6225581390625 0.8789069765624999 0.6196279062500001 0.8789069765624999 0.6108395343749999 0.8808589140624999 0.6079093015625 0.8808589140624999 0.6020511625 0.8759767437500001 0.600586046875 0.8740232562499999 0.5976558140625 0.8486325578124999 0.5976558140625 0.8466790703125 0.600586046875 0.8271488375 0.600586046875 0.8242186046875 0.6079093015625 0.8242186046875 0.6137697671875 0.822265115625 0.6167 0.822265115625 0.6284186046875 0.820313178125 0.6313465109374999 0.822265115625 0.63427674375 0.822265115625 0.6459953484375001 0.829102325 0.6591790703125 0.8320310078125001 0.657713953125 0.8369147281249999 0.6533209296875 0.8408201546875 0.6533209296875 0.8466790703125 0.6445302328125 0.8486325578124999 0.647460465625
4 1 0.8012697671875 0.9873054265625001 0.79687441875 0.9882806203125 0.8159186046875 1 0.8217767437499999 1 0.8012697671875
4 0.914062015625 0.7895511625 0.915038759375 0.7705069765625 0.8867193796875 0.7631837203125 0.8876945734374999 0.78222558125 0.914062015625 0.7895511625
4 0.812500775 0.7514651156250001 0.8095705421874999 0.7324209296874999 0.7753906984375 0.725097675 0.7763674421875 0.744139534375 0.812500775 0.7514651156250001
4 0.9326170546875 0.7998046515625 0.9726558140625 0.8100581390625001 0.9658201546875 0.7851558140625 0.9365240312499999 0.779297675 0.929686821875 0.7895511625 0.9326170546875 0.7998046515625
4 0.8769534890624999 0.774902325 0.8720697671875 0.7529302328125 0.8242186046875 0.7426767437499999 0.829102325 0.7617186046875 0.8769534890624999 0.774902325
