4 0.9984496125 0.0004697671875 0.345686821875 0.0004697671875 0.6513503875 0.160137209375 0.7260511625 0.190697675 0.7268589140625 0.190697675 0.987288371875 0.0224418609375 0.9984496125 0.01342790625 0.9984496125 0.0004697671875
4 0.061381395312499996 0 0.056537984375 0.01017209375 0.056537984375 0.8685697671874999 0.0604294578125 0.8767441859374999 0.0775565890625 0.8767441859374999 0.132710078125 0.8539209296875001 0.11122480625 0.842202325 0.11122480625 0.8011883718749999 0.163959690625 0.7806790703125001 0.167865115625 0.6986488375000001 0.20399845 0.61222325625 0.2391550390625 0.6151534890625 0.25282635625 0.5946441859375 0.2684511625 0.591713953125 0.27919379843750003 0.6107581390625 0.2811472875 0.6488441859375 0.29774883750000003 0.6503093015625 0.3084914734375 0.631265115625 0.29677209375 0.5931790703125001 0.30263100781249996 0.5843906984375 0.29677209375 0.5404465109375 0.305561240625 0.51847209375 0.3875922484375 0.521402325 0.4373969 0.5111488375000001 0.43446666718750004 0.4921046515625 0.37782635625 0.495034884375 0.35634263593750004 0.4862465109375 0.35634263593750004 0.47159767500000005 0.29774883750000003 0.46573953437500004 0.2957953484375 0.4540186046875 0.25282635625 0.4423 0.25282635625 0.24015348906249998 0.367085271875 0.2679837203125 0.3719674421875 0.42472325624999996 0.40614728749999995 0.42032790625 0.40614728749999995 0.314860465625 0.41298294531249996 0.27823953437500004 0.4969674421875 0.2987465109375 0.5018496125 0.35001627968750004 0.5067333328125 0.3544093015625 0.51552248125 0.35001627968750004 0.51552248125 0.332437209375 0.525288371875 0.3236488375 0.523334884375 0.314860465625 0.5301705421875 0.3046046515625 0.573139534375 0.3133953484375 0.5829054265625 0.307534884375 0.6014589140625 0.3295069765625 0.6092713171875 0.42032790625 0.6141550390625 0.4217930234375 0.6317333328125 0.3983558140625 0.6551705421875 0.39542558125 0.6610294578125 0.3778488375 0.7147286828125 0.35947674375 0.7147286828125 0.196662790625 0.3426697671875 0.00577674375 0.0653503875 0 0.061381395312499996 0
4 0.15935813906250001 0.42494418593749994 0.15545271249999998 0.43373255781250003 0.1515457359375 0.42494418593749994 0.148615503125 0.443988371875 0.13787441875 0.45131162812500003 0.1359209296875 0.44545116250000005 0.130062015625 0.46889069843750003 0.1202961234375 0.45717209375 0.11638914687499999 0.46889069843750003 0.1017410859375 0.47035348906249996 0.10076434062499999 0.48939767500000003 0.09490542656249999 0.4806093015625 0.0929519375 0.48939767500000003 0.07928062031250001 0.49232790625 0.0783038765625 0.5143 0.0704914734375 0.5172302328125 0.06951472812500001 0.530413953125 0.06365581406250001 0.512834884375 0.058914728125 0.517102325 0.058914728125 0.5362372093750001 0.06072558125000001 0.77797209375 0.066584496875 0.77797209375 0.0646310078125 0.73402558125 0.06951472812500001 0.7296325578125 0.0704914734375 0.77797209375 0.0783038765625 0.780902325 0.0783038765625 0.8248465109374999 0.08611627968749999 0.82777674375 0.085139534375 0.8380302328125 0.0783038765625 0.8336348843750001 0.08611627968749999 0.8570744187500001 0.0714682171875 0.8556093015625 0.0704914734375 0.8629325578125 0.0908713171875 0.8651162796874999 0.09932713125 0.8651162796874999 0.12713178281249998 0.851213953125 0.1095534890625 0.8453534890625001 0.1095534890625 0.7984790703125 0.12420155 0.7940860468750001 0.130062015625 0.7765069765625 0.13787441875 0.7852953484375 0.1417798453125 0.77357674375 0.162288371875 0.7691837203125 0.1720542640625 0.6842209296874999 0.1876790703125 0.663713953125 0.2042806203125 0.61537441875 0.239435659375 0.6183046515624999 0.257013953125 0.5977953484375 0.2687333328125 0.5977953484375 0.273615503125 0.6051209296875 0.27556899218750003 0.6519953484375 0.2980294578125 0.653460465625 0.31072558125 0.6666441859375001 0.31267907031250003 0.6021906984375 0.3048666671875 0.584611628125 0.30291317812499996 0.5348069765625 0.311702325 0.5216232562500001 0.39959224843749996 0.5274837203125 0.45037364375 0.515765115625 0.46599845 0.515765115625 0.4718589140625 0.5245534890625 0.4796713171875 0.515765115625 0.5909984500000001 0.5186953484375 0.6075999999999999 0.5611744187500001 0.6281085265625 0.5919372093749999 0.6329906984375 0.5875418609375 0.6368976749999999 0.537737209375 0.6437333328125 0.5274837203125 0.6427565890625 0.616839534375 0.6515457359375 0.6329511625 0.6652170546875 0.638811628125 0.6868217046875 0.4824162796875 0.6868217046875 0.4757186046875 0.662288371875 0.461565115625 0.660334884375 0.3853930234375 0.630062015625 0.39271860468750003 0.632013953125 0.38392790625 0.65252248125 0.38246511562499996 0.6417798453125 0.3663511625 0.6183426359374999 0.3634209296875 0.6251782953125 0.3912534890625 0.614435659375 0.39271860468750003 0.6095534890625001 0.3853930234375 0.613460465625 0.3443790703125 0.6027178296875 0.31654651093749997 0.5978341078125 0.45277674375 0.5343581390625001 0.45424186093749996 0.52752248125 0.4469162796875 0.52752248125 0.3121511625 0.5167798453125 0.30482790625 0.5001782953125 0.318011628125 0.5099441859375 0.3385186046875 0.5079906984375 0.350237209375 0.5001782953125 0.3531674421875 0.4972496125 0.44545116250000005 0.4171705421875 0.44252325625 0.410334884375 0.43812790625 0.412288371875 0.271134884375 0.40740465156249994 0.26674186093749996 0.403499225 0.278460465625 0.3937333328125 0.278460465625 0.38792713125 0.25813953437500003 0.3877798453125 0.25813953437500003 0.382013953125 0.26967209375 0.368561240625 0.25813953437500003 0.368337984375 0.25813953437500003 0.364435659375 0.43666279062499996 0.2531085265625 0.42787441875 0.24724961250000002 0.3868581390625 0.24138914687500002 0.3956465109375 0.2199054265625 0.39857674374999996 0.21599845 0.4102953484375 0.2140465109375 0.39857674374999996 0.21013953437500002 0.41908604687500006 0.1827953484375 0.422013953125 0.176936434375 0.44252325625 0.17107751875 0.422013953125 0.1652170546875 0.422013953125 0.161311628125 0.43666279062499996 0.15935813906250001 0.42494418593749994
4 0.0518 0 0.000212403125 0.0014069765625 0.000212403125 0.9953488374999999 0.03272713125 0.9953488374999999 0.049040309375 0.956486046875 0.0441565890625 0.943302325 0.043181395312499996 0.9535558140625 0.0373209296875 0.9535558140625 0.04122790625 0.9389069765625001 0.048063565625 0.934511628125 0.05196899218749999 0.9491604656250001 0.054263565624999996 0.938839534375 0.054263565624999996 0.9345465109375001 0.0509937984375 0.927188371875 0.05392248125 0 0.0518 0
4 0.29828992187500003 0.8255162796875 0.29828992187500003 0.853488371875 0.31011937968750003 0.853488371875 0.31162790625 0.8353906984374999 0.31162790625 0.8307302328124999 0.30512713125 0.8181930234375001 0.29828992187500003 0.8255162796875
4 0.209159690625 0.8860465109375 0.21286511562500002 0.8860465109375 0.28039844999999997 0.8646441859375 0.2806201546875 0.8570209296875 0.2806201546875 0.8306441859374999 0.27063410781249997 0.8265581390625 0.20617984531250003 0.8441372093749999 0.20155038749999998 0.8816395343749999 0.20155038749999998 0.8837627906250001 0.209159690625 0.8860465109375
4 0.18061550312500002 0.8966837203125 0.1813953484375 0.8853790703125 0.1813953484375 0.854760465625 0.053662015625000004 0.8878953484375 0.0038573640625000002 0.99482790625 0.032314728125 0.99767441875 0.0331937984375 0.99767441875 0.06342790625 0.931839534375 0.18061550312500002 0.8966837203125
4 0.6757751937500001 0.6489 0.7095782953125 0.655813953125 0.7189519375 0.655813953125 0.7209302328125 0.638011628125 0.7209302328125 0.610665115625 0.70800155 0.5214581390624999 0.70702480625 0.6489 0.7031193796874999 0.6489 0.698235659375 0.49802092968749995 0.6757751937500001 0.6489
4 0.845589146875 0.5200046515625 0.8475426359375 0.1889511625 0.9984496125 0.10862790625 0.9984496125 0.014939534374999999 0.7225426359375 0.197739534375 0.720589146875 0.35301162812500003 0.7235193796875 0.36912558125 0.74207441875 0.3793790703125 0.74207441875 0.4526209296875 0.7225426359375 0.46434186093749996 0.720589146875 0.53172325625 0.7371906984375001 0.659165115625 0.8328945734375001 0.6913906984375 0.8641441859375 0.7265488375 0.9948170546874999 0.7674418609375 0.9984496125 0.7674418609375 0.9984496125 0.5258093015624999 0.845589146875 0.5200046515625
4 0.09017984531249999 1 0.3209302328125 0.9991558140624999 0.3209302328125 0.9764465109374999 0.3204418609375 0.9537418609375001 0.31067596875 0.9068674421875 0.3126294578125 0.8599930234375 0.30188682187500004 0.85852790625 0.2989581390625 0.8658511624999999 0.299934884375 0.928839534375 0.2911457359375 0.92737674375 0.2843085265625 0.8673162796874999 0.20227751875000002 0.8907534890625 0.193488371875 0.9654604656249999 0.18665271249999998 0.972786046875 0.1817705421875 0.9654604656249999 0.18079379843750001 0.8995441859375 0.0616527125 0.9347 0.037238759375 0.9947581390625 0.054393798437499995 1 0.09017984531249999 1
