4 0.6787116281250001 0.0205069765625 0.6591798453125 0.0263674421875 0.6533209296875 0.043944185937500005 0.6191410859375 0.0512697671875 0.6152341078125 0.07177674375000001 0.6230465109375001 0.0834953484375 0.6230465109375001 0.09814418593749999 0.617187596875 0.1127930234375 0.6191410859375 0.1479488375 0.6123054265625 0.164062790625 0.6054682171875 0.1596674421875 0.5957038765625 0.10107441875 0.5957038765625 0.077637209375 0.6054682171875 0.06591860468750001 0.59277364375 0.04687441875 0.5595705421875 0.038086046875 0.5439457359375 0.0205069765625 0.5039069765625 0.016113953125 0.5107426359375 0.008788371875000001 0.0185550390625 0.0029302328125 0.0117193796875 0.0102534890625 0.0097658921875 0.024902325 0.031249612500000003 0.09814418593749999 0.0517581390625 0.12011627968750001 0.33886666718749997 0.22265581406249998 0.41503875937499995 0.240234884375 0.50097674375 0.2812511625 0.6132806203125 0.3061534890625 0.9970697671875 0.164062790625 1 0.0043953484375 0.68652403125 0.005860465625 0.6787116281250001 0.0205069765625
4 0.7138666671875 0.06738372031249999 0.71777364375 0.0585930234375 0.7294914734375 0.06445348906250001 0.7314449609375 0.052734884375 0.7373054265625 0.0585930234375 0.7763674421875 0.0498046515625 0.7792961234375 0.0336906984375 0.790038759375 0.029297675000000002 0.795897675 0.014648837500000001 0.82617209375 0.00732325625 0.4570310078125 0.00732325625 0.475586046875 0.014648837500000001 0.4814449609375 0.043944185937500005 0.48437519375000004 0.016113953125 0.4892573640625 0.014648837500000001 0.4902341078125 0.042481395312499996 0.49706976718749996 0.04687441875 0.5029302328125 0.014648837500000001 0.5039069765625 0.0454093015625 0.5117193796875 0.048339534375 0.5126945734375 0.06738372031249999 0.5185550390625 0.04687441875 0.5205085265625 0.06738372031249999 0.5771488375 0.07617209375 0.5898434109374999 0.092286046875 0.6201178296875 0.0732418609375 0.6279302328125 0.079102325 0.6982418609375001 0.070311628125 0.7138666671875 0.06738372031249999
4 0.1533209296875 0.6767581390624999 0.09472713125 0.679688371875 0.0908201546875 0.697265115625 0.0810542640625 0.697265115625 0.07812558124999999 0.66357441875 0.085937984375 0.6518558140625 0.08007751874999999 0.64892558125 0.0810542640625 0.6357418609375001 0.0986325578125 0.6357418609375001 0.101562790625 0.6459953484375001 0.0937503875 0.6518558140625 0.0986325578125 0.6562511625 0.170897675 0.6562511625 0.17285116250000002 0.6357418609375001 0.2021488375 0.6298837203125001 0.2060542640625 0.60937441875 0.24902325625000002 0.60937441875 0.25195348906250004 0.5903325578125 0.2646480625 0.585937209375 0.2675782953125 0.5668953484375 0.2792961234375 0.5610348843749999 0.2812496125 0.5434581390625 0.2705085265625 0.539062790625 0.2675782953125 0.5229488375 0.290038759375 0.48632790625 0.302734884375 0.5112302328125 0.29687441875 0.5639651156250001 0.302734884375 0.6049813953125 0.329102325 0.60937441875 0.3330077515625 0.6298837203125001 0.351562790625 0.6372069765624999 0.350586046875 0.6533209296875 0.399413953125 0.6562511625 0.4345705421875 0.647460465625 0.4404294578125 0.63867209375 0.49902325625 0.6298837203125001 0.5 0.5668953484375 0.5136713171875 0.5581046515625 0.51562480625 0.54052790625 0.5058589140625 0.49951162812499994 0.5166015500000001 0.4892581390625 0.5312496125 0.4965813953125 0.5312496125 0.5434581390625 0.538085271875 0.5625 0.5517581390624999 0.556639534375 0.5576170546875 0.5771488375 0.56347596875 0.5654302328125 0.5751953484375 0.5742186046875 0.58007751875 0.54052790625 0.5937503875 0.537597675 0.5996093015625 0.32080000000000003 0.5810542640625 0.3076162796875 0.49316434062500003 0.28710930156250003 0.40917984531249996 0.2460930234375 0.36816434062500003 0.240234884375 0.0478511625 0.12597674375 0.0429689921875 0.139160465625 0.04492248125 0.3383790703125 0.037110078125 0.42626976718750004 0.037110078125 0.537597675 0.040038759374999996 0.556639534375 0.0595705421875 0.5625 0.0644527125 0.5727534890625 0.0644527125 0.733886046875 0.07617209375 0.7368162796875 0.179686821875 0.7075186046875 0.1689457359375 0.697265115625 0.1591798453125 0.7001953484375 0.1533209296875 0.6767581390624999
4 0.5937503875 0.5258790703125 0.5732418609375001 0.533202325 0.569336434375 0.5478511625 0.555663565625 0.539062790625 0.5498046515625 0.5507813953125 0.5419922484375 0.533202325 0.5263674421875 0.539062790625 0.5214837203125 0.5551767437499999 0.5312496125 0.5639651156250001 0.5283209296875 0.5800790703125001 0.51562480625 0.578613953125 0.5195317828125 0.5551767437499999 0.5126945734375 0.539062790625 0.50097674375 0.5419930234375 0.4892573640625 0.5654302328125 0.47949147343750004 0.556639534375 0.4736325578125 0.5742186046875 0.46972713125 0.5595697671875 0.4404294578125 0.5625 0.4326170546875 0.5478511625 0.4267581390625 0.5537116281250001 0.42089767499999997 0.539062790625 0.40722635625 0.539062790625 0.399413953125 0.5273441859375 0.3955085265625 0.5507813953125 0.3945317828125 0.54052790625 0.38574263593749997 0.5361325578125 0.38183565937499997 0.5507813953125 0.36425736406250003 0.5625 0.336914728125 0.5595697671875 0.32324186093749996 0.5625 0.319336434375 0.5771488375 0.2998046515625 0.5742186046875 0.291015503125 0.58447209375 0.29687441875 0.6108395343749999 0.2783209296875 0.6210930234375 0.2675782953125 0.6137697671875 0.26660154999999996 0.585937209375 0.1357426359375 0.585937209375 0.131835659375 0.5976558140625 0.0888666671875 0.60937441875 0.0830077515625 0.62402325625 0.069336434375 0.600586046875 0.0644527125 0.6108395343749999 0.0644527125 0.72802790625 0.056640309374999996 0.7602534890625 0.07617209375 0.7602534890625 0.59472713125 0.618165115625 0.5996093015625 0.6079093015625 0.5976558140625 0.46728604687499997 0.5937503875 0.5258790703125
4 0.3144527125 0.5346674421875 0.3076170546875 0.5039069765625 0.30371162812499997 0.5273441859375 0.2841798453125 0.5214837203125 0.28320310000000004 0.5024418609375 0.29687441875 0.49365348906250006 0.2763674421875 0.48339767499999997 0.2597658921875 0.5053720937499999 0.2597658921875 0.5522465109375 0.2705085265625 0.5888674421875 0.29492248125 0.5903325578125 0.3007813953125 0.5727534890625 0.3076170546875 0.5742186046875 0.3144527125 0.5610348843749999 0.3144527125 0.5346674421875
4 0.5136713171875 0.5581046515625 0.5292961234375 0.5581046515625 0.5312496125 0.5258790703125 0.522460465625 0.51562558125 0.5126945734375 0.5185558140625 0.5136713171875 0.5581046515625
4 0.0019534890625 0.5903325578125 0.0332031 0.5668953484375 0.037110078125 0.11865348906249999 0.00097674375 0.008788371875000001 0.0019534890625 0.5903325578125
4 0.6054682171875 0.31787209375000003 0.6064449609375 0.6210930234375 0.67187441875 0.6372069765624999 0.67187441875 0.3471674421875 0.75097674375 0.322265115625 0.7539069765625 0.6606441859375 0.78222635625 0.6767581390624999 0.9335937984375 0.719237209375 0.9355472875 0.27685581406250004 1 0.2563465109375 0.9990232562499999 0.1669930234375 0.6054682171875 0.31787209375000003
4 0.9189457359375 0.9667976749999999 0.9013674421875001 0.9785162796875 0.8974604656249999 0.9550790703125 0.85937519375 0.9389651156250001 0.851562790625 0.9008790703124999 0.8710930234375001 0.7895511625 0.883789146875 0.7675790703125001 0.9033209296875 0.7617186046875 0.90722635625 0.773437209375 0.9287116281250001 0.773437209375 0.927734884375 0.780762790625 0.9404294578125001 0.7939441859375 0.9736325578124999 0.805665115625 0.9785162796875 0.8393558140625 0.9726558140625 0.8481441859375 0.9746093015625 0.8803720937499999 0.9648434109374999 0.8950186046875 0.962889921875 0.9331046515624999 0.9990232562499999 0.9345697671875 0.9990232562499999 0.7470697671875 0.6064449609375 0.6269534890624999 0.0595705421875 0.7705069765625 0.04687441875 0.7866209296875 0.0292961234375 0.8422860468750001 0.008789146875 0.8554697671874999 0 0.8715813953125 0.00097674375 0.9960930234375001 0.9179689921874999 0.9946279062500001 0.976562790625 0.9887697671875 0.9404294578125001 0.9726558140625 0.9228511625 0.9814441859375 0.9189457359375 0.9667976749999999
4 1 0.7426767437499999 0.8701178296875 0.7089837203125 0.8710930234375001 0.725097675 0.8828124031250001 0.7309581390625 0.8779302328125 0.744139534375 0.8710930234375001 0.7426767437499999 0.8798821703125 0.7763674421875 0.9726558140625 0.8217767437499999 0.947265115625 0.962402325 0.9345705421874999 0.9667976749999999 0.8701178296875 0.9433604656250001 0.8740232562499999 0.960937209375 0.8867193796875 0.9653325578124999 0.8828124031250001 0.9946279062500001 1 0.9975581390625001 1 0.7426767437499999
