4 1 0.0013019609375 0.0009774015625 0.0026588234375 0.00000565 0.5411764703124999 0.054440678124999996 0.5411764703124999 0.3583983046875 0.5232470593749999 0.445313559375 0.34293725468749997 0.4550790953125 0.261596078125 0.4804689265625 0.24803921562500003 0.5068361578125 0.18432156875 0.5322259890625001 0.1924549015625 0.5839830515625 0.2697294125 0.47070338906250003 0.4812196078125 0.4755847453125 0.5178235296875 0.52636723125 0.5151098046875 0.6562514125 0.2914196078125 0.6904293781249999 0.2575294125 0.9990225984375 0.463596078125 1 0.0013019609375
4 0 0.81176470625 0.018002825 0.81176470625 0.1324887 0.7693803921875 0.1324887 0.6609254906250001 0.090497175 0.673125490625 0.092449153125 0.6460117640624999 0.13151412499999998 0.6460117640624999 0.13737288125 0.62432156875 0.170576271875 0.6188980390625 0.186200565625 0.5917843140625 0.2057316390625 0.5917843140625 0.242937853125 0.6382705875 0.242937853125 0.5493529406250001 0.2291694921875 0.5429803921875 0.22135593281250002 0.5646705875 0.1959661015625 0.5700941171875 0.160810734375 0.5700941171875 0.1588559328125 0.5456901953125 0.13151412499999998 0.5538274515625 0.11686440625000001 0.5660274515625 0.11588700625 0.599917646875 0.09538135625000001 0.5958509796875 0.09538135625000001 0.5714509796875 0.1051468921875 0.5687372546875 0.098310734375 0.561960784375 0.0006525421875 0.561960784375 0 0.729839215625 0 0.81176470625
4 1 0.987960784375 0.9857316390624999 0.66180784375 0.8783107343750001 0.6509607843749999 0.8744039546875 0.6726509796875 0.8529209046874999 0.67536470625 0.6322175140625 0.623847059375 0.6097570625000001 0.6306274515625 0.6351468921875 0.7417921562500001 0.6273333328125 0.8610941171875 0.6029209046874999 0.8570274515625 0.5892485875 0.9112549015625 0.586319209375 0.863803921875 0.5482316390624999 0.840760784375 0.544324859375 0.865160784375 0.51112429375 0.878717646875 0.495497175 0.9193882359375 0.46424858750000003 0.93023529375 0.4163954796875 0.993952940625 0.874194915625 0.99607843125 1 0.99607843125 1 0.987960784375
4 0 0.883113725 0.00062146875 0.99607843125 0.338559321875 0.99607843125 0.3474576265625 0.9775450984375 0.3474576265625 0.97040784375 0.33169491562500003 0.941231371875 0.33169491562500003 0.887003921875 0.25552259843749997 0.7921019609375 0.248686440625 0.7663450984375 0.233062146875 0.77447843125 0.2252485875 0.7446549015625 0.16470338906249998 0.7554980390625 0.149076271875 0.8178627453124999 0.1275932203125 0.77719215625 0.07095197812500001 0.8097254906250001 0 0.8218705875 0 0.883113725
4 0.5790960453125 0.25325490156249997 0.4912457625 0.258674509375 0.462926553125 0.2898549015625 0.44925423750000004 0.360352940625 0.45887853125 0.501960784375 0.46002259843750004 0.501960784375 0.5790960453125 0.2533372546875 0.5790960453125 0.25325490156249997
4 0.45082485937500005 0.3192666671875 0.45861864375000005 0.505882353125 0.45887853125 0.505882353125 0.5790960453125 0.27011372499999997 0.5790960453125 0.2611058828125 0.561175140625 0.2338588234375 0.52211299375 0.2230117640625 0.508440678125 0.190474509375 0.466449153125 0.265039215625 0.45082485937500005 0.3192666671875
4 0.7504745765624999 0.5031215687499999 0.7407090390625 0.6414039218750001 0.857180790625 0.6666666671875 0.8644067796874999 0.6666666671875 0.8644067796874999 0.38308627500000003 0.8317457625 0.3647058828125 0.8295649718749999 0.3647058828125 0.8285988703125 0.46787450937499997 0.7709830515625 0.4692274515625 0.768053671875 0.5004078437499999 0.7504745765624999 0.5031215687499999
4 0.8644067796874999 0.3813803921875 0.788559321875 0.31873725468749997 0.7534039546875 0.31060392187499997 0.7407090390625 0.336360784375 0.744562146875 0.49411764687500004 0.7662966109375 0.49411764687500004 0.77488983125 0.397368628125 0.8276242937499999 0.39465882343750003 0.8325056500000001 0.4204156859375 0.8432485875 0.41092549062500006 0.8569209046875 0.44346274531249996 0.8520367234374999 0.42583921562500004 0.861802259375 0.4204156859375 0.8644067796874999 0.3951098046875 0.8644067796874999 0.3813803921875
4 0.5875706218750001 0.540086275 0.5695847453125 0.4809490203125 0.5314971749999999 0.5338196078124999 0.5314971749999999 0.590760784375 0.5714378531250001 0.6 0.57863559375 0.6 0.5875706218750001 0.5454235296875 0.5875706218750001 0.540086275
4 0.6253587578124999 0.5397725484375 0.6077796609375 0.5614627453125001 0.6155932203125001 0.6184000000000001 0.654991525 0.6235294125 0.677192090625 0.6235294125 0.668327684375 0.5940000000000001 0.6751638421874999 0.34048235312499997 0.605827684375 0.431313725 0.6312175140625 0.45300784375 0.6253587578124999 0.5397725484375
4 0.69886158125 0.3450980390625 0.737564971875 0.34054509843749997 0.7492824859375 0.31343137187500003 0.7627118640624999 0.3121882359375 0.7627118640624999 0.3114941171875 0.7043615812499999 0.283603921875 0.672316384375 0.3361803921875 0.672316384375 0.3367294125 0.6783446328125 0.3450980390625 0.69886158125 0.3450980390625
