4 0.0263674421875 0.043944185937500005 0.038085271875 0.0498046515625 0.06152403125 0.043944185937500005 0.079102325 0.070311628125 0.10058604687499999 0.0820302328125 0.429686821875 0.24169999999999997 0.8535162796875 0.001465115625 0.019531782812500002 0.001465115625 0.019531782812500002 0.0336906984375 0.0263674421875 0.043944185937500005
4 0.4257813953125 0.5961906984375 0.4423829453125 0.5976558140625 0.47656279062499995 0.578613953125 0.47656279062499995 0.5610348843749999 0.462889921875 0.546386046875 0.46777364375 0.50097674375 0.5185550390625 0.50097674375 0.5332030999999999 0.484862790625 0.5341798453125 0.25195348906250004 0.7841798453125 0.1464837203125 0.7929689921875 0.1684581390625 0.7929689921875 0.6284186046875 0.8066403093750001 0.67822325625 0.8134759687500001 0.694334884375 0.8310542640625 0.6679697671875 0.8603519374999999 0.6767581390624999 0.8613286828125 0.7309581390625 0.868164340625 0.7470697671875 0.8730465109375001 0.719237209375 0.8691410859375001 0.6694325578125 0.8740232562499999 0.6562511625 0.8886713171875 0.654786046875 0.8876945734374999 0.6357418609375001 0.898437209375 0.63427674375 0.9003906984375 0.5903325578125 0.8671875968749999 0.578613953125 0.8671875968749999 0.5083 0.8720697671875 0.50097674375 0.9736325578124999 0.50097674375 0.9785162796875 0.58447209375 0.9394527125 0.5961906984375 0.9394527125 0.6958 0.9423829453125 0.7060558140625 0.9746093015625 0.719237209375 0.98437519375 0.7514651156250001 0.98437519375 0.8071279062500001 1 0.8159186046875 0.9990232562499999 0.0029302328125 0.8583984499999999 0.0029302328125 0.42382790625 0.250488371875 0.4257813953125 0.5961906984375
4 0.383789146875 0.533202325 0.3945317828125 0.546386046875 0.3945317828125 0.5903325578125 0.40332092968750005 0.5976558140625 0.42187441875 0.593262790625 0.4189457359375 0.42187441875 0.40722635625 0.4394534890625 0.3564449609375 0.43359302343749995 0.34472713125 0.3955069765625 0.335937984375 0.399902325 0.3330077515625 0.42773488437499996 0.2763674421875 0.42187441875 0.2714837203125 0.37353488437500004 0.2763674421875 0.2841790703125 0.334961240625 0.3076162796875 0.33984341093750003 0.32080000000000003 0.337889921875 0.3559581390625 0.34472713125 0.3603511625 0.3564449609375 0.2812511625 0.40332092968750005 0.295897675 0.4189457359375 0.31054651093749996 0.42187441875 0.250488371875 0.0751953484375 0.0732418609375 0.0732418609375 0.1699209296875 0.211914728125 0.21972558125 0.2382806203125 0.23876976718749998 0.2382806203125 0.28564418593749996 0.2480465109375 0.3090813953125 0.24218759687500002 0.46435581406250004 0.28027286875 0.4687511625 0.28320310000000004 0.47607441875 0.2783209296875 0.5126953484375 0.243164340625 0.5126953484375 0.2382806203125 0.5200186046875 0.2382806203125 0.63427674375 0.25195348906250004 0.6372069765624999 0.30468682187499996 0.6196279062500001 0.30468682187499996 0.5493162796875 0.31152403125 0.539062790625 0.383789146875 0.533202325
4 0.3320310078125 0.30322325625 0.337889921875 0.32080000000000003 0.333984496875 0.41162092968749997 0.335937984375 0.42626976718750004 0.3476558140625 0.4409186046875 0.3554682171875 0.27685581406250004 0.34277364375 0.266602325 0.33984341093750003 0.3002930234375 0.3320310078125 0.30322325625
4 0.0810542640625 0.240234884375 0.0732418609375 0.2314441859375 0.0732418609375 0.3339837203125 0.09472713125 0.319334884375 0.1376945734375 0.322265115625 0.165038759375 0.34570232500000003 0.18652403125 0.3925790703125 0.1923829453125 0.38378837187500003 0.20312558125 0.3881837203125 0.2001953484375 0.404297675 0.187500775 0.405762790625 0.181640309375 0.44677674375 0.16015658906250002 0.47314418593749996 0.187500775 0.47607441875 0.1923829453125 0.45117209375 0.226562790625 0.44677674375 0.22265581406249998 0.282713953125 0.0810542640625 0.240234884375
4 0.070313178125 0.19482325625000002 0.0732418609375 0.2373046515625 0.22265581406249998 0.279786046875 0.2216790703125 0.2373046515625 0.1298821703125 0.2021488375 0.0751953484375 0.1875 0.070313178125 0.19482325625000002
4 0.2021488375 0.641602325 0.1669922484375 0.6503906984375 0.15234418593750002 0.640137209375 0.1503906984375 0.5229488375 0.1845705421875 0.5214837203125 0.1923829453125 0.4892581390625 0.08398449687500001 0.49072325625 0.0937503875 0.5141604656250001 0.0937503875 0.537597675 0.0732418609375 0.5419930234375 0.072265115625 0.5639651156250001 0.0751953484375 0.5712883718749999 0.09472713125 0.568360465625 0.1113286828125 0.58447209375 0.1132806203125 0.6313465109374999 0.10351627968749999 0.6840813953125 0.11914108593749999 0.6840813953125 0.19628837187499998 0.6679697671875 0.2187503875 0.64892558125 0.21777364375000002 0.641602325 0.2021488375 0.641602325
4 0 0.9975581390625001 0.1914062015625 0.9975581390625001 0.1591798453125 0.9316395343749999 0.10449147343750001 0.9228511625 0.0996093015625 0.91552790625 0.10937519375 0.859862790625 0.14062480625 0.7543953484375 0.1855472875 0.67822325625 0.10839845 0.68847674375 0.0986325578125 0.7060558140625 0.0742186046875 0.7163093015625 0.0742186046875 0.8920906984375 0.0673829453125 0.9023441859375 0.053711628125 0.9023441859375 0.0498046515625 0.8730465109375001 0.030272868749999998 0.8759767437500001 0.031249612500000003 0.94482325625 0.0263674421875 0.9550790703125 0 0.968262790625 0 0.9975581390625001
4 0.9755860468750001 0.9316395343749999 0.819336434375 0.867188371875 0.8144527125 0.859862790625 0.8144527125 0.8188465109375 0.8037116281250001 0.805665115625 0.790038759375 0.8144534890624999 0.7597658921875 0.8627930234375001 0.7539069765625 0.9038093015625 0.742187596875 0.9272465109375 0.7451178296875 0.9990232562499999 1 0.9975581390625001 0.9990232562499999 0.8759767437500001 0.9863286828125 0.8774418609374999 0.9863286828125 0.9272465109375 0.9755860468750001 0.9316395343749999
4 0 0.95947209375 0.007812403125000001 0.95947209375 0.027344185937499998 0.9477534890625 0.027344185937499998 0.9096674421875001 0.0214837203125 0.9008790703124999 0.0175782953125 0.8540046515625 0.0146480625 0 0 0.001465115625 0 0.95947209375
4 0.04687441875 0.484862790625 0.0351565890625 0.47607441875 0.0507813953125 0.44970697656249997 0.04687441875 0.23876976718749998 0.04687441875 0.20947209375 0.052734884375 0.203613953125 0.0507813953125 0.0600581390625 0.0205085265625 0.04687441875 0.019531782812500002 0.8100581390625001 0.0351565890625 0.812988371875 0.0507813953125 0.8012697671875 0.04687441875 0.733886046875 0.0507813953125 0.5024418609375 0.04687441875 0.484862790625
