4 0.3007813953125 0.0395511625 0.3154294578125 0.0175790703125 0.3408201546875 0.03222558125 0.3408201546875 0 0.023437209375 0.001465115625 0.039062015625 0.08642558125000001 0.045897675 0.0966790703125 0.29882790625 0.1918953484375 0.3437503875 0.109862790625 0.34179689999999996 0.077637209375 0.31347596875 0.06445348906250001 0.3007813953125 0.0395511625
4 0.0429689921875 0.10107441875 0.060547287500000005 0.1215813953125 0.0810542640625 0.1904302328125 0.243164340625 0.240234884375 0.2441410859375 0.37353488437500004 0.2529302328125 0.380860465625 0.29882790625 0.38232325624999997 0.3007813953125 0.2299813953125 0.2929689921875 0.218262790625 0.2919922484375 0.193360465625 0.0429689921875 0.10107441875
4 0 0.0395511625 0.019531782812500002 0.1069325578125 0.015624806250000001 0.3413093015625 0.0429689921875 0.344237209375 0.041015503125000005 0.095213953125 0.0214837203125 0.0043953484375 0.00097674375 0 0 0.0395511625
4 0 0.9946279062500001 0.10546821718749999 0.9946279062500001 0.32324186093749996 0.8759767437500001 0.3457038765625 0.8569325578125 0.34960930156250003 0.8334953484375 0.34472713125 0.79687441875 0.329102325 0.79687441875 0.3251953484375 0.773437209375 0.29882790625 0.7690418609375 0.29687441875 0.7573232562500001 0.312500775 0.7456046515625 0.288085271875 0.7060558140625 0.2675782953125 0.6899418609375 0.27539069843749997 0.67822325625 0.2705085265625 0.6621093015625 0.24218759687500002 0.672362790625 0.23437519375 0.8042 0.22363255781250002 0.820311628125 0.19433643437499998 0.8349604656249999 0.170897675 0.8320302328125001 0.16015658906250002 0.812988371875 0.1513674421875 0.6826162796874999 0.086914728125 0.694334884375 0.0585937984375 0.6899418609375 0.056640309374999996 0.593262790625 0.079102325 0.5507813953125 0.0917969 0.5493162796875 0.0937503875 0.49365348906250006 0.10351627968749999 0.46142558125 0.10839845 0.45410232500000003 0.1230465109375 0.46142558125 0.13378914687500001 0.5478511625 0.17187441875 0.546386046875 0.17382790625 0.47314418593749996 0.1826170546875 0.46582092968750005 0.197265115625 0.47314418593749996 0.20117209374999998 0.49365348906250006 0.197265115625 0.537597675 0.209961240625 0.5419930234375 0.212889921875 0.5053720937499999 0.20507751875000002 0.4790046515625 0.209961240625 0.46582092968750005 0.2451178296875 0.46582092968750005 0.26074263593749997 0.44531162812499997 0.26660154999999996 0.45996046562500004 0.2763674421875 0.45996046562500004 0.29687441875 0.43212790625 0.2939457359375 0.42187441875 0.2812496125 0.4204093015625 0.28222635625 0.4013674421875 0.3251953484375 0.3955069765625 0.102539534375 0.36621162812499997 0.028320929687500003 0.3486325578125 0 0.35302790625 0 0.9946279062500001
4 0.34277364375 0.3925790703125 0.2470697671875 0.38378837187500003 0.243164340625 0.3955069765625 0.26562480625 0.4028325578125 0.26562480625 0.4409186046875 0.23925736406250003 0.4482418609375 0.23632868281250002 0.46142558125 0.27539069843749997 0.47314418593749996 0.2792961234375 0.546386046875 0.31152403125 0.568360465625 0.3144527125 0.593262790625 0.3076170546875 0.6503906984375 0.24023410781250001 0.6694325578125 0.2382806203125 0.7602534890625 0.24121085312499999 0.7646488375 0.2480465109375 0.7456046515625 0.25 0.6870116281249999 0.25683565937499997 0.6826162796874999 0.2626945734375 0.694334884375 0.272460465625 0.6826162796874999 0.2773441859375 0.7133790703125 0.273437209375 0.7426767437499999 0.2812496125 0.7543953484375 0.2812496125 0.77197209375 0.305663565625 0.805665115625 0.33007751875 0.812988371875 0.335937984375 0.8334953484375 0.3330077515625 0.8378906984375 0.33007751875 0.827637209375 0.32812558125 0.8657232562500001 0.3320310078125 0.8657232562500001 0.3457038765625 0.8569325578125 0.351562790625 0.8334953484375 0.34960930156250003 0.399902325 0.34277364375 0.3925790703125
4 0.8603519374999999 0.568360465625 0.8632806203125 0.5434581390625 0.8623054265625001 0.44531162812499997 0.7167969000000001 0.452637209375 0.7304682171875 0.4350581390625 0.7236325578125 0.11132790625 0.6904294578125 0.1289069765625 0.6845705421875 0.108397675 0.677734884375 0.1333 0.67382790625 0.7485348843749999 0.681640309375 0.7485348843749999 0.7324217046875 0.733886046875 0.7294914734375 0.5654302328125 0.7548821703125 0.5595697671875 0.8603519374999999 0.568360465625
4 0.6611333328125 0.8701162796874999 0.54492248125 0.9946279062500001 0.6914062015625 0.9975581390625001 0.6611333328125 0.8701162796874999
4 0.350586046875 0.8642581390625 0.1132806203125 0.9946279062500001 0.431640309375 0.9975581390625001 0.350586046875 0.8642581390625
4 0.46777364375 0 0.437500775 0.001465115625 0.4687503875 0.024902325 0.46777364375 0
4 0.5976558140625 0.021972093749999998 0.6152341078125 0.001465115625 0.5644527125 0.001465115625 0.5888666671875 0.023437209375 0.5976558140625 0.021972093749999998
4 0.48535193750000005 0 0.4824217046875 0.0395511625 0.5351565890625001 0.0805674421875 0.5644527125 0.048339534375 0.5205085265625 0 0.48535193750000005 0
4 0.618164340625 0 0.601562790625 0.021972093749999998 0.6123054265625 0.043944185937500005 0.6562496125 0.0834953484375 0.65722635625 0.070311628125 0.66992248125 0.0805674421875 0.670897675 0 0.618164340625 0
4 0.666015503125 0.2153325578125 0.6562496125 0.203613953125 0.6562496125 0.16552790625 0.664062015625 0.139160465625 0.65527286875 0.117188371875 0.6435550390625 0.117188371875 0.6376945734375 0.0996093015625 0.6201178296875 0.0908209296875 0.6074217046875 0.09814418593749999 0.6113286828125 0.1596674421875 0.6220697671875 0.164062790625 0.625 0.1420906984375 0.631835659375 0.14062558125 0.6435550390625 0.1435558140625 0.6386713171875 0.1596674421875 0.6503906984375 0.1684581390625 0.6416015500000001 0.1904302328125 0.6230465109375001 0.1918953484375 0.625 0.35888604687500003 0.6230465109375001 0.3881837203125 0.617187596875 0.39111395312499997 0.6230465109375001 0.405762790625 0.6123054265625 0.42187441875 0.6083984499999999 0.3603511625 0.6054682171875 0.36767674375000003 0.6035162796875 0.7573232562500001 0.6123054265625 0.7998046515625 0.6416015500000001 0.820311628125 0.6523441859375 0.8188465109375 0.6523441859375 0.7778325578125 0.666015503125 0.7485348843749999 0.6679689921875 0.2622069765625 0.666015503125 0.2153325578125
4 0.5595705421875 0.726562790625 0.5712883718749999 0.7412116281250001 0.585937984375 0.7397465109375 0.5917969000000001 0.58447209375 0.587889921875 0.45556744218749995 0.57812558125 0.4409186046875 0.585937984375 0.399902325 0.583984496875 0.2534186046875 0.57812558125 0.212402325 0.58007751875 0.077637209375 0.5361333328125 0.0351558140625 0.5341798453125 0.043944185937500005 0.5283209296875 0.0205069765625 0.49706976718749996 0 0.48437519375000004 0.00732325625 0.4863286828125 0.162597675 0.508789146875 0.149413953125 0.51562480625 0.1684581390625 0.48437519375000004 0.19482325625000002 0.48437519375000004 0.774902325 0.4902341078125 0.7778325578125 0.524413953125 0.7587883718749999 0.53222635625 0.7382813953125 0.5537116281250001 0.7382813953125 0.5595705421875 0.726562790625
4 0.430663565625 0.8085930234375001 0.4423829453125 0.7851558140625 0.45410232500000003 0.7939441859375 0.47070387656249996 0.77197209375 0.46582015468750004 0.005860465625 0.443359690625 0.0190418609375 0.4570310078125 0.0190418609375 0.44726511562500004 0.030762790625 0.4423829453125 0.06738372031249999 0.4345705421875 0.0175790703125 0.42285116250000004 0.0205069765625 0.4062496125 0.0454093015625 0.4013674421875 0.5800790703125001 0.3964837203125 0.5581046515625 0.39062480625 0.0747069765625 0.38183565937499997 0.07617209375 0.3554682171875 0.11865348906249999 0.35937519375 0.8305674421875 0.3710930234375 0.8393558140625 0.3955085265625 0.829102325 0.4013674421875 0.805665115625 0.40917984531249996 0.820311628125 0.430663565625 0.8085930234375001
4 1 0.001465115625 0.8720697671875 0 0.8671875968749999 0.0190418609375 0.8710930234375001 0.326660465625 0.8632806203125 0.452637209375 0.8613286828125 0.9917 0.868164340625 0.9990232562499999 1 0.9975581390625001 1 0.001465115625
