4 0.0958 0 0 0.0011488375 0 0.0245906984375 0.0008310078125 0.1578906984375 0.3680186046875 0.295586046875 0.3914558140625 0.28972558125000003 0.40512713125 0.2780069765625 0.40903410781250005 0.2633581390625 0.4334480625 0.258962790625 0.40903410781250005 0.26042790625 0.40512713125 0.2487093015625 0.3621581390625 0.234060465625 0.3455565890625 0.2003697671875 0.347510078125 0.12419767500000001 0.379736434375 0.10222558125 0.3934093015625 0.0758581390625 0.40610387656249997 0.08611162812499999 0.4148930234375 0.1139441859375 0.443213953125 0.1447069765625 0.43833023281249994 0.2545697671875 0.6375488375 0.1139441859375 0.65512713125 0.111013953125 0.6639162796875 0.1447069765625 0.6658697671875 0.27947209375000004 0.6736821703125 0.2384558140625 0.7049317828125 0.2062302328125 0.7078620156250001 0.17839767499999998 0.7195798453125 0.1754674421875 0.7273922484375 0.20183488437500002 0.74887751875 0.2076953484375 0.7576666671875001 0.2238069765625 0.7576666671875001 0.3497837203125 0.7918465109375 0.3541790703125 0.800688371875 0.3674418609375 0.8117705421875 0.3674418609375 0.8123534890625 0.367362790625 0.9510263562500001 0.3468534890625 0.9568852718749999 0.21208837187500001 0.9842294578124999 0.056816279687500006 0.9860465109375 0.02137209375 0.9860465109375 0 0.1359550390625 0 0.177587596875 0.036306976562499996 0.1834480625 0.06853488437500001 0.17661240312499998 0.0758581390625 0.1512217046875 0.07292790625 0.129736434375 0.0582813953125 0.11508837187500001 0.0304488375 0.1218542640625 0 0.0958 0
4 0.4544542640625 0.49762325625 0.469102325 0.49615813906249995 0.46812558125 0.5034837203125 0.45738449687499994 0.499088371875 0.4622666671875 0.5093418609375 0.47593798437499996 0.5034837203125 0.47593798437499996 0.5122720937499999 0.4857038765625 0.515202325 0.5091410859375001 0.515202325 0.5110945734375 0.48297441875 0.5482046515625 0.48297441875 0.553086821875 0.4873697671875 0.5511333328125 0.513737209375 0.5648062015625 0.5195953484375 0.5638294578124999 0.5357093015625 0.59312558125 0.538639534375 0.5957689921875 0.555813953125 0.60507441875 0.555813953125 0.599962790625 0.5430325578125 0.6048449609375 0.538639534375 0.6380480625 0.5415697671874999 0.6429302328125 0.5342441859375 0.654263565625 0.3529209296875 0.654263565625 0.31142325625 0.6526961234375 0.16803255781249998 0.646837209375 0.1592441859375 0.6439069765625 0.11969302343749999 0.3870713171875 0.3028 0.40855658906250003 0.3291674421875 0.4095317828125 0.49762325625 0.42906356562500003 0.515202325 0.4544542640625 0.521060465625 0.45738449687499994 0.5049465109375 0.441759690625 0.49322790625 0.44273488437499997 0.4712558140625 0.45152403124999996 0.4727209296875 0.44566511562500005 0.484439534375 0.4544542640625 0.49762325625
4 0.5229038765625 0.6064511625 0.5561069765625 0.5859441859375 0.5648961234375001 0.590337209375 0.5648961234375001 0.6079162796875 0.5492713171875 0.646002325 0.5375534890625 0.70752558125 0.5238806203124999 0.7280325578125 0.5238806203124999 0.745611628125 0.5443891468750001 0.7910209296875 0.6264201546875 0.849613953125 0.64277519375 0.853488371875 0.6453922484375 0.853488371875 0.655813953125 0.8404604656249999 0.655813953125 0.776688371875 0.652787596875 0.5610418609375001 0.64497519375 0.5170953484374999 0.5795457359375 0.5126999999999999 0.5561069765625 0.4863325578125 0.5492713171875 0.48779767500000004 0.5443891468750001 0.5126999999999999 0.511186046875 0.50977209375 0.50532713125 0.47168604687500004 0.47407596874999997 0.4834046515625 0.464310078125 0.4687558140625 0.42562170468750005 0.46046511562500003 0.4230573640625 0.46046511562500003 0.40864651093750004 0.49072790624999996 0.4213426359375 0.4921930234375 0.42524806249999997 0.5126999999999999 0.44966201562499997 0.5229558140624999 0.4418496125 0.5493209296875 0.466263565625 0.5566465109375 0.47602945781250006 0.5800837203125 0.4994666671875 0.5888720937499999 0.5082558140625 0.6020558140625 0.4770062015625 0.62842325625 0.4770062015625 0.6606511625 0.48188837187500005 0.66797441875 0.48970077500000003 0.66797441875 0.5229038765625 0.6064511625
4 0.713689921875 0.5006627906250001 0.729314728125 0.5006627906250001 0.7478697671875 0.5167744187500001 0.748837209375 0.40357209374999997 0.748837209375 0.2886162796875 0.721502325 0.298513953125 0.6609550390625001 0.298513953125 0.6541193796875 0.680837209375 0.688299225 0.6998813953125 0.7195488375 0.7116 0.7332217046875 0.7057395343749999 0.7384914734375 0.7162790703125 0.7461581390625 0.7162790703125 0.7478697671875 0.7159930234375 0.7478697671875 0.540211628125 0.7351736437499999 0.54167674375 0.729314728125 0.5270302328125 0.7088077515625 0.5167744187500001 0.713689921875 0.5006627906250001
4 0.7421968999999999 0.595997675 0.7455519374999999 0.5976744187499999 0.748062015625 0.5976744187499999 0.748837209375 0.4104209296875 0.748837209375 0.36514418593750003 0.7441503875000001 0.4143558140625 0.7324310078125 0.417286046875 0.7441503875000001 0.42607441875 0.7441503875000001 0.43779302343750004 0.7382914734375 0.44072325625 0.7382914734375 0.45537209375 0.7441503875000001 0.458302325 0.7304790703124999 0.4846697671875 0.734384496875 0.49931860468749995 0.7286821703124999 0.50787209375 0.7286821703124999 0.511162790625 0.7324310078125 0.5842790703125 0.737314728125 0.568165115625 0.7421968999999999 0.595997675
4 0.755514728125 0.4028046515625 0.756489921875 0.41012790624999995 0.7975069765625 0.41012790624999995 0.9049286828125 0.3954790703125 0.90782790625 0.5767441859375 0.9291689921874999 0.5767441859375 0.9478976749999999 0.5741906984375 0.953488371875 0.5538209296875001 0.953488371875 0.35157441875 0.7975069765625 0.37497209374999996 0.7877410859375 0.3984093015625 0.755514728125 0.4028046515625
4 0.9550387593749999 0.753260465625 0.929714728125 0.7386511625 0.9150666671875 0.646365115625 0.9072542640625001 0.643434884375 0.8994418609375 0.6551534890624999 0.88967596875 0.6375767437500001 0.76467596875 0.614139534375 0.7695581390624999 0.6536883718750001 0.76467596875 0.6551534890624999 0.7519798453125001 0.62732325625 0.754910078125 0.7196069765625001 0.950962790625 0.78837209375 0.9512077515625 0.78837209375 0.9550387593749999 0.7538976749999999 0.9550387593749999 0.753260465625
4 0.455813953125 0.75397441875 0.449934884375 0.7325581390625 0.44986821718750003 0.7325581390625 0.419638759375 0.7896046515624999 0.425497675 0.8159720937499999 0.4325209296875 0.8186046515625 0.43342325625000006 0.8186046515625 0.455813953125 0.7598302328125001 0.455813953125 0.75397441875
4 0 0.8579209296875 0.0007829453125 0.99767441875 0.212737984375 0.99767441875 0.296686821875 0.9972581390625 0.350387596875 0.804513953125 0.350387596875 0.797513953125 0.3484449609375 0.7907162796875 0.327937984375 0.7833906984375 0.3152418609375 0.726262790625 0.28887441875 0.8361255812499999 0.280085271875 0.8463790703124999 0.27520310000000003 0.844913953125 0.27520310000000003 0.827337209375 0.296686821875 0.7394465109375 0.295710078125 0.7233325578125 0 0.8243441859375 0 0.8579209296875
4 0.5089627906249999 0.7724418609375 0.5138465109375 0.9086744187500001 0.5070093015625 0.910137209375 0.49626821718749997 0.8032046515625 0.48162015468749997 0.7929511625 0.469900775 0.8046697671875 0.46892403125 0.791486046875 0.462088371875 0.7870906984375 0.43279069843749995 0.8661930234374999 0.42302635625 0.8632627906250001 0.41423720937499997 0.838360465625 0.43572092968750004 0.9643372093749999 0.42888527187500003 0.9775209296874999 0.42009612343749997 0.9614069765625001 0.39470542656249996 0.8119930234374999 0.383962790625 0.7929511625 0.3634558140625 0.870588371875 0.35662015468749997 0.8808418609374999 0.34392403125 0.87937674375 0.3185333328125 0.978986046875 0.3107209296875 0.9907046515625 0.31722635625 0.99767441875 0.4779674421875 0.99767441875 0.9806434109375 0.9965627906250001 0.9844961234375 0.9878930234375 0.9844961234375 0.9873976750000001 0.9611116281250001 0.8207837203125001 0.9484170546874999 0.7929511625 0.6691193796875 0.6933418609374999 0.6574 0.6933418609374999 0.6544713171875001 0.7035953484374999 0.6603302328125 0.8325023249999999 0.6456821703125 0.8574046515625 0.6339627906249999 0.8574046515625 0.5460728687499999 0.7958813953125 0.5431426359375 0.806134884375 0.5509550390625 0.8325023249999999 0.540212403125 0.8368953484375 0.523610853125 0.7856255812499999 0.5089627906249999 0.7724418609375
4 0.24872558125 0.4771186046875 0.27899845 0.481511628125 0.27899845 0.4990906984375 0.2584914734375 0.5034837203125 0.2584914734375 0.5152046515625 0.3014589140625 0.5181325578125 0.30387596875 0.4371813953125 0.30387596875 0.41990930156250006 0.0709906984375 0.3833674421875 0.068060465625 0.5166674421875 0.0796790703125 0.5186046515625 0.1220666671875 0.5186046515625 0.1393503875 0.5181325578125 0.14032713125000001 0.47858139531250005 0.14716279062499998 0.46832790625 0.1686465109375 0.46832790625 0.1735302328125 0.4756534890625 0.1745069765625 0.5152046515625 0.225288371875 0.5152046515625 0.2301705421875 0.5078790703125 0.22821705468750003 0.481511628125 0.24872558125 0.4771186046875
4 0.21552248125 0.5073000000000001 0.1764589140625 0.4985093015625 0.068060465625 0.505834884375 0.06897674375 0.5209302328125001 0.1429689921875 0.5209302328125001 0.17548372031249998 0.5204837203125 0.3014589140625 0.5190186046874999 0.30387596875 0.510560465625 0.30387596875 0.5084813953125 0.2858341078125 0.4985093015625 0.225288371875 0.4985093015625 0.21552248125 0.5073000000000001
4 0.030378295312499998 0.21383488437499998 0.30967441875 0.30172558125000004 0.31627751875 0.31162790625 0.31960620156249997 0.31162790625 0.331159690625 0.30172558125000004 0.375486821875 0.31162790625 0.37638139531250003 0.31162790625 0.32334728749999997 0.2841465109375 0.0001038765625 0.1654953484375 0.0001038765625 0.20065116249999998 0.030378295312499998 0.21383488437499998
