4 0.0009774015625 0.0189803921875 0.0380847453125 0.048803921875 0.148437853125 0.050160784375 0.1582033890625 0.0474509796875 0.15918079062499998 0 0 0.0013568625 0.0009774015625 0.0189803921875
4 0.1806638421875 0.048803921875 0.4208983046875 0.0298235296875 0.43261581875 0.2142 0.5683587578125 0.22369019531249998 0.62988418125 0 0.17187570624999998 0.0013568625 0.17187570624999998 0.0420274515625 0.1806638421875 0.048803921875
4 0.9990225984375 0.6480235296875 1 0.5409254906250001 0.7978502828125 0.539568628125 0.7949209046875 0.3077450984375 1 0.2968980390625 0.9990225984375 0 0.7187514125 0.0067803921875000004 0.7187514125 0.5544823531249999 0.7529293781249999 0.54227843125 0.7792966109374999 0.5761725484375 0.78613276875 0.6642941171875 0.85937570625 0.6629372546875001 0.9423841812499999 0.6398901953125 0.9521497171875 0.5992196078124999 0.9736327687499999 0.6398901953125 0.9990225984375 0.6480235296875
4 0.7187514125 0.004066667187499999 0.674805084375 0 0.6699209046875 0.8039294124999999 0.701172315625 0.8147764703125 0.701172315625 0.668360784375 0.7324209046875 0.6493803921875 0.7187514125 0.5761725484375 0.7187514125 0.004066667187499999
4 0.7187514125 0.0067803921875000004 0.6494152546875 0 0.632813559375 0.0176235296875 0.648437853125 0.0420274515625 0.6240225984375 0.051517646875 0.6210932203125 0.07456470625 0.6542966109374999 0.08812156875 0.6542966109374999 0.47042745156250004 0.617186440625 0.48127450937500005 0.6152344624999999 0.7117411765625 0.66113276875 0.8052862749999999 0.6992175140625 0.8147764703125 0.701172315625 0.668360784375 0.7324209046875 0.6493803921875 0.7187514125 0.581596078125 0.7187514125 0.0067803921875000004
4 0.6005847453125 0.1545490203125 0.56738418125 0.2304705875 0.45898305156249997 0.229113725 0.4619152546875 0.3226549015625 0.554686440625 0.32672156874999997 0.576172315625 0.32130196093749996 0.57812429375 0.2616509796875 0.60937570625 0.2264 0.6005847453125 0.1545490203125
4 0.6699209046875 0.17217254843750002 0.668946328125 0.0189803921875 0.6582033890625001 0.023047059375 0.6552740109374999 0.05965097968750001 0.6240225984375 0.056941176562499994 0.6132824859375 0.07456470625 0.5996101687500001 0.1477725484375 0.60937570625 0.1559058828125 0.6132824859375 0.2264 0.617186440625 0.1613294125 0.6474604515625 0.08676470625 0.6601553671875 0.0935450984375 0.6699209046875 0.17217254843750002
4 0.02538983125 0.9964392156249999 0.01562429375 0.9449215687500001 0.0009774015625 0.9381450984375 0 0.9964392156249999 0.02538983125 0.9964392156249999
4 0.9570310734374999 0.993725490625 0.992186440625 0.9964392156249999 0.998048021875 0.8635803921875 0.9853502828125 0.859513725 0.9726553671874999 0.871713725 0.9570310734374999 0.993725490625
4 0.8789067796875001 0.993725490625 0.9316412421875 0.9964392156249999 0.9472655375000001 0.8635803921875 0.840819209375 0.859513725 0.873048021875 0.9123843140625001 0.8789067796875001 0.993725490625
4 0.606446328125 0.7158078437500001 0.548827684375 0.706317646875 0.543946328125 0.6426000000000001 0.458008475 0.6480235296875 0.40918079062499996 0.780882353125 0.331053671875 0.780882353125 0.32812429375 0.8744274515624999 0.291991525 0.9489882359375 0.24511581875 0.9245882359375001 0.22949152499999997 0.9652588234374999 0.20605367187499998 0.921874509375 0.1357429375 0.921874509375 0.104491525 0.9761019609374999 0.0947259890625 0.9327215687500001 0.0449209046875 0.9449215687500001 0.0537118640625 0.9977960781249999 0.539062146875 0.9964392156249999 0.5449209046875 0.8771372546875 0.5849604515625 0.8378235296875 0.6503898312499999 0.820196078125 0.606446328125 0.7158078437500001
4 0.1416016953125 0.5097411765625 0.15331920937500002 0.479917646875 0.1767570625 0.48262745156250003 0.18652259843750002 0.5097411765625 0.20410169531250003 0.47720784375 0.22949152499999997 0.4880509796875 0.23339830468749997 0.5124549015625 0.2900395484375 0.5097411765625 0.2949209046875 0.3863725484375 0.0009774015625 0.3741725484375 0 0.5110980390625001 0.0625 0.51380784375 0.10156214687500001 0.505674509375 0.096680790625 0.43653333281249995 0.1347655375 0.44602352968750003 0.1416016953125 0.5097411765625
