4 0.0657627125 0.122552940625 0.5002570625 0.21176470625000002 0.5081525421875 0.21176470625000002 0.5084745765625 0.1418588234375 0.5084745765625 0.0005490203124999999 0.0628333328125 0.007317646875 0.0657627125 0.122552940625
4 0.49883050781250005 0.5033372546875 0.5112994343749999 0.495917646875 0.5112994343749999 0.44124705937500003 0.509573446875 0.42605882343749996 0.5056666671875 0.45046274531249997 0.493946328125 0.4152156859375 0.47637005625000006 0.42877254843749996 0.4724632765625 0.4125019609375 0.4666045203125 0.44775294062500004 0.45586158125000004 0.419282353125 0.45390960468749997 0.4545294125 0.4695338984375 0.46266274531249996 0.45390960468749997 0.4762196078125 0.4769661015625 0.521568628125 0.48111016875 0.521568628125 0.5046892656249999 0.5168941171875 0.49883050781250005 0.5033372546875
4 0.0631468921875 0.7208274515624999 0.0679604515625 0.721568628125 0.087813559375 0.721568628125 0.139316384375 0.7072705874999999 0.13736440625 0.6340627453125001 0.113926553125 0.6069450984375 0.1354124296875 0.59067843125 0.1402937859375 0.53780784375 0.1559180796875 0.5486509796875 0.191076271875 0.5323843140625 0.2057231640625 0.5445843140625 0.2037711859375 0.4740901953125 0.212559321875 0.461886275 0.4371694921875 0.45646274531250003 0.44632768437500003 0.46918039218749996 0.44632768437500003 0.4559882359375 0.4449802265625 0.4429058828125 0.3512316390625 0.44832941249999997 0.33755932187500004 0.4456196078125 0.3297457625 0.4239294125 0.186192090625 0.414439215625 0.1881440671875 0.259886275 0.28091807968750004 0.2612431375 0.2731073453125 0.2422627453125 0.331700565625 0.2070156859375 0.3102146890625 0.2070156859375 0.29263841875 0.1799019609375 0.21841807968750002 0.15821176406249998 0.0631468921875 0.13516470625000002 0.0631468921875 0.7208274515624999
4 0.43374293750000004 0.2753764703125 0.4317881359375 0.44619215624999997 0.4562033890625 0.46923921562500004 0.4972203390625 0.458396078125 0.504056496875 0.4977098046875 0.513822034375 0.38654117656250003 0.5089378531250001 0.21707843124999998 0.2599152546875 0.169631371875 0.269680790625 0.17776470625000002 0.26186723125 0.2238588234375 0.269680790625 0.23470588281250002 0.25796045156249997 0.256396078125 0.3302259890625 0.2808 0.3302259890625 0.41365490156250007 0.29018926562499997 0.4258588234375 0.27651694843749997 0.4475490203125 0.3780790953125 0.45297254843749996 0.33413276875000003 0.43805882343749997 0.33608757031250003 0.256396078125 0.4171412421875 0.2631725484375 0.43374293750000004 0.2753764703125
4 0.15586158125 0.7378980390625001 0.1363305078125 0.718917646875 0.0630875703125 0.7365411765625 0.06503954843750001 0.934474509375 0.001564971875 0.9602313718750001 0.001564971875 0.99607843125 0.299497175 0.99607843125 0.3072288140625 0.9236274515625 0.3474576265625 0.8491647062500001 0.3474576265625 0.8465921562500001 0.273048021875 0.7406117640625001 0.23456214687500002 0.705882353125 0.2327344625 0.705882353125 0.15586158125 0.7378980390625001
4 0.033799434375 0 0.00061299375 0.0008078437500000001 0.004508475 0.9529411765625 0.011319209375 0.9529411765625 0.059322034375 0.9368549015625 0.059322034375 0.5837529406249999 0.056279660937499996 0 0.033799434375 0
4 1 0.0021725484375 0.9807824859375 0.007509804687500001 0.9710169484375 0.0590274515625 0.9964067796875 0.24069019531250002 0.93586158125 0.4467568625 0.9143757062500001 0.598596078125 0.8665254234375 0.6677333328125 0.8020734468749999 0.6894274515625 0.770822034375 0.6677333328125 0.7229717515625 0.5823254906249999 0.7288305078125 0.40066274531249996 0.6682824859375 0.22713333281249998 0.6702372875 0.15663529375000002 0.7132062140625 0.0048000000000000004 0.51887005625 0.0007294125 0.5178926546875 0.671803921875 0.5716045203125 0.670447059375 0.6106666671875 0.6894274515625 0.62238418125 0.6894274515625 0.636056496875 0.6568901953124999 0.6946497171875 0.6731568625000001 0.7044152546875 0.7273843140625 0.8313700562499999 0.7653450984375 0.8684774015625001 0.7951725484375001 0.9945480218749999 0.8431372546875 1 0.8431372546875 1 0.0021725484375
4 0.5951412421875 0.99607843125 0.6242937859375 0.99607843125 0.6242937859375 0.994125490625 0.5902514125 0.9340941171875 0.577556496875 0.9951019609375 0.5951412421875 0.99607843125
4 0.5593220343749999 0.89952156875 0.5282711859375 0.8514901953124999 0.51362146875 0.8609803921875001 0.51362146875 0.92876470625 0.5253418078125 0.945031371875 0.55561299375 0.932831371875 0.5593220343749999 0.9173882359375 0.5593220343749999 0.89952156875
4 0.6739124296875 0.99607843125 0.7505903953125 0.99607843125 0.59536723125 0.8843450984375 0.6739124296875 0.99607843125
4 0.4549011296875 0.957768628125 0.46022316406249997 0.9725490203125 0.46312146875 0.9725490203125 0.48022598906249997 0.9617568625 0.48022598906249997 0.9556980390625001 0.4656440671875 0.9211647062500001 0.4549011296875 0.957768628125
4 0.4829096046875 0.8648274515625 0.51288418125 0.921568628125 0.51412429375 0.921568628125 0.51412429375 0.8582627453124999 0.4829096046875 0.8648274515625
4 0.35722598906249997 0.8313725484375001 0.3664576265625 0.8313725484375001 0.40692372812500005 0.8039372546875001 0.43785310781250003 0.8064627453125001 0.43785310781250003 0.7706588234375 0.362 0.7849568625 0.35722598906249997 0.8313725484375001
4 0.157813559375 0.7378980390625001 0.1363305078125 0.718917646875 0.06503954843750001 0.733831371875 0.06503954843750001 0.934474509375 0.001564971875 0.9602313718750001 0.001564971875 0.99607843125 0.299497175 0.99607843125 0.3072288140625 0.9236274515625 0.3474576265625 0.8491647062500001 0.3474576265625 0.8465921562500001 0.273048021875 0.7406117640625001 0.23456214687500002 0.705882353125 0.23276836093750003 0.705882353125 0.157813559375 0.7378980390625001
