4 0 0.20993488437500002 0.004812403125 0.22003953437499998 0.021413953125 0.209786046875 0.0233658921875 0.16583953437500001 0.034108526562500005 0.14679767500000002 0.13762480625 0.026679070312499997 0.147389146875 0.026679070312499997 0.25676434062500003 0.1028511625 0.2997333328125 0.08234418593750001 0.39934263593749997 0.15851627968749998 0.40910852656249996 0.19953023281249999 0.506764340625 0.266913953125 0.5113410859374999 0.2674418609375 0.5229333328125 0.2674418609375 0.8290310078124999 0.1848837203125 0.8387953484375 0.14972558125 0.879812403125 0.1350790703125 0.9061782953125 0.11017674375 0.925710078125 0.0486511625 0.9302325578125 0.0169953484375 0.9302325578125 0.004295348437500001 0.928640309375 0.00031162812500000003 0 0.00177674375 0 0.20993488437500002
4 0.5890093015625 0.9781813953125 0.547286821875 0.9941906984375001 0.547286821875 0.994311628125 0.562488371875 0.9953488374999999 0.5891472875 0.9953488374999999 0.5891472875 0.9808674421875001 0.5890093015625 0.9781813953125
4 0.47324961249999997 0.878465115625 0.4722837203125 0.9930232562500001 0.47751937968749997 0.9930232562500001 0.47751937968749997 0.8797465109375 0.47324961249999997 0.878465115625
4 0.5441860468749999 0.96792325625 0.5089410859375 0.94077441875 0.49457364375 0.979565115625 0.49457364375 0.9804930234375 0.5038294578125 0.9860465109375 0.5043782953125 0.9860465109375 0.5441860468749999 0.968986046875 0.5441860468749999 0.96792325625
4 0.5002418609375 0.7077302328124999 0.4924294578125 0.734097675 0.499265115625 0.7472813953124999 0.5227038765625001 0.764860465625 0.5358465109375 0.7930232562499999 0.5597953484375 0.7930232562499999 0.5666480625 0.7926906984375 0.5705426359375 0.7255186046875 0.5705426359375 0.7252953484375 0.560789146875 0.7135906984375 0.5559069765625 0.6916162796875 0.524337984375 0.6860465109375 0.5224077515625 0.6860465109375 0.5002418609375 0.7077302328124999
4 0.46046511562500003 0.7654209296875 0.45433798437500006 0.7431 0.3078527125 0.8485697671875 0.30004030937500004 0.8720069765625 0.22972868281249997 0.8222023249999999 0.1359782953125 0.86907674375 0.1164465109375 0.8339209296875 0.0217209296875 0.741634884375 0.022697675 0.68157674375 0.000235659375 0.6830418609375 0.001212403125 0.99767441875 0.09775969062499999 0.99767441875 0.4592201546875 0.9965186046875001 0.46046511562500003 0.850897675 0.46046511562500003 0.7654209296875
4 0.8306279062499999 0.4187441859375 0.759337984375 0.4260674421875 0.757386046875 0.44364651093749996 0.7700806203125 0.45975813906249996 0.7935178296875 0.45975813906249996 0.805237209375 0.4831953484375 0.819885271875 0.48759069843749997 0.8207782953124999 0.50232558125 0.8291333328125001 0.50232558125 0.8296511625 0.502239534375 0.8179317828125001 0.46122325625 0.8310077515625001 0.45281860468749996 0.8310077515625001 0.4318558140625 0.8306279062499999 0.4187441859375
4 0.49510232500000007 0.5218488375 0.50779845 0.5174534890625 0.5097519375 0.482297675 0.5224465109375 0.47497441875 0.5419782953125 0.47790232499999996 0.5429550390625 0.49694651093750003 0.5536961234375 0.5013418609375 0.563462015625 0.5247790703125 0.6666666671875 0.5333790703125 0.6666666671875 0.5111511625 0.6640480625 0.48522790625 0.6666666671875 0.4596953484375 0.6666666671875 0.4443511625 0.6591658921875 0.42809767499999996 0.4990093015625 0.43102790625000004 0.4052589140625 0.4193093015625 0.4023286828125 0.4793674421875 0.4101410859375 0.48815813906249994 0.4101410859375 0.51452558125 0.43093643437500007 0.5372093015625 0.4325038765625 0.5372093015625 0.44529767500000006 0.5262441859375 0.45018139531249995 0.47204418593749997 0.4970558140625 0.47790232499999996 0.499986046875 0.49694651093750003 0.4902201546875 0.5174534890625 0.49510232500000007 0.5218488375
4 0.9984496125 0.4907488375 0.991139534375 0.4895325578125 0.9882108531249999 0.47634883749999996 0.9901627906250001 0.0193162796875 0.99602325625 0.001739534375 0.9364527125000001 0.00027441875 0.9315689921875 0.02517674375 0.9315689921875 0.6843558140625 0.9686790703125 0.7283000000000001 0.9725844968749999 0.907011628125 0.9745379843749999 0.9304488375 0.9815674421875 0.9325581390625001 0.9845953484375001 0.9325581390625001 0.9984496125 0.8935953484375 0.9984496125 0.4907488375
4 0.9271317828125 0.3623046515625 0.9271317828125 0.11499069843750001 0.8407720937500001 0.14953255781250002 0.835889921875 0.1627162796875 0.8339364343750001 0.441037209375 0.8407720937500001 0.4542209296875 0.8524914734375001 0.433713953125 0.8534682171875 0.4674046515625 0.8748542640625001 0.4790697671875 0.8749441859375 0.4790697671875 0.8671395343749999 0.426388371875 0.8837410859375 0.41906511562500004 0.911085271875 0.433713953125 0.9179209296874999 0.4058813953125 0.9101085265625001 0.3736534890625 0.9271317828125 0.3623046515625
4 0.024806201562499998 0.2499534890625 0.0227534890625 0.2283953484375 0.0012682171875 0.2283953484375 0.0002930234375 0.67517441875 0.0086682171875 0.6767441859375001 0.0181829453125 0.6767441859375001 0.024806201562499998 0.6727697671875 0.024806201562499998 0.2499534890625
4 0.13835658906249998 0.8627906984375 0.145714728125 0.8627906984375 0.22687751875 0.8157534890625 0.22492403125 0.1389953484375 0.257364340625 0.11037209375000001 0.257364340625 0.10873023281250001 0.2454325578125 0.093586046875 0.14777519374999998 0.029132557812499998 0.1360573640625 0.032062790625 0.0257054265625 0.1682930234375 0.0237519375 0.7366511625000001 0.061838759374999996 0.7791325578125 0.060862015625 0.22102790625000002 0.0872294578125 0.187334884375 0.12824496093749999 0.1521790703125 0.1370341078125 0.1536441859375 0.13312713125 0.5638 0.1370341078125 0.81282325625 0.1272682171875 0.8509093015625 0.13835658906249998 0.8627906984375
