4 0.0088465109375 0.0795790703125 0.0420496125 0.09715813906250001 0.059627906249999994 0.09422790625000001 0.059627906249999994 0.1030162796875 0.08892403125000001 0.1205953484375 0.1084558140625 0.117665115625 0.1084558140625 0.1264558140625 0.1240806203125 0.1293837203125 0.1260341078125 0.13817441875 0.1533782953125 0.132313953125 0.15923720937500002 0.1440325578125 0.16900310000000002 0.1293837203125 0.1865813953125 0.1352441859375 0.214900775 0.16014651093750001 0.207088371875 0.171865115625 0.21392403125 0.1704 0.21392403125 0.179188371875 0.22173643437499999 0.18211860468750002 0.2295503875 0.16161162812500002 0.2275969 0.18211860468750002 0.2461519375 0.1835837203125 0.24517519375000002 0.1909069765625 0.23931472812500001 0.1850488375 0.23150232499999998 0.1909069765625 0.26080000000000003 0.2055558140625 0.29400309999999996 0.20262558125000002 0.301815503125 0.2114162796875 0.30767441875 0.2055558140625 0.30962790625 0.22020465156250002 0.34432403125 0.2348837203125 0.34822790625 0.2348837203125 0.3545503875 0.21727441875000003 0.364314728125 0.2289930234375 0.393612403125 0.22020465156250002 0.47955038749999995 0.164539534375 0.48736279062500004 0.1674697671875 0.5107999999999999 0.1440325578125 0.5205658921875 0.146962790625 0.5557209296875001 0.1205953484375 0.58697209375 0.11180697656250001 0.6260341078125 0.0795790703125 0.6709565890625 0.067860465625 0.6729085265625 0.053211628125 0.6797457359375 0.0576069765625 0.675838759375 0.0371 0.6865813953125001 0.0473534890625 0.698299225 0.029774418749999997 0.6953705421875 0.04002790625 0.7002527125 0.04442325625 0.7012294578125 0.0107325578125 0.7147286828125 0.0020534890625 0.7147286828125 0.0019418609375 0.317440309375 0.0004790703125 0.316463565625 0.0371 0.32427596875 0.078113953125 0.32134728749999997 0.13817441875 0.316463565625 0.1367093015625 0.3203705421875 0.12499069843749999 0.31255813906249996 0.12499069843749999 0.3106046515625 0.10155348906249999 0.30083875937500004 0.0898325578125 0.3106046515625 0.0341697671875 0.30962790625 0.0004790703125 0.0000573640625 0.0019418609375 0.0000573640625 0.06932558125 0.0088465109375 0.0795790703125
4 0.1321922484375 0.18837209375 0.145736434375 0.173134884375 0.145736434375 0.1586186046875 0.00037364375000000004 0.086911628125 0.0013503875 0.141111628125 0.0423658921875 0.1352511625 0.095100775 0.187986046875 0.10462325624999999 0.18837209375 0.1321922484375 0.18837209375
4 0.092012403125 0.2619674421875 0.092012403125 0.32056046562499996 0.09982480625 0.32935116249999996 0.09982480625 0.399662790625 0.093964340625 0.42016976718750004 0.092012403125 0.7482953484375 0.093964340625 0.7951697671875 0.09491627968750001 0.7953488375 0.11289147343749999 0.7953488375 0.13595658906250002 0.7761279062499999 0.138886821875 0.7570837203125 0.1496294578125 0.749760465625 0.154511628125 0.75122558125 0.1574418609375 0.773197675 0.216035659375 0.7585488375 0.24044961250000002 0.7365767437499999 0.2511922484375 0.702886046875 0.26584030937500003 0.6984906984375 0.26584030937500003 0.6369674421875 0.2863472875 0.6208534890624999 0.2912310078125 0.6076697671875 0.2853705421875 0.4231 0.2902542640625 0.40991627968750005 0.3400589140625 0.414311628125 0.34591782968749996 0.37036511562499996 0.355038759375 0.34847674375 0.355038759375 0.345639534375 0.34982480625 0.3352093015625 0.3478713171875 0.25610697656250003 0.163300775 0.1667534890625 0.14767596875 0.1931209296875 0.11837984531250001 0.20776744218749998 0.0949410859375 0.20190930156250003 0.0636914734375 0.172611628125 0.044159690625 0.172611628125 0.030488371874999996 0.1521046515625 0.0070511624999999994 0.155034884375 0.000215503125 0.15942790625 0.0011922484375000001 0.2722209296875 0.075410853125 0.25757209375 0.092012403125 0.2619674421875
4 0.36127441875 0.256860465625 0.352485271875 0.252465115625 0.3476031 0.259788371875 0.351510078125 0.3418209296875 0.3622511625 0.3403558140625 0.371040309375 0.3652581390625 0.3783193796875 0.3674418609375 0.382297675 0.3674418609375 0.386665115625 0.3652581390625 0.3875969 0.35687674375 0.3875969 0.34507441875 0.369088371875 0.29787441875 0.36127441875 0.256860465625
4 0.6906030999999999 0.48029069843750005 0.603689921875 0.5286302328125 0.6066201546875 0.556462790625 0.6390465109375 0.558139534375 0.69147286875 0.558139534375 0.69147286875 0.551988371875 0.6906030999999999 0.48029069843750005
4 0.68992248125 0.26971860468750003 0.5993813953125 0.335434884375 0.6013333328125 0.5053558140625001 0.6069085265624999 0.51162790625 0.6136511625 0.51162790625 0.6589503875 0.486313953125 0.68992248125 0.453934884375 0.68992248125 0.26971860468750003
4 0.49877674375 0.301513953125 0.598386046875 0.260497675 0.6042465109374999 0.31909069843750004 0.6882310078125 0.254639534375 0.6950666671875 0.23852558125 0.69612403125 0.190934884375 0.69612403125 0.147411628125 0.6872542640625 0.1154790703125 0.662840309375 0.08471627968749999 0.6530744187499999 0.08471627968749999 0.364012403125 0.237060465625 0.394285271875 0.34692325625 0.4011209296875 0.348388371875 0.41284030937500005 0.3249511625 0.41772248125000006 0.33227441875 0.42553488437500003 0.355713953125 0.4216294578125 0.40844651093750006 0.4269302328125 0.41162790625 0.4313689921875 0.41162790625 0.43041860468750004 0.31323255781250003 0.49877674375 0.301513953125
4 0.7317829453125 0.16767674375 0.7126031 0.16767674375 0.6999069765625 0.15742092968750002 0.69600155 0.1720697671875 0.6998480625 0.24418604687499998 0.7010682171875 0.24418604687499998 0.7317829453125 0.21437441875 0.7317829453125 0.16767674375
4 0.7333333328125 0.44298604687500004 0.7272511625 0.43125581406249996 0.6911193796874999 0.473737209375 0.6911193796874999 0.56162790625 0.7279426359375 0.5837209296875 0.7302186046875 0.5837209296875 0.7333333328125 0.471586046875 0.7333333328125 0.44298604687500004
4 0.7235457359375 0.4252418609375 0.7348837203125 0.403002325 0.7348837203125 0.319534884375 0.733311628125 0.22602325625000003 0.69327286875 0.26557441875 0.6913193796875 0.4442837203125 0.69587286875 0.448837209375 0.698562790625 0.448837209375 0.7235457359375 0.4252418609375
4 0.6874961234375 0.08878372031250001 0.7001906984375 0.0961069765625 0.7060496125 0.11368604687499999 0.7330108531249999 0.1325581390625 0.7484046515625 0.1325581390625 0.8134713171874999 0.10196744218750001 0.8417922484375 0.0653465109375 0.860465115625 0.026132557812500002 0.860465115625 0.023744185937500002 0.8505813953124999 0.0170046515625 0.823237209375 0.019934884375 0.6874961234375 0.08878372031250001
4 0.9744883718749999 0.2832697671875 0.9744883718749999 0.3682302328125 0.9686294578125001 0.40338837187500004 0.9821085265624999 0.4046511625 0.9984496125 0.4046511625 0.9984496125 0.0019418609375 0.973511628125 0.0005558140625 0.9686294578125001 0.051825581249999995 0.9686294578125001 0.25397441875000004 0.9744883718749999 0.2832697671875
4 0.021213953125 0.9770558140625001 0.030003099999999998 0.99902790625 0.0544170546875 0.9975627906250001 0.057364340624999996 0.9754534890625 0.057364340624999996 0.9660069765625 0.051486821875 0.9521534890625001 0.021213953125 0.9770558140625001
4 0.30642480625 0.7509534890625 0.314237209375 0.7743906984375 0.29958759687500003 0.7846441859375 0.23904186093750002 0.7817162796875 0.21755658906250003 0.7905046515625 0.2234170546875 0.8051534890625 0.1706821703125 0.8373790703124999 0.1677519375 0.85642325625 0.14138449687500002 0.8813255812499999 0.078885271875 0.9018325578124999 0.051541085937499995 0.8959744187500001 0.0427519375 0.9032976749999999 0.064237209375 0.953102325 0.067111628125 0.99767441875 0.2688666671875 0.99767441875 0.4197054265625 0.9970465109375001 0.449612403125 0.9465790703125 0.449612403125 0.9443604656250001 0.40896279062499996 0.9457790703125 0.38845581406249996 0.9325953484375 0.4128697671875 0.9311302328125001 0.4324 0.890113953125 0.3562294578125 0.8403093015625 0.34060465156249997 0.8403093015625 0.3015410859375 0.8637465109375 0.27517364375 0.8388441859375 0.28884651093749997 0.8241953484375 0.2868930234375 0.8066186046875 0.29177519375 0.7992930234375 0.31814263593750003 0.789039534375 0.3191193796875 0.7436302328125 0.30642480625 0.7509534890625
