4 0.3306589140625 0 0 0.000997675 0 0.021711628125 0.0019054265625000001 0.890697675 0.00437519375 0.890697675 0.0956573640625 0.8564674421875 0.097610853125 0.8125209296874999 0.08784496093750001 0.8183813953125 0.1034697671875 0.7802953484375 0.1034697671875 0.4990441859375 0.1083534890625 0.4917209296875 0.129837209375 0.4917209296875 0.1327674421875 0.534202325 0.1415565890625 0.535665115625 0.4814 0.157737209375 0.4868217046875 0.1496046515625 0.4868217046875 0.07447674374999999 0.4794465109375 0.0757046515625 0.47261085312500006 0.050802325 0.4794465109375 0.0434790703125 0.4868217046875 0.0545418609375 0.4868217046875 0.029086046875 0.48533023281250004 0 0.3306589140625 0
4 0.49922480625 0 0.49922480625 0.039737209375 0.500040309375 0.24153488437499998 0.502635659375 0.255813953125 0.5180170546875 0.255813953125 0.53812558125 0.2371418609375 0.5400790703125 0.24300000000000002 0.5713286828124999 0.2312813953125 0.5928139531250001 0.2137046515625 0.6182046515625 0.20784418593749998 0.7158604656249999 0.1551093015625 0.72562635625 0.14925116249999998 0.72367286875 0.14339069843750002 0.7646883718749999 0.1287418609375 0.7685953484375 0.11702325625000001 0.7900790703125 0.11702325625000001 0.81742325625 0.093586046875 0.8271891468750001 0.0965162796875 0.9326573640625 0.0437813953125 0.9521891468750001 0.026204651562499997 0.9775798453125001 0.020344185937500002 0.9860465109375 0.007644185937500001 0.9860465109375 0.0068162796875 0.979685271875 0 0.49922480625 0
4 0.5330465109375 0.3532511625 0.9984496125 0.2171418609375 0.9984496125 0.116497675 0.543789146875 0.29612325625 0.53597674375 0.3166302328125 0.5096093015625 0.344462790625 0.5104697671875 0.35348837187500004 0.5294077515625 0.35348837187500004 0.5330465109375 0.3532511625
4 0.5390837203125 0.290697675 0.555313178125 0.290697675 0.996713178125 0.1138465109375 0.9984496125 0.0539302328125 0.9984496125 0.013388371875 0.5074558140625001 0.2676534890625 0.5390837203125 0.290697675
4 0.6110790703125 0.40327907031250004 0.5632279062500001 0.398886046875 0.5563922484375 0.376911628125 0.552485271875 0.5761302328125 0.5651813953125 0.6010325578125 0.5846046515625 0.6116279062500001 0.609899225 0.6116279062500001 0.6169395343749999 0.611288371875 0.6569782953125001 0.603962790625 0.668697675 0.5629465109375 0.7585410859375 0.5775953484375 0.7702589140625 0.5834558140625 0.7800248062499999 0.6068930234375001 0.7813953484375 0.6048372093750001 0.7813953484375 0.341534884375 0.7780713171875 0.32857209374999996 0.772212403125 0.3402906984375 0.7604945734374999 0.331502325 0.7448682171875001 0.3432209296875 0.7419395343749999 0.362262790625 0.7302201546875 0.3710534890625 0.7351038765625 0.3900953484375 0.7692821703125 0.3944906984375 0.7692821703125 0.441365115625 0.756587596875 0.45454883749999997 0.569086821875 0.463337209375 0.5661581390625 0.423788371875 0.571040309375 0.41353255781250003 0.6110790703125 0.40327907031250004
4 0.27158139531250003 0.71942558125 0.299902325 0.7267488375 0.306737984375 0.7399325578125 0.30478449687500003 0.757511628125 0.31182325624999996 0.7627906984374999 0.3142 0.7627906984374999 0.3409178296875 0.7531162796875 0.3458 0.742862790625 0.3438465109375 0.6403232562500001 0.35348837187500004 0.625862790625 0.35348837187500004 0.622137209375 0.352635659375 0.5978441859375 0.27158139531250003 0.71942558125
4 0.5052449609375 0.60497674375 0.5130573640625 0.596186046875 0.516962790625 0.5727488375 0.5130573640625 0.5610302328125 0.5355178296875 0.556634884375 0.54137674375 0.58007441875 0.5519379843750001 0.5584720937500001 0.5519379843750001 0.54547441875 0.5491906984375 0.354488371875 0.49840930156249996 0.36034651093750003 0.3880573640625 0.5317325578125 0.43590852656249995 0.533197675 0.4407922484375 0.54052325625 0.444697675 0.68407674375 0.461299225 0.6767534890625 0.4721457359375 0.6930232562499999 0.47912248125 0.6930232562499999 0.4798542640625 0.6928674421875 0.4876666671875 0.6811488375 0.4896201546875 0.6547813953125 0.50719845 0.6401325578125 0.5052449609375 0.60497674375
4 0.5808062015625 0.34227441875000003 0.5632279062500001 0.351062790625 0.5563922484375 0.36717674375 0.5563922484375 0.3994046515625 0.5632279062500001 0.41551627968749993 0.7644 0.3891488375 0.771235659375 0.405262790625 0.771235659375 0.44186046562500003 0.7782945734375 0.44186046562500003 0.7782945734375 0.32460465156249996 0.7780713171875 0.289539534375 0.5808062015625 0.34227441875000003
4 0.5635457359375 0.46030465156249994 0.5703813953125 0.473488371875 0.5703813953125 0.505713953125 0.5781937984375001 0.505713953125 0.56842790625 0.5232930234375 0.5781937984375001 0.5320813953125 0.5781937984375001 0.5613790703125 0.6006542640625 0.5628441859375 0.6026077515625 0.5687023250000001 0.5938186046875 0.5701674421875 0.5967488375000001 0.5862813953125 0.6162790703125001 0.5892093015625 0.6094434109375 0.596534884375 0.6292852718749999 0.6046511625 0.6326573640625 0.6046511625 0.6572961234375 0.5950697671875 0.669013953125 0.5599139531249999 0.7764356593749999 0.574562790625 0.7793658921875 0.567237209375 0.7686232562499999 0.5716325578125 0.7637410859375 0.552588371875 0.7656945734375 0.458839534375 0.6162790703125001 0.4632325578125 0.598702325 0.466162790625 0.598702325 0.4749534890625 0.5947953484374999 0.466162790625 0.5791705421875 0.4749534890625 0.5772170546875001 0.466162790625 0.5635457359375 0.46030465156249994
4 0.8866248062500001 0.2568186046875 0.8817426359375 0.25242325625 0.783110078125 0.2890465109375 0.785062015625 0.614239534375 0.7889689921875 0.6376790703124999 0.802640309375 0.6523255812500001 0.7967813953125 0.7255697671875 0.783110078125 0.7636558140624999 0.7997116281250001 0.776837209375 0.8906046515625 0.80697674375 0.89147286875 0.80697674375 0.89147286875 0.71252325625 0.8866248062500001 0.2568186046875
4 1 0.28582558125 0.9991736437500001 0.22010697656249997 0.9190945734374999 0.240613953125 0.8888217046875001 0.25672790624999997 0.8946806203125 0.7987209296875 0.9356511624999999 0.8162790703124999 0.9356976749999999 0.8162790703124999 0.9396031 0.6405162796874999 0.9317906984375 0.5789930234375 0.9317906984375 0.4998930234375 0.9249550390625 0.46913023281250005 0.9210480625 0.48084883749999996 0.9034697671874999 0.48084883749999996 0.8985875968749999 0.464734884375 0.9073767437500001 0.44862325625 0.9259317828125001 0.4471581390625 0.9259317828125001 0.3182511625 1 0.297786046875 1 0.28582558125
4 0.046412403125 0.9622162796874999 0.022485271875 0.9953488374999999 0.10290077500000001 0.9953488374999999 0.10852713124999999 0.9890186046875 0.10852713124999999 0.9869930234375 0.101100775 0.9563581390625 0.0991472875 0.8713976750000001 0.0864527125 0.867002325 0.047389146874999996 0.8845813953125001 0.046412403125 0.9622162796874999
4 0.9984496125 0.8447697671875 0.983314728125 0.83542325625 0.9032372093750001 0.8090558140624999 0.8817519375 0.811986046875 0.7899550390625001 0.7739 0.7782372093750001 0.7856186046875 0.762612403125 0.7563209296875 0.7284325578125 0.76657441875 0.73917519375 0.7797581390625 0.7762837203124999 0.79147674375 0.8622217046875 0.8412813953124999 0.9968418609375 0.9 0.9984496125 0.9 0.9984496125 0.8447697671875
4 0.303787596875 0.80497209375 0.22956899218750002 0.8430581390624999 0.208085271875 0.8342674421874999 0.19441240312500002 0.845986046875 0.1255813953125 0.9492348843749999 0.1255813953125 0.9943906984374999 0.12923100781250002 0.99767441875 0.17239534843749998 0.99767441875 0.224686821875 0.9968651156250001 0.2461705421875 0.9529209296875001 0.24226511562500003 0.891397675 0.24714728749999998 0.8811441859375 0.2862093015625 0.8694232562499999 0.5441860468749999 0.7131790703124999 0.5441860468749999 0.7127069765625 0.489334884375 0.7141511625 0.4844527125 0.698037209375 0.477615503125 0.6965720937500001 0.46394418593750003 0.7141511625 0.44831937968749996 0.7112209296875001 0.44538914687500003 0.730265115625 0.4366 0.7405186046875001 0.3936325578125 0.7551674421875 0.3701937984375 0.7727441859375 0.348710078125 0.7551674421875 0.3116 0.7668860468750001 0.3067178296875 0.7712790703125 0.31062480625 0.791788371875 0.303787596875 0.80497209375
