4 0.5804930234375 0.1162790703125 0.596012403125 0.1162790703125 0.8418170546875 0.0010581390625 0.11330077499999999 0.0010581390625 0.49904341093750004 0.1021325578125 0.5804930234375 0.1162790703125
4 1 0.0017953484374999998 0.8544914734375 0.0003302328125 0.59277364375 0.12337674375 0.170897675 0.0149790703125 0.0986325578125 0.0003302328125 0 0.0017953484374999998 0.00097674375 0.0706418609375 0.295897675 0.09700930156250001 0.34472713125 0.1175186046875 0.5166015500000001 0.15267441875 0.51562480625 0.558434884375 0.5205085265625 0.5716186046875 0.5239798453125 0.5720930234375 0.53257209375 0.5720930234375 0.539062015625 0.56722558125 0.54492248125 0.5086302328125 0.5498046515625 0.17904186093750002 0.65527286875 0.176111628125 0.6748046515625 0.1585325578125 0.8232418609375 0.114588371875 0.8544914734375 0.114588371875 0.8603519374999999 0.1058 0.9091798453125 0.09115116250000001 0.9521488375 0.09408139531250001 0.9501953484375001 0.0852906984375 0.9638666671875 0.0794325578125 0.96972713125 0.0794325578125 0.9755860468750001 0.09700930156250001 0.9833984499999999 0.09408139531250001 0.98437519375 0.08382558125 1 0.06917907031250001 1 0.0017953484374999998
4 0.048114728125 0.1850325578125 0.0344434109375 0.1850325578125 0.022724031250000002 0.1674558140625 0.000263565625 0.1718488375 0.000263565625 0.9441860468750001 0.00447441875 0.9441860468750001 0.03737209375 0.8251697671875 0.08620155 0.693334884375 0.0881534890625 0.669897675 0.153584496875 0.6508534890625 0.1662790703125 0.6406 0.1674418609375 0.6318790703125 0.1674418609375 0.62037209375 0.1350294578125 0.39157674375 0.1369813953125 0.368139534375 0.16042015468749998 0.3476302328125 0.1428418609375 0.1601302328125 0.12331007812500001 0.1044674421875 0.10084961249999999 0.0824953484375 0.000263565625 0.0751697671875 0.001240309375 0.1323 0.028584496874999997 0.1440186046875 0.038348837499999996 0.108862790625 0.061787596874999996 0.1117906984375 0.07057519375 0.133765115625 0.06862325625 0.157202325 0.048114728125 0.1850325578125
4 0.4339038765625 0.23837441875 0.42706821718750004 0.2339813953125 0.405584496875 0.2515581390625 0.39972403125 0.24569999999999997 0.392888371875 0.261813953125 0.3948418609375 0.2999 0.40851317812500004 0.308688371875 0.39679534843750003 0.326265115625 0.39679534843750003 0.34677441875000004 0.4016449609375 0.3744186046875 0.4358914734375 0.3744186046875 0.43720930156250004 0.31117209375 0.43720930156250004 0.27555813906250004 0.4339038765625 0.23837441875
4 0.39579069843750003 0.246486046875 0.4046511625 0.19597674375000002 0.4046511625 0.19072558125 0.14286046562500002 0.16298837187499998 0.16043875937500002 0.3446302328125 0.18387596875 0.35341860468749997 0.1799705421875 0.3856465109375 0.189734884375 0.48232558125 0.1960806203125 0.5 0.2120806203125 0.5 0.21317364374999997 0.4999046515625 0.220986046875 0.49404418593750005 0.22293798437499998 0.4793953484375 0.1975472875 0.233302325 0.3118062015625 0.22890697656249998 0.3879782953125 0.237697675 0.39579069843750003 0.246486046875
4 0.514486821875 0.20525116250000003 0.4520837203125 0.20232558125 0.45198449687500003 0.20232558125 0.4422201546875 0.21989999999999998 0.41878294531250004 0.2257581390625 0.41097054218749995 0.24919534843750002 0.392415503125 0.24187209375 0.39827596875000004 0.38542558125 0.4402682171875 0.3810325578125 0.44319689999999995 0.43230232500000004 0.4477488375 0.44186046562500003 0.4522496125 0.44186046562500003 0.45686976718750005 0.4410906984375 0.5105798453125 0.4279069765625 0.5147286828125 0.41919534843750006 0.5147286828125 0.2579418609375 0.514486821875 0.20525116250000003
4 0.2201550390625 0.4878465109375 0.2201550390625 0.4818046515625 0.20412558125000002 0.31915581406250004 0.1992434109375 0.3206209296875 0.197289921875 0.35284651093749997 0.205102325 0.3821441859375 0.197289921875 0.3997209296875 0.1992434109375 0.411439534375 0.1924077515625 0.415834884375 0.1914310078125 0.3967930234375 0.1860465109375 0.3967930234375 0.1860465109375 0.40677674374999995 0.18947751875000002 0.47882325625 0.1986573640625 0.4953488375 0.20181550312500002 0.4953488375 0.2201550390625 0.4878465109375
4 0.1761302328125 0.309488371875 0.20347286874999998 0.30655813906249996 0.20054418593749998 0.22892092968750002 0.3118713171875 0.22892092968750002 0.39585581406250003 0.24356976718749998 0.398786046875 0.22452558125 0.4114806203125 0.217202325 0.41636434062500005 0.23624418593750002 0.41050387656250004 0.25382325625 0.41929302343749997 0.255288371875 0.4407782953125 0.23478139531250003 0.444961240625 0.22097441875 0.444961240625 0.21851627968749998 0.43882480625 0.217202325 0.4290589140625 0.193765115625 0.4134341078125 0.1879046515625 0.1458558140625 0.1586093015625 0.1448790703125 0.1923 0.1624573640625 0.3446441859375 0.1912496125 0.358139534375 0.1934201546875 0.358139534375 0.1878480625 0.3358534890625 0.1917550390625 0.31827674375 0.181012403125 0.33731860468749997 0.1839426359375 0.3299953484375 0.1761302328125 0.32120697656249997 0.1761302328125 0.309488371875
4 0.5134573640625 0.20108604687499998 0.5162790703125 0.175686046875 0.5162790703125 0.1646 0.5066201546875 0.1527465109375 0.35232403125 0.12052092968749999 0.3113085265625 0.12344883749999999 0.24490232500000003 0.11173023281250001 0.23513643437499998 0.100011628125 0.188262015625 0.09122325625 0.126737984375 0.08975813906249999 0.14236279062499999 0.13077441875 0.1443162796875 0.154211628125 0.1511519375 0.1586069765625 0.43435503906250006 0.18790232499999998 0.4708930234375 0.20232558125 0.47793953437500003 0.20232558125 0.5134573640625 0.20108604687499998
4 0.2021069765625 0.5068651156249999 0.19722480625 0.5141906984375 0.2021069765625 0.530302325 0.2255457359375 0.5185837203125 0.236286821875 0.5229790703125 0.24409922499999998 0.561065115625 0.24409922499999998 0.6108697671875001 0.18257674375 0.629911628125 0.1689038765625 0.6504209296875 0.10542790625000001 0.6782511625 0.0526930234375 0.8452441859375 0.0605054265625 0.8686813953125 0.029255814062500003 0.9917279062500001 0.034137984375 0.9990534890625 0.9042558140624999 0.9975883718749999 0.90852713125 0.9954534890625 0.90852713125 0.8115232562499999 0.9032790703125 0.7969046515625 0.6689038765624999 0.6181930234374999 0.65132558125 0.6240534890625 0.6298418609375 0.6094046515625 0.5458573640625 0.6123348843749999 0.5380449609375 0.5801069765625 0.5224201546875 0.5801069765625 0.51167751875 0.5669232562500001 0.5136310078124999 0.4409465109375 0.5087488375 0.43362325625000003 0.393513178125 0.4687790703125 0.27437364375 0.489288371875 0.2333581390625 0.5068651156249999 0.2021069765625 0.5068651156249999
4 0.8761844968749999 0.58 0.8566527125000001 0.5946488375000001 0.8498170546875 0.6224813953125 0.8371209296875 0.632734884375 0.660465115625 0.5346465109375 0.660465115625 0.581811628125 0.6711054265625 0.618086046875 0.9072465109375001 0.7930232562499999 0.910786046875 0.7930232562499999 0.942635659375 0.618786046875 0.942635659375 0.6113651156250001 0.9406372093750001 0.6063674421874999 0.8761844968749999 0.58
4 0.351937984375 0.435297675 0.35174573593749997 0.42632325625 0.2726434109375 0.427788371875 0.2697674421875 0.45511162812499995 0.2697674421875 0.4558418609375 0.27752558125000004 0.4878465109375 0.351937984375 0.471902325 0.351937984375 0.435297675
4 0.9696558140624999 0.8520069765624999 0.9320093015625 0.9953488374999999 0.9984496125 0.9953488374999999 0.9984496125 0.8701186046875 0.9696558140624999 0.8520069765624999
