4 0.53367751875 0.22724186093749998 0.5434434109375 0.21552325625000002 0.5434434109375 0.2038046515625 0.5590682171875 0.18915581406249998 0.56297364375 0.1657186046875 0.587387596875 0.14667674375 0.601060465625 0.152534884375 0.618638759375 0.178902325 0.6537937984375 0.17304418593749998 0.6596542640624999 0.20526976718749998 0.6694186046875 0.1964813953125 0.6752790703125 0.21113023281249998 0.6850449609375 0.21113023281249998 0.695786046875 0.22724186093749998 0.68797364375 0.2360325578125 0.6889503875 0.25507441875 0.6420759687500001 0.260934884375 0.6420759687500001 0.2814418609375 0.7709813953125 0.2667930234375 0.7778170546875 0.2418906984375 0.7778170546875 0.1950162796875 0.8266465109375 0.045602325 0.8294573640625 0.013972093750000001 0.8294573640625 0.0016534890625 0.3569193796875 0.0001930234375 0.24266201562499998 0.0661093015625 0.24559069843749998 0.0792930234375 0.26512248125000004 0.0880813953125 0.290513178125 0.129097675 0.4702 0.3048790703125 0.4944945734375 0.31162790625 0.49912558125000006 0.31162790625 0.5746930234375001 0.29462558125 0.5649271312499999 0.288765115625 0.5610201546875 0.2624 0.549302325 0.2536093015625 0.5590682171875 0.238960465625 0.53367751875 0.22724186093749998
4 0.584862015625 0.21460465156250003 0.5770496125 0.19995581406250001 0.5672837203125 0.205813953125 0.5624015499999999 0.195560465625 0.5624015499999999 0.166265115625 0.5750961234374999 0.1442906984375 0.5633782953125 0.1442906984375 0.56142480625 0.15600930156249998 0.5399410859375 0.1530813953125 0.5008775187500001 0.1853069765625 0.4715813953125 0.2468302328125 0.4637689921875 0.2380418609375 0.457910078125 0.273197675 0.445213953125 0.2717325578125 0.475486821875 0.31128372031249996 0.48913178281249997 0.3139534890625 0.509010853125 0.3139534890625 0.7704093015625 0.273197675 0.7772449609375001 0.2570837203125 0.7782945734375 0.23347674375 0.7782945734375 0.206360465625 0.773339534375 0.1691930234375 0.7684558140625 0.1648 0.7567379843750001 0.1794488375 0.74892558125 0.1648 0.7079100781250001 0.158939534375 0.6688465109374999 0.1384325578125 0.6200186046875 0.1384325578125 0.6122062015624999 0.1501511625 0.598534884375 0.14136279062499998 0.591697675 0.1457558140625 0.6034170546875 0.15747441874999998 0.6053705421875 0.17212325625 0.5936511624999999 0.2102093015625 0.584862015625 0.21460465156250003
4 0.2662341078125 0.1146 0.2682170546875 0.09972325625 0.2682170546875 0.09208139531250001 0.23107751875 0.07065348906249999 0.18517829531250002 0.09262790625 0.2154527125 0.1263186046875 0.23197829531249997 0.1302325578125 0.23496744218750001 0.1302325578125 0.2662341078125 0.1146
4 0.8484713171875 0 0.837787596875 0.018939534375 0.7811472875 0.20643953437499998 0.773334884375 0.74257209375 0.8543891468749999 0.9286069765624999 0.9754837203125 0.9608348843750001 0.9979209296875 0.9837209296875 0.9984496125 0.9837209296875 0.9984496125 0.0013465109375 0.8592000000000001 0 0.8484713171875 0
4 0.764899225 0.6837209296875 0.7735829453124999 0.6837209296875 0.7765054265625 0.2760581390625 0.6573658921875001 0.29363488437499996 0.6476 0.296565115625 0.6436930234375 0.3141441859375 0.639787596875 0.2994953484375 0.6163488375 0.2994953484375 0.484513178125 0.3302558140625 0.485489921875 0.6481279062499999 0.5245519375 0.653986046875 0.529435659375 0.646662790625 0.529435659375 0.3390465109375 0.6222093015625 0.3229325578125 0.625137984375 0.6671697671875 0.764899225 0.6837209296875
4 0.48372092968749997 0.6485372093749999 0.48372092968749997 0.3290069765625 0.2672031 0.1149162796875 0.2213038765625 0.136888371875 0.2310697671875 0.24235813906249998 0.22521085312500003 0.2892325578125 0.227164340625 0.7345441859374999 0.2213038765625 0.7872790703125 0.259610853125 0.8046511625000001 0.2820837203125 0.8046511625000001 0.3248201546875 0.76677209375 0.3277488375 0.580737209375 0.444936434375 0.56022790625 0.44982015468750003 0.6759511625 0.4742341078125 0.6627674421874999 0.48372092968749997 0.6485372093749999
4 0.22820620156250002 0.138965115625 0.184262015625 0.096486046875 0.153010853125 0.10527441875000002 0.089534884375 0.1418953484375 0.0934418609375 0.862597675 0.09395348906249999 0.8627906984375 0.1057969 0.8627906984375 0.21551162812500002 0.7966813953125 0.22430077499999998 0.7424813953125 0.2184418609375 0.49931860468749995 0.22234728750000002 0.3059581390625 0.2294573640625 0.2606325578125 0.2294573640625 0.21400000000000002 0.22820620156250002 0.138965115625
4 0.021541085937500003 0.0808046515625 0.139534884375 0.0003534890625 0.139534884375 0.00023953437499999998 0.0000573640625 0.001702325 0.0020062015624999997 0.32325581406250004 0.0027565890625 0.32325581406250004 0.0234945734375 0.303460465625 0.018482170312499997 0.21943488437499997 0.021541085937500003 0.0808046515625
4 0.023255814062499998 0.3633441859375 0.020598449999999997 0.35138604687499997 0.0010666671875 0.3484558140625 0.0000914734375 0.906562790625 0.0179054265625 0.9162790703124999 0.021582945312499997 0.9162790703124999 0.023255814062499998 0.44183488437499996 0.023255814062499998 0.3633441859375
4 0 0.9801604656249999 0.02212713125 0.98737441875 0.029939534375 0.9522186046875 0.034821704687499996 0.9683325578125 0.0309162796875 0.9829813953125001 0.03952403125 0.9930232562500001 0.041254264062500004 0.9930232562500001 0.0504480625 0.9917697671875001 0.09146356562499999 0.9536837203124999 0.0875565890625 0.13337209375 0.120759690625 0.11872325624999999 0.1119705421875 0.1172581390625 0.11392403124999999 0.111397675 0.137361240625 0.111397675 0.27017364375 0.0440162796875 0.279939534375 0.032297675 0.3209550390625 0.0205790703125 0.337984496875 0.000711628125 0.337984496875 0.00006976718750000001 0.231111628125 0.00006976718750000001 0.0406821703125 0.112862790625 0.044587596875 0.8863 0.0309162796875 0.9273162796875001 0.033846510937500005 0.9375697671875001 0.025057364062499997 0.93317674375 0.026034107812500002 0.917062790625 0 0.9156162796875 0 0.9801604656249999
4 0.975913178125 0.99767441875 0.989886821875 0.99767441875 0.990697675 0.9952441859375 0.990697675 0.990565115625 0.97522480625 0.9728162796875001 0.85022480625 0.937660465625 0.77307596875 0.7545534890625001 0.767215503125 0.7311162796875 0.7681922484375 0.691565115625 0.5513953484375 0.6564093015625 0.484989146875 0.6564093015625 0.2760046515625 0.8146139531250001 0.21936434062500001 0.799965115625 0.0982713171875 0.8732069765625001 0.093387596875 0.8805302328125 0.0953410859375 0.9654930234375 0.0640914734375 0.9947883718750001 0.975913178125 0.99767441875
