4 0.8353937984375 0.1703534890625 0.8666666671875 0.00972325625 0.8666666671875 0.004813953125 0.5697674421875 0.0004325578125 0.580510078125 0.0370534890625 0.6625410859375 0.2186953484375 0.6777472875 0.2232558140625 0.6857441859375 0.2232558140625 0.8353937984375 0.1703534890625
4 0.8724000000000001 0 0.840184496875 0.1654697671875 0.840184496875 0.4203511625 0.8519038765625 0.47308604687500005 0.842137984375 0.487734884375 0.8382310078125 0.8744534890625 0.8558093015624999 0.9916418609375001 0.879289921875 0.9953488374999999 0.9718201546874999 0.9953488374999999 1 0.9945813953125 1 0.6476488375 0.9993643406249999 0 0.8724000000000001 0
4 0.510713178125 0.2658209296875 0.493134884375 0.2687511625 0.48629922499999995 0.27314651093750003 0.4823937984375 0.2936534890625 0.47848682187499997 0.44306744218749994 0.4745798453125 0.9909186046875 0.541910078125 0.9930232562500001 0.5721829453125 0.9930232562500001 0.5751658921875 0.9923837203125 0.5820031 0.9674813953125 0.5937209296875 0.9557627906249999 0.6132527125 0.8971697671875001 0.62887751875 0.8766604656249999 0.665986046875 0.7858418609375 0.6666666671875 0.6451069765625 0.6666666671875 0.3792534890625 0.65817364375 0.363965115625 0.65817364375 0.35224651093750003 0.665986046875 0.346388371875 0.6591503875 0.3185558140625 0.6552449609375001 0.33027441875 0.6259472875000001 0.32734418593750003 0.6220418609375 0.336134884375 0.61227596875 0.33027441875 0.6073937984375 0.35224651093750003 0.5907922484375 0.362502325 0.5341503875 0.321486046875 0.527314728125 0.28193488437499997 0.5204790703125 0.274611628125 0.510713178125 0.2658209296875
4 0.5598031 0.2755069765625 0.5793348843749999 0.284297675 0.6076558140625 0.317988371875 0.6066790703125 0.3546093015625 0.6223038765625 0.3516790703125 0.6301162796875001 0.3282418609375 0.6620573640625 0.3674418609375 0.6624201546874999 0.3674418609375 0.66820155 0.34142558125 0.6662480625 0.253534884375 0.6486713171875 0.2037302328125 0.5441782953125001 0.00011627968749999999 0.49925736406250004 0.00597674375 0.49437364375000004 0.048455814062500005 0.5002325578125 0.11290930156250001 0.49242015468749994 0.1422069765625 0.49242015468749994 0.206660465625 0.49828062031250003 0.2125186046875 0.502186046875 0.253534884375 0.5168341078124999 0.2608581390625 0.5246465109375 0.28722558125000003 0.5598031 0.2755069765625
4 0.274038759375 0.9910372093750001 0.27492403125 0.99767441875 0.34886976718749996 0.99767441875 0.43100775156250004 0.9969093015625001 0.43100775156250004 0.9370511625000001 0.42931162812499996 0.8548069765624999 0.274038759375 0.9910372093750001
4 0.8311999999999999 0.8663441859375001 0.6710434109375 0.8077511625 0.589989146875 0.98792790625 0.5909178296875 0.99767441875 0.679764340625 0.99767441875 0.84780155 0.9967162796875 0.8311999999999999 0.8663441859375001
4 0.358815503125 0.0195674421875 0.35002790625 0.00052325625 0.0717069765625 0.001988371875 0.076589146875 0.0268906984375 0.15080775156249998 0.073765115625 0.168386046875 0.097202325 0.19182480625 0.1118511625 0.20549612343749998 0.09427441875 0.217213953125 0.097202325 0.25041705468750003 0.120639534375 0.255300775 0.151402325 0.271902325 0.164586046875 0.309010853125 0.18802325625 0.3324496125 0.18802325625 0.3929953484375 0.2319697671875 0.42560775156249997 0.246511628125 0.42919845 0.246511628125 0.43255813906249996 0.1709209296875 0.43255813906249996 0.159762790625 0.4232697671875 0.151402325 0.42717519375 0.12503488437500002 0.41057364375 0.1089209296875 0.3988558140625 0.1294302328125 0.3929953484375 0.1265 0.388113178125 0.1162465109375 0.39592558125 0.095737209375 0.37932403125 0.07962558125 0.3597922484375 0.0913441859375 0.3490511625 0.0869488375 0.347097675 0.0723 0.354910078125 0.060581395312499994 0.34123875937500003 0.04007441875 0.358815503125 0.0195674421875
4 0.3710790703125 0.5842790703125 0.3740077515625 0.55937674375 0.3954930234375 0.550586046875 0.4042821703125 0.5579116281250001 0.3945162796875 0.5813488375 0.40721085312499994 0.582813953125 0.4279069765625 0.54097209375 0.4279069765625 0.47276046562499996 0.2802589140625 0.456837209375 0.27537519375 0.4524418609375 0.27439844999999996 0.3601581390625 0.1552589140625 0.3279302328125 0.1523286828125 0.4202162796875 0.1474465109375 0.43339999999999995 0.07517984531250001 0.427539534375 0.06639069843749999 0.43779302343750004 0.06639069843749999 0.6311534890625 0.07107286874999999 0.6325581390624999 0.0847813953125 0.6325581390624999 0.33299224843749997 0.58867209375 0.36228992187500003 0.591602325 0.3710790703125 0.5842790703125
4 0.30852713125000003 0.187060465625 0.256689921875 0.1545465109375 0.2518077515625 0.281986046875 0.277559690625 0.29302325625000003 0.27917054218750004 0.29302325625000003 0.28110542656250004 0.22339302343749998 0.30852713125000003 0.19048604687499998 0.30852713125000003 0.187060465625
4 0.19224806249999998 0.115537209375 0.1607441859375 0.09119302343749999 0.155860465625 0.1219558140625 0.155860465625 0.2674418609375 0.171238759375 0.2674418609375 0.18906356562499999 0.2625813953125 0.19224806249999998 0.14317674375 0.19224806249999998 0.115537209375
