4 0.455339534375 0.2598906984375 0.470964340625 0.2393837203125 0.478589146875 0.2651162796875 0.49105116249999997 0.2651162796875 0.507097675 0.264286046875 0.7014341078124999 0.163211628125 0.958139534375 0.000697675 0.958139534375 0.000613953125 0.05592558125 0.000613953125 0.2112 0.251102325 0.2854186046875 0.2540325578125 0.290300775 0.24963720937499997 0.28639534843750003 0.2144813953125 0.29518449687500004 0.21008604687500002 0.297136434375 0.2540325578125 0.3713550390625 0.256962790625 0.376238759375 0.2525674421875 0.376238759375 0.2232697671875 0.3967457359375 0.2130162796875 0.407488371875 0.2262 0.40260620156250004 0.2598906984375 0.455339534375 0.2598906984375
4 0.9984496125 0.068088371875 0.9984496125 0.035662790625 0.8482682171875 0.11757907031249999 0.8267829453125 0.091211628125 0.767212403125 0.130762790625 0.7554945734375 0.599513953125 0.7662372093750001 0.6185558140625 0.792063565625 0.6279069765624999 0.7950434109375 0.6279069765624999 0.8111581390625 0.5980488375 0.8531503875 0.59072325625 0.845337984375 0.5643558140625 0.8551038765625 0.1395511625 0.8873302328125 0.11757907031249999 0.9947519375 0.073634884375 0.9984496125 0.068088371875
4 0.4033457359375 0.329 0.525415503125 0.33339534843749996 0.524438759375 0.4344697671875 0.4990480625 0.4344697671875 0.493189146875 0.4432581390625 0.443384496875 0.44179302343750004 0.4502201546875 0.45497674374999997 0.461939534375 0.44618837187500004 0.4697519375 0.478413953125 0.5127209296874999 0.478413953125 0.5263922484375 0.45497674374999997 0.5420170546875 0.4579069765625 0.5576418609375 0.44032790625 0.5713147281250001 0.44032790625 0.5879162796874999 0.47402092968750004 0.5820558140625 0.49159767499999996 0.5896558140625 0.49302325625 0.5977038765625 0.49302325625 0.601587596875 0.23378604687500001 0.60620155 0.22132790624999998 0.60620155 0.220602325 0.5947519375 0.220602325 0.5342046515625001 0.258688371875 0.522485271875 0.287986046875 0.51467286875 0.276265115625 0.4990480625 0.273337209375 0.3751937984375 0.27187441875 0.3751937984375 0.2743209296875 0.3779550390625 0.3143511625 0.3799085265625 0.2850558140625 0.43752558124999996 0.2865209296875 0.43459534843750003 0.30556279062499997 0.4072511625 0.30556279062499997 0.40041550312499996 0.31581627968750003 0.4033457359375 0.329
4 0.3744046515625 0.2686930234375 0.3724511625 0.3565837203125 0.393936434375 0.391739534375 0.3900294578125 0.406388371875 0.3938806203125 0.49302325625 0.39440155 0.49302325625 0.3988186046875 0.4810953484375 0.44960000000000006 0.47816511562499997 0.4535069765625 0.460588371875 0.46620154999999996 0.467911628125 0.456435659375 0.4767 0.4613193796875 0.4810953484375 0.5081937984375 0.47816511562499997 0.5224806203125001 0.456734884375 0.5224806203125001 0.447586046875 0.5140527125000001 0.451797675 0.5101472874999999 0.4371511625 0.48475658906249997 0.4430093015625 0.47889767499999997 0.4342209296875 0.45545891406249994 0.4430093015625 0.45155348906250004 0.4342209296875 0.41835038750000003 0.4400790703125 0.403702325 0.42982558125 0.40565426406249994 0.3331465109375 0.4613193796875 0.3258209296875 0.5062403093750001 0.334611628125 0.5130775187500001 0.32142790625 0.5081937984375 0.273088371875 0.3744046515625 0.2686930234375
4 0.2783457359375 0.490186046875 0.296900775 0.48872092968749997 0.3017829453125 0.44917209375 0.318384496875 0.45649534843749995 0.32229147343750003 0.500439534375 0.3320573640625 0.500439534375 0.3301038765625 0.397902325 0.347286821875 0.36353488437500003 0.347286821875 0.3230302328125 0.3467054265625 0.2646 0.20930232499999998 0.2602162796875 0.20930232499999998 0.26169534843750003 0.2138930234375 0.28510930156250003 0.2490496125 0.28510930156250003 0.258815503125 0.320265115625 0.3144790703125 0.327588371875 0.3144790703125 0.43012790624999997 0.2998310078125 0.443311628125 0.2685798453125 0.43745116250000005 0.25979069843749997 0.4477069765625 0.265485271875 0.5046511625 0.2669503875 0.5046511625 0.2783457359375 0.490186046875
4 0.409561240625 0.47902558125 0.410537984375 0.4599837203125 0.41835038750000003 0.48049069843750003 0.44960000000000006 0.47756279062500007 0.4535069765625 0.4570534890625 0.46327286875 0.4570534890625 0.4671782953125 0.4746325578125 0.5062403093750001 0.47756279062500007 0.5169829453125 0.46437907031250003 0.5224806203125001 0.45338372031249996 0.5224806203125001 0.4506697671875 0.519913178125 0.4365465109375 0.41835038750000003 0.44240465156250003 0.40565426406249994 0.4321511625 0.403702325 0.41750232499999995 0.40663100781250006 0.3281488375 0.5081937984375 0.33107674375 0.518936434375 0.31789302343750003 0.5101472874999999 0.275413953125 0.3744046515625 0.268088371875 0.3724511625 0.3559790703125 0.393936434375 0.39113720937499996 0.3900294578125 0.39992558125 0.393936434375 0.4878162796875 0.409561240625 0.47902558125
4 0.000615503125 0 0 0.527460465625 0 0.8369139531249999 0.00647596875 0.8521790703125 0.022100775 0.8404604656249999 0.0631162796875 0.7818674421875 0.0719054265625 0.7921209296875 0.0719054265625 0.8184883718749999 0.0328434109375 0.880011628125 0.028936434374999997 0.912237209375 0.013311628124999999 0.918097675 0.015265115625 0.9327465109374999 0.005499225 0.941534884375 0.0074527125 0.9561837203125 0 0.96177209375 0 0.9913604656249999 0.028829457812499997 0.9930232562500001 0.06121705468750001 0.9930232562500001 0.0631162796875 0.9928046515625001 0.075810853125 0.9766906984375 0.077764340625 0.9591116281250001 0.0875302328125 0.944465115625 0.0875302328125 0.9268860468750001 0.090460465625 0.9312813953125 0.0992496125 0.918097675 0.0953426359375 0.9063790703124999 0.10413178281249999 0.890265115625 0.10706201562499999 0.8946604656250001 0.10706201562499999 0.8829418609375 0.11487441875 0.8770813953125 0.11487441875 0.865362790625 0.138311628125 0.8184883718749999 0.12073333281250001 0.2764953484375 0.125615503125 0.2721 0.1588186046875 0.2926093015625 0.1646790703125 0.28089069843750003 0.2037410859375 0.28089069843750003 0.20620154999999998 0.25997674375 0.20620154999999998 0.2552209296875 0.0533503875 0.0055 0.0038558140625 0 0.000615503125 0
4 0.0355085265625 0.9918744187499999 0.0237906984375 0.9801558140625 0.0237906984375 0.968437209375 0.039415503125 0.91277441875 0.040310078124999996 0.8993511625 0.040310078124999996 0.8808302328125001 0.038438759375 0.8761534890625 0.030626356249999997 0.8790813953125 0.030626356249999997 0.896660465625 0.021837209375 0.88347674375 0.0198837203125 0.8483209296875 0.0316031 0.8336720937500001 0.0237906984375 0.8073046515625 0.0257426359375 0.7750790703125 0.0179302328125 0.7604302328125 0.0198837203125 0.7516418609375 0.0013286828125 0.73552790625 0.0003534890625 0.99767441875 0.0258434109375 0.99767441875 0.0355085265625 0.9918744187499999
4 0.61987751875 0.81177441875 0.6169953484375 0.8651162796874999 0.6201550390625 0.8651162796874999 0.6201550390625 0.8271511625000001 0.61987751875 0.81177441875
4 0.751113178125 0.8151883718749999 0.743300775 0.82397674375 0.7169333328125 0.8225116281249999 0.718886821875 0.8518093015625 0.7276759687500001 0.8649930234375001 0.7781969 0.91162790625 0.7977844968750001 0.91162790625 0.8184961234375001 0.8986837203125001 0.7765038765625001 0.8503441859375 0.766737984375 0.8269069765625 0.751113178125 0.8151883718749999
4 0.6416449609375 0.8379906984375 0.6387596906249999 0.9115790703125001 0.6387596906249999 0.9127511625 0.668989146875 0.9493209296874999 0.6816852718749999 0.9507837203125 0.7224806203125 0.9333 0.7224806203125 0.9329232562499999 0.6816852718749999 0.8804720937500001 0.6709426359374999 0.8379906984375 0.66117674375 0.852639534375 0.6416449609375 0.8379906984375
4 0.6375038765625 0.934511628125 0.6209023250000001 0.9271860468750001 0.60527751875 0.8891 0.6003953484375 0.8524790703124999 0.5906294578125 0.864197675 0.5681689921874999 0.8510162796875 0.5681689921874999 0.833437209375 0.5564496125 0.8099999999999999 0.5681689921874999 0.7924209296875 0.5681689921874999 0.725039534375 0.5584031 0.7016 0.5203178296875001 0.6942767437499999 0.479300775 0.6356837203125 0.27617674375 0.6532604656250001 0.2566449609375 0.7352930234375 0.18242635625 0.7352930234375 0.16582480625 0.7660534890624999 0.1560589140625 0.8158581390625 0.1384806203125 0.833437209375 0.0759813953125 0.9916395343750001 0.0783953484375 0.99767441875 0.8674992250000001 0.99767441875 0.9736434109375001 0.9974999999999999 0.9736434109375001 0.99567209375 0.9675829453125001 0.9813860468750001 0.860161240625 0.8934953484375001 0.8503953484375 0.8964255812499999 0.8406294578125 0.9169325578124999 0.7800821703125 0.934511628125 0.7195364343749999 0.88177674375 0.706840309375 0.85687441875 0.703911628125 0.8231837203125 0.6921922484375 0.826113953125 0.687310078125 0.8392953484375001 0.691215503125 0.865662790625 0.7478558140625 0.944765115625 0.6687550390625 0.9725976749999999 0.6375038765625 0.934511628125
