4 0.2626945734375 0 0.25195348906250004 0.0102534890625 0.24023410781250001 0.1274418609375 0.2285162796875 0.1831046515625 0.2285162796875 0.1977534890625 0.2353519375 0.2050790703125 0.295897675 0.2373046515625 0.4326170546875 0.28710930156250003 0.491210853125 0.295897675 0.538085271875 0.27539069843749997 0.600586046875 0.295897675 0.6269534890624999 0.2944325578125 0.758789146875 0.2314441859375 0.9345705421874999 0.131834884375 0.9990232562499999 0.108397675 1 0.001465115625 0.665038759375 0 0.6523441859375 0.024902325 0.6523441859375 0.0395511625 0.662110078125 0.048339534375 0.6601565890625001 0.062988371875 0.6513674421875 0.0732418609375 0.6357426359375 0.0498046515625 0.6220697671875 0.0585930234375 0.6074217046875 0.0834953484375 0.6074217046875 0.10400465156250001 0.5898434109374999 0.1215813953125 0.5771488375 0.1611325578125 0.572265115625 0.1450186046875 0.583984496875 0.095213953125 0.6113286828125 0.048339534375 0.6152341078125 0.024902325 0.631835659375 0.014648837500000001 0.6357426359375 0 0.2626945734375 0
4 0 0.7133790703125 0.0039069765625 0.7133790703125 0.2060542640625 0.6679697671875 0.2167969 0.657713953125 0.21972713124999999 0.6210930234375 0.25 0.6049813953125 0.2470697671875 0.5976558140625 0.23339845 0.6064441859375 0.22265581406249998 0.593262790625 0.2285162796875 0.47314418593749996 0.2246093015625 0.282713953125 0.2187503875 0.2534186046875 0.22265581406249998 0.23290930156249998 0.21386666718749997 0.2285162796875 0.1914062015625 0.24169999999999997 0.21972713124999999 0.21679767499999997 0.23046821718750002 0.19482325625000002 0.2558589140625 0.0102534890625 0.25097674375 0 0 0.001465115625 0 0.7133790703125
4 0.8583984499999999 0.2929697671875 0.8564449609375 0.31347674375 0.8974604656249999 0.31347674375 0.9423829453125 0.30175813906250004 0.9560542640625 0.266602325 0.9970697671875 0.25781162812499997 1 0.109862790625 0.9423829453125 0.1289069765625 0.7978511625 0.21386744218749998 0.6728511625 0.2695302328125 0.6113286828125 0.3090813953125 0.6201178296875 0.3310558140625 0.6962883718749999 0.3574209296875 0.7363286828125 0.3559581390625 0.78027286875 0.3398441859375 0.7841798453125 0.31347674375 0.8115240312499999 0.295897675 0.8583984499999999 0.2929697671875
4 1 0.8803720937499999 0.9736325578124999 0.8701162796874999 0.9687503875000001 0.859862790625 0.9736325578124999 0.7646488375 0.7783209296875 0.697265115625 0.7675782953125 0.7045906984375 0.7675782953125 0.7514651156250001 0.7333984499999999 0.7851558140625 0.6416015500000001 0.7412116281250001 0.6298821703125 0.7763674421875 0.5517581390624999 0.788086046875 0.5185550390625 0.805665115625 0.4980465109375 0.7573232562500001 0.491210853125 0.755860465625 0.492187596875 0.8715813953125 0.4873054265625 0.8789069765624999 0.47851627968750005 0.8686534890625 0.47851627968750005 0.8042 0.46972713125 0.79687441875 0.17285116250000002 0.9492186046875 0.0996093015625 0.9946279062500001 1 0.9975581390625001 1 0.8803720937499999
4 0.6054682171875 0.3559581390625 0.6054682171875 0.3090813953125 0.540038759375 0.2783209296875 0.522460465625 0.2783209296875 0.48535193750000005 0.30175813906250004 0.48437519375000004 0.31787209375000003 0.5136713171875 0.3852534890625 0.5283209296875 0.404297675 0.56347596875 0.41601627968750005 0.568359690625 0.42919999999999997 0.56347596875 0.4951162796875 0.49902325625 0.4951162796875 0.49609302343749995 0.42626976718750004 0.4863286828125 0.42626976718750004 0.4902341078125 0.452637209375 0.48339845 0.46289069843749997 0.47753953437499996 0.38378837187500003 0.47851627968750005 0.5229488375 0.5498046515625 0.524413953125 0.5585937984375 0.5346674421875 0.56152403125 0.5595697671875 0.585937984375 0.5610348843749999 0.587889921875 0.37646511562499996 0.59277364375 0.3574209296875 0.602539534375 0.3632813953125 0.6054682171875 0.3559581390625
4 0.49609302343749995 0.49365348906250006 0.49609302343749995 0.423339534375 0.54492248125 0.41162092968749997 0.524413953125 0.4013674421875 0.48339845 0.3251953484375 0.47460930156250003 0.344237209375 0.47656279062499995 0.5258790703125 0.5537116281250001 0.5273441859375 0.56152403125 0.556639534375 0.585937984375 0.5581046515625 0.584961240625 0.4248046515625 0.568359690625 0.42626976718750004 0.5673829453125 0.4951162796875 0.49609302343749995 0.49365348906250006
4 0 0.7133790703125 0.007812403125000001 0.7133790703125 0.211914728125 0.665039534375 0.2216790703125 0.6210930234375 0.25 0.6137697671875 0.2470697671875 0.5976558140625 0.225586046875 0.5976558140625 0.2207038765625 0.5727534890625 0.2285162796875 0.423339534375 0.22265581406249998 0.3002930234375 0.226562790625 0.2622069765625 0.2187503875 0.24462790625 0.22363255781250002 0.2373046515625 0.2373054265625 0.243165115625 0.2441410859375 0.2299813953125 0.23925736406250003 0.22265581406249998 0.209961240625 0.225586046875 0 0.41162092968749997 0 0.7133790703125
4 0.70507751875 0.3706046515625 0.6416015500000001 0.336913953125 0.6142573640625 0.3339837203125 0.6132806203125 0.5170906984375 0.616210853125 0.524413953125 0.6347658921875 0.5229488375 0.6503906984375 0.5024418609375 0.6503906984375 0.3793953484375 0.704102325 0.3925790703125 0.70507751875 0.3706046515625
4 0.9326170546875 0.4892581390625 0.9287116281250001 0.42773488437499996 0.8369147281249999 0.43652325625 0.829102325 0.48339767499999997 0.70117209375 0.48779302343750003 0.704102325 0.5449209296874999 0.743164340625 0.5478511625 0.7441410859375 0.531737209375 0.7285162796875 0.5258790703125 0.743164340625 0.5214837203125 0.758789146875 0.5507813953125 0.7646480625 0.524413953125 0.7998046515625 0.51562558125 0.8085937984375 0.5258790703125 0.7929689921875 0.531737209375 0.79492248125 0.5522465109375 0.8017581390625 0.556639534375 0.9062496124999999 0.5668953484375 0.915038759375 0.5185558140625 0.9990232562499999 0.5185558140625 1 0.48779302343750003 0.9326170546875 0.4892581390625
4 0.9482418609375 0.30468837187500003 0.8886713171875 0.32080000000000003 0.8886713171875 0.39111395312499997 0.9218744187500001 0.42919999999999997 0.9316403093750001 0.4204093015625 0.929686821875 0.35302790625 0.95117209375 0.3413093015625 0.9482418609375 0.30468837187500003
4 0.8251953484375001 0.36621162812499997 0.8320310078125001 0.37353488437500004 0.8300775187499999 0.405762790625 0.834961240625 0.404297675 0.8457038765625 0.39111395312499997 0.8457038765625 0.3295906984375 0.7939457359375 0.3339837203125 0.7080077515625 0.36621162812499997 0.70507751875 0.44384651093749994 0.7207038765625 0.44677674375 0.75 0.43798837187500006 0.75 0.38232325624999997 0.756835659375 0.3779302328125 0.8251953484375001 0.36621162812499997
