4 0.5585937984375 0.0395511625 0.5546868218750001 0.062988371875 0.5312496125 0.095213953125 0.5292961234375 0.11572325624999999 0.5576170546875 0.12011627968750001 0.5917969000000001 0.1508790703125 0.6035162796875 0.18017674374999998 0.601562790625 0.20068372031249998 0.5917969000000001 0.218262790625 0.5361333328125 0.2548837203125 0.4873054265625 0.25781162812499997 0.4814449609375 0.243165115625 0.47167907031249995 0.25195348906250004 0.46582015468750004 0.21679767499999997 0.45800775156249995 0.21679767499999997 0.445313178125 0.24169999999999997 0.4560542640625 0.272460465625 0.4814449609375 0.2841790703125 0.492187596875 0.3237302328125 0.555663565625 0.4013674421875 0.7646480625 0.319334884375 0.7792961234375 0.3325186046875 0.8154294578125001 0.404297675 0.8457038765625 0.4028325578125 1 0.37353488437500004 0.9990232562499999 0 0.579102325 0.0029302328125 0.5585937984375 0.0395511625
4 0.4101565890625 0.27685581406250004 0.42089767499999997 0.2373046515625 0.43652403125 0.23437441875 0.4941410859375 0.1508790703125 0.5019534890624999 0.1362302328125 0.5 0.10400465156250001 0.524413953125 0.08496046562500001 0.568359690625 0.001465115625 0.071288371875 0 0.0898434109375 0.0805674421875 0.0898434109375 0.1450186046875 0.10546821718749999 0.1977534890625 0.11621085312499999 0.21679767499999997 0.13378914687500001 0.210937209375 0.1386713171875 0.218262790625 0.1835937984375 0.312011628125 0.1835937984375 0.3559581390625 0.19433643437499998 0.369139534375 0.2070310078125 0.36767674375000003 0.3720697671875 0.27539069843749997 0.382812403125 0.30322325625 0.3896480625 0.30468837187500003 0.4101565890625 0.27685581406250004
4 0.4941410859375 0.537597675 0.49609302343749995 0.5551767437499999 0.5019534890624999 0.5551767437499999 0.5312496125 0.5493162796875 0.5332030999999999 0.4409186046875 0.49706976718749996 0.3925790703125 0.4941410859375 0.537597675
4 0.492187596875 0.3647465109375 0.46777364375 0.32812558125 0.45410232500000003 0.322265115625 0.443359690625 0.3383790703125 0.4492186046875 0.49365348906250006 0.445313178125 0.5961906984375 0.45996124062500005 0.600586046875 0.46972713125 0.6210930234375 0.47656279062499995 0.6108395343749999 0.47167907031249995 0.5507813953125 0.4804682171875 0.5610348843749999 0.4892573640625 0.6064441859375 0.49511782968749996 0.5595697671875 0.5341798453125 0.556639534375 0.537110078125 0.6196279062500001 0.5507813953125 0.6254883718750001 0.552734884375 0.4350581390625 0.5341798453125 0.43652325625 0.5 0.3940418609375 0.492187596875 0.3647465109375
4 0.7675782953125 0.5581046515625 0.7675782953125 0.3295906984375 0.7548821703125 0.32812558125 0.56152403125 0.404297675 0.5546868218750001 0.4145511625 0.5595705421875 0.430665115625 0.5917969000000001 0.42919999999999997 0.5917969000000001 0.5141604656250001 0.6748046515625 0.524413953125 0.6835937984375 0.6518558140625 0.704102325 0.6591790703125 0.71972713125 0.6855465109375001 0.7441410859375 0.6958 0.7441410859375 0.5668953484375 0.7548821703125 0.5537116281250001 0.7626945734375 0.5742186046875 0.7675782953125 0.5581046515625
4 0.40332092968750005 0.5654302328125 0.3896480625 0.5478511625 0.3720697671875 0.5537116281250001 0.32812558125 0.546386046875 0.32812558125 0.4350581390625 0.3310542640625 0.42773488437499996 0.3896480625 0.430665115625 0.41113333281250003 0.48632790625 0.41699224843750005 0.4687511625 0.42285116250000004 0.48632790625 0.4345705421875 0.48339767499999997 0.437500775 0.3295906984375 0.4248046515625 0.31347674375 0.4189457359375 0.319334884375 0.38574263593749997 0.31347674375 0.3623054265625 0.28710930156250003 0.195313178125 0.37646511562499996 0.193359690625 0.4790046515625 0.23437519375 0.49072325625 0.23437519375 0.5434581390625 0.2148434109375 0.5522465109375 0.21777364375000002 0.5830069765625 0.28613333281250003 0.568360465625 0.2939457359375 0.585937209375 0.40332092968750005 0.5742186046875 0.41992248125 0.58447209375 0.412110078125 0.5698232562500001 0.4179689921875 0.5493162796875 0.41113333281250003 0.539062790625 0.40332092968750005 0.5654302328125
4 0.4267581390625 0.539062790625 0.41992248125 0.5288093015625 0.41992248125 0.4965813953125 0.443359690625 0.48779302343750003 0.44140620156250004 0.44970697656249997 0.43847596875 0.44531162812499997 0.4345705421875 0.4570302328125 0.4257813953125 0.44970697656249997 0.431640309375 0.44384651093749994 0.428711628125 0.43652325625 0.3955085265625 0.43359302343749995 0.3925782953125 0.5581046515625 0.4062496125 0.587402325 0.4062496125 0.6020511625 0.416015503125 0.6049813953125 0.43847596875 0.6035162796875 0.445313178125 0.593262790625 0.445313178125 0.54052790625 0.4267581390625 0.539062790625
4 0.1835937984375 0.35888604687500003 0.179686821875 0.3090813953125 0.1386713171875 0.2211906984375 0.131835659375 0.210937209375 0.1113286828125 0.218262790625 0.0898434109375 0.1508790703125 0.087889921875 0.0805674421875 0.06347596875 0.005860465625 0.062500775 0.1508790703125 0.1386713171875 0.282713953125 0.1425782953125 0.6694325578125 0.148437209375 0.6694325578125 0.170897675 0.6445302328125 0.193359690625 0.6020511625 0.195313178125 0.3793953484375 0.1835937984375 0.35888604687500003
4 0.709961240625 0.7353511625 0.665038759375 0.7470697671875 0.569336434375 0.6855465109375001 0.5664062015625 0.67822325625 0.5742186046875 0.6606441859375 0.5439457359375 0.6445302328125 0.508789146875 0.6591790703125 0.5146480625 0.67382790625 0.4189457359375 0.6914069765625 0.414062015625 0.6987302328125 0.414062015625 0.72802790625 0.42089767499999997 0.7412116281250001 0.4560542640625 0.7324209296874999 0.506835659375 0.7529302328125 0.5507813953125 0.7895511625 0.54492248125 0.9096674421875001 0.53222635625 0.9111325578124999 0.524413953125 0.8935558140625 0.47753953437499996 0.9375 0.47070387656249996 0.9946279062500001 0.475586046875 0.9990232562499999 0.835937984375 0.9975581390625001 0.8320310078125001 0.9741209296875001 0.7714837203125 0.8217767437499999 0.7333984499999999 0.7412116281250001 0.709961240625 0.7353511625
4 0.9414062015625 0.6606441859375 0.9414062015625 0.6459953484375001 0.9345705421874999 0.647460465625 0.9218744187500001 0.6254883718750001 0.914062015625 0.5903325578125 0.8564449609375 0.48339767499999997 0.8212883718749999 0.47753953437499996 0.8085937984375 0.4584953484375 0.802734884375 0.44677674375 0.8085937984375 0.4028325578125 0.7705085265625 0.32812558125 0.7675782953125 0.5961906984375 0.7998046515625 0.6210930234375 0.802734884375 0.593262790625 0.8154294578125001 0.5888674421875 0.820313178125 0.6196279062500001 0.8417969 0.63427674375 0.84472713125 0.6621093015625 0.9335937984375 0.725097675 0.9355472875 0.6870116281249999 0.9414062015625 0.6811534890625001 0.9355472875 0.657713953125 0.9414062015625 0.6606441859375
4 0.8505860468750001 0.4804697671875 0.8603519374999999 0.49218837187500003 0.9160155031249999 0.5903325578125 0.9179689921874999 0.6167 0.9287116281250001 0.632811628125 1 0.6606441859375 0.9990232562499999 0.430665115625 0.8066403093750001 0.452637209375 0.8212883718749999 0.47753953437499996 0.8505860468750001 0.4804697671875
4 0.930663565625 0.6357418609375001 0.9355472875 0.66357441875 0.9335937984375 0.725097675 0.9414062015625 0.725097675 0.954102325 0.7089837203125 0.9990232562499999 0.720702325 1 0.66357441875 0.930663565625 0.6357418609375001
