4 1 0.0038697671875 0.3984511625 0.0050302328124999995 0.39857364375 0.005213953125 0 0.0038697671875 0 0.2880511625 0.006835659375 0.29830465156249997 0.0751953484375 0.3070930234375 0.084961240625 0.25142790625 0.125 0.2441046515625 0.11523410781250001 0.20601860468750002 0.12597674375 0.1986953484375 0.14062480625 0.21187907031250003 0.13476589218749999 0.22652558125 0.1386713171875 0.25289302343750003 0.17187441875 0.273402325 0.17675813906249999 0.32467209375 0.28027286875 0.333460465625 0.32128837187500003 0.3481093015625 0.4582217046875 0.3651162796875 0.4812682171875 0.3651162796875 0.680663565625 0.304162790625 0.687500775 0.2353162796875 0.7187503875 0.21480697656249997 0.712889921875 0.1796511625 0.727539534375 0.1664674421875 0.7558589140625 0.1679325578125 0.73437519375 0.20601860468750002 0.772460465625 0.22213255781250002 0.78027286875 0.27486744218750003 0.991210853125 0.210413953125 1 0.200160465625 1 0.0038697671875
4 0.461613953125 0.14867674375 0.43818759687500003 0.15284651093749999 0.46394418593750003 0.1493488375 0.46702325624999996 0.14792558125 0.461613953125 0.14867674375
4 0.9491953484375 0.493362790625 0.9472434109375 0.53437674375 0.9570093015625 0.5402372093750001 0.9365007750000001 0.5504906984375 0.8368914734375 0.5446302328125 0.828102325 0.5373069765625 0.828102325 0.367386046875 0.8368914734375 0.3571302328125 0.95017209375 0.3424837203125 0.9472434109375 0.461134884375 0.9511488375000001 0.47871395312500004 0.9570093015625 0.47871395312500004 0.953102325 0.46992325625 0.9618914734375 0.46846046562500004 0.9648217046875001 0.45527674375 0.9648217046875001 0.3410186046875 0.9716573640625 0.3483418609375 0.9823999999999999 0.33515813906249997 0.974586046875 0.3175813953125 0.9823999999999999 0.3117209296875 0.9765395343750001 0.29707209375 0.98337519375 0.26631162812500003 0.9882589140625001 0.273634884375 0.9843519374999999 0.3146511625 0.989235659375 0.32197441875 0.9941178296875 0.3146511625 0.990212403125 0.3029325578125 0.9941178296875 0.2209 0.7841565890625 0.283888371875 0.7724387593750001 0.31025581406249997 0.74802480625 0.3263697671875 0.7441178296875 0.6310558140625 0.7665782953125 0.6354511625 0.786110078125 0.626662790625 0.8310325578125 0.6354511625 0.8388449609374999 0.6120139531250001 0.850562790625 0.6090837203125 0.8779069765624999 0.6354511625 0.911110078125 0.6325209296875001 0.9169689921874999 0.6530302328124999 0.9345472875 0.6618186046875 0.9423596906249999 0.6793976749999999 0.9638449609374999 0.6881860468750001 0.9638449609374999 0.6940441859375001 0.9452899218749999 0.6867209296875 0.9472434109375 0.7013697671875 0.9570093015625 0.7043 0.9511488375000001 0.7189465109375 0.9570093015625 0.7277372093750001 0.953102325 0.7482441859375 0.958961240625 0.7541046515625001 0.953102325 0.7716813953125 0.959937984375 0.7790069765625 0.96872713125 0.774611628125 0.96579845 0.79072558125 0.9618914734375 0.7790069765625 0.9550558140625001 0.7834 0.9570093015625 0.8009790703125 0.9511488375000001 0.8126976750000001 0.9550558140625001 0.8244162796875001 0.9472434109375 0.8361348843749999 0.9452899218749999 0.8683627906250001 0.9931410859375 0.8903348843750001 0.9984496125 0.9005720937499999 0.9984496125 0.8859488375 0.9941178296875 0.8361348843749999 0.9960713171875 0.6603534890625 0.9911875968749999 0.6354511625 0.9804465109375 0.6398465109375 0.9784930234375 0.5695325578125 0.9648217046875001 0.5753930234375 0.9677503875 0.5622093015625 0.9784930234375 0.5607441859375 0.9804465109375 0.5460953484375 0.9648217046875001 0.5431674421875 0.958961240625 0.5080093015625 0.9628682171875 0.4992209296875 0.9540790703124999 0.4889674421875 0.9491953484375 0.493362790625
4 0.968537984375 0.69852325625 0.9792806203125 0.7029162796875 0.984162790625 0.7161 0.9822093015625001 0.739537209375 0.9704914734375001 0.7512558140625 0.9743969 0.7659046515625 0.96072558125 0.77762325625 0.9568186046875 0.8684441859375 0.986699225 0.89302325625 0.9984496125 0.89302325625 0.9984496125 0.214837209375 0.9929519375 0.2136581390625 0.952913178125 0.232702325 0.95877209375 0.23563255781249998 0.9548666671875001 0.25613953437500003 0.96072558125 0.262 0.96072558125 0.31180465156250003 0.9470542640625 0.364537209375 0.945100775 0.5139511625 0.9470542640625 0.5373906984375 0.9665844968749999 0.566686046875 0.968537984375 0.6516465109375 0.9626790703125 0.6633674421875 0.968537984375 0.69852325625
4 0.727300775 0.6501069765625 0.7364341078125001 0.6413906984375 0.7364341078125001 0.565013953125 0.735113178125 0.50362325625 0.727300775 0.512411628125 0.6823798453125 0.5065534890625 0.6696837203125 0.519737209375 0.6667550390625 0.5387790703124999 0.6501534890625 0.5402441859375 0.6501534890625 0.658139534375 0.6536093015625 0.658139534375 0.66382480625 0.65157209375 0.66382480625 0.62227674375 0.6765193796875 0.606162790625 0.701910078125 0.6032325578125 0.716559690625 0.6193465109375 0.727300775 0.6501069765625
4 0.7361798453125 0.49302325625 0.7364341078125001 0.4712325578125 0.7364341078125001 0.326237209375 0.7019968999999999 0.3248418609375 0.6844186046875 0.31312325625000004 0.6473085265625 0.32191162812499996 0.650238759375 0.48450930156250005 0.6769969 0.49302325625 0.7361798453125 0.49302325625
4 0.6059038765625 0.6664465109375 0.6103317828125 0.6697674421875 0.6406682171875 0.6697674421875 0.648062015625 0.656211628125 0.648062015625 0.5635953484375 0.6459426359375 0.325137209375 0.5141069765624999 0.36761860468749996 0.5141069765624999 0.5404697671875 0.6029736437500001 0.55072325625 0.6059038765625 0.6664465109375
4 0.469635659375 0.3747302328125 0.46475348906249997 0.417211628125 0.46475348906249997 0.53732790625 0.47256589218749995 0.5549069765625 0.46670542656249997 0.604711628125 0.49307286875 0.614965115625 0.49795658906250007 0.651586046875 0.50302790625 0.653488371875 0.505897675 0.653488371875 0.51007751875 0.6200441859375 0.51007751875 0.4781837203125 0.508697675 0.363011628125 0.469635659375 0.3747302328125
4 0.810162790625 0.9121093015625 0.80332713125 0.9077162796874999 0.8003969 0.9150395343750001 0.8023503875 0.9912116281250001 0.8092449609375001 0.9953488374999999 0.9984496125 0.9953488374999999 0.9984496125 0.920334884375 0.9361395343750001 0.890137209375 0.912700775 0.8930674421875 0.8990294578125001 0.8784186046875 0.8931705421875 0.9018558140625 0.874615503125 0.891602325 0.8716852718749999 0.9282232562500001 0.8482480625000001 0.937013953125 0.8414124031249999 0.9267581390625 0.8365302328125 0.8637697671875 0.8316465109375001 0.8710953484375 0.826764340625 0.9897465109375 0.8140682171875 0.98242325625 0.810162790625 0.9121093015625
4 0.3155162796875 1 0.7356217046875 0.9993767437500001 0.739534884375 0.9512372093750001 0.739534884375 0.93437674375 0.7356217046875 0.9144162796874999 0.7278077515625 0.9261348843749999 0.716089921875 0.9114860468750001 0.707300775 0.9158813953125 0.7024186046875001 0.8704720937499999 0.697534884375 0.9627558140625 0.6946046515625001 0.9730093015625 0.684840309375 0.9730093015625 0.6799565890625 0.9598279062499999 0.67702790625 0.8528930234375001 0.6760511625000001 0.965686046875 0.6711674421875 0.9671511625000001 0.666285271875 0.8250604656249999 0.6545658921874999 0.81627209375 0.64577674375 0.8675418609375001 0.6467534890625 0.810411628125 0.6418713171875 0.8060186046875 0.6301519375 0.8734 0.6330821703125 0.8045534890624999 0.62819845 0.7913697671875 0.6233162796875 0.8045534890624999 0.6233162796875 0.951037209375 0.6184341078125 0.958362790625 0.6067147281249999 0.9554325578125 0.6028077515625 0.8441046515625 0.59792558125 0.89537441875 0.5930434109375 0.90562790625 0.590113178125 0.9012325578124999 0.59792558125 0.810411628125 0.582300775 0.795765115625 0.5764418609375 0.769397675 0.5637457359375 0.7532837203125 0.48952713125 0.71812790625 0.4719488375 0.7210581390625 0.4621829453125 0.73277674375 0.45827751875 0.7210581390625 0.4231209296875 0.71812790625 0.3977302328125 0.691760465625 0.38601240312499996 0.691760465625 0.35573798437500004 0.7283813953125 0.35573798437500004 0.8074837203125 0.34520620156250004 0.8369139531249999 0.340113178125 0.8133418609374999 0.340113178125 0.7664674421875 0.33327751875 0.7444953484375 0.3215581390625 0.7913697671875 0.3127689921875 0.7840465109375 0.3059333328125 0.7503534890625 0.2815193796875 0.763537209375 0.2746837203125 0.8558232562500001 0.2668713171875 0.8558232562500001 0.261987596875 0.842639534375 0.261987596875 0.7752558140625 0.2571054265625 0.765002325 0.25417519375 0.810411628125 0.247339534375 0.8177372093749999 0.2405038765625 0.810411628125 0.23366821718750003 0.7708627906250001 0.17507441875000002 0.7825813953125 0.166285271875 0.8221325578125 0.1643317828125 0.9158813953125 0.1555426359375 0.9349255812499999 0.029565892187499998 0.9920534890624999 0.03640155 0.9993767437500001 0.0619193796875 1 0.3155162796875 1
