4 0.35102480625 0.00232558125 0.058437209375 0.004488371875 0.0545317828125 0.1978465109375 0.059413953124999995 0.2081 0.223489921875 0.246511628125 0.2294093015625 0.246511628125 0.45421550312500003 0.00232558125 0.35102480625 0.00232558125
4 0.46409457343750005 0 0.2790031 0.1987302328125 0.2565426359375 0.22949302343750003 0.237010853125 0.28222558124999997 0.22919845 0.7626953484375 0.284862015625 0.8491209296875001 0.3034170546875 0.8623046515624999 0.3034170546875 0.601562790625 0.29560465156250004 0.57812558125 0.3034170546875 0.5576162796874999 0.3034170546875 0.2763674421875 0.2975581390625 0.25 0.302440309375 0.23681627968750002 0.3131829453125 0.2324209296875 0.316113178125 0.21044883749999999 0.3415038765625 0.21044883749999999 0.347362790625 0.19287209375 0.3844713171875 0.17822325625 0.3893550390625 0.1914069765625 0.38740155 0.9941395343749999 0.4164573640625 0.99767441875 0.424337984375 0.99767441875 0.4303705421875 0.9912116281250001 0.4303705421875 0.648437209375 0.4225581390625 0.6308581390625 0.4303705421875 0.6074209296874999 0.4303705421875 0.17675813906249999 0.568065115625 0.0727534890625 0.5729488375 0.1445302328125 0.5729488375 0.9824209296875 0.5794186046875 0.99767441875 0.5860961234375 0.99767441875 0.59052713125 0.9970697671875 0.596899225 0.9779511624999999 0.596899225 0.6183581390625 0.5944325578125 0.009765115625 0.5786217046875 0 0.46409457343750005 0
4 0.054629457812500004 0.2091906984375 0.054629457812500004 0.2824325578125 0.0712310078125 0.2809674421875 0.0770914734375 0.30147674375 0.19282325625000002 0.3162790703125 0.20335813906250003 0.3162790703125 0.2059969 0.30440697656250004 0.183536434375 0.3029418609375 0.2274821703125 0.30440697656250004 0.2294573640625 0.2737813953125 0.2294573640625 0.2569930234375 0.2255286828125 0.2487418609375 0.054629457812500004 0.2091906984375
4 0.2 0.3647906984375 0.1432046515625 0.360460465625 0.14222790624999998 0.385362790625 0.13051007812499998 0.3941511625 0.1598062015625 0.402939534375 0.1598062015625 0.4820418609375 0.1119550390625 0.48643488437500004 0.1129317828125 0.3941511625 0.09925891406250001 0.385362790625 0.09925891406250001 0.356065115625 0.06167596875 0.34883720937499996 0.06117209375 0.34883720937499996 0.0582434109375 0.540634884375 0.07484496093750001 0.5421 0.0963302328125 0.5274511625 0.11781395312500001 0.5303813953125001 0.12562635625000002 0.5157325578124999 0.1373457359375 0.5245209296875 0.164689921875 0.5245209296875 0.16957209374999999 0.5289162796875 0.1676186046875 0.5933697671875 0.1598062015625 0.61387674375 0.167812403125 0.6162790703125001 0.1714496125 0.6162790703125001 0.2 0.6082488374999999 0.2 0.3647906984375
4 0.19844961249999998 0.360465115625 0.19844961249999998 0.32123023281249996 0.0846961234375 0.30098604687499997 0.06516589218749999 0.30098604687499997 0.05637674375 0.3171 0.0593054265625 0.347862790625 0.19280775156250002 0.360465115625 0.19844961249999998 0.360465115625
4 0.0711472875 0.6728162796875 0.0682170546875 0.6449860468749999 0.058452712500000004 0.6420558140625 0.057475968749999995 0.99767441875 0.1321317828125 0.99767441875 0.3798449609375 0.9965511625 0.3798449609375 0.9865046515625 0.23911627968750002 0.7841465109375 0.19907751875 0.756313953125 0.198100775 0.6142232562500001 0.16294418593749999 0.6200837203125 0.160013953125 0.6508441859375 0.15122635625 0.6610976749999999 0.1375534890625 0.631802325 0.1316945734375 0.6405906984375 0.11802325625000001 0.637660465625 0.11313953437499999 0.662562790625 0.10239689999999999 0.6640279062500001 0.08677209375 0.631802325 0.0838434109375 0.66842325625 0.0711472875 0.6728162796875
4 0.6048558140625 0 0.601939534375 0.01312558125 0.601939534375 0.9916418609375001 0.6167689921874999 0.9953488374999999 0.70677519375 0.9953488374999999 0.7240093015625 0.9608790703125001 0.7318217046875 0.9550209296875 0.7513534890625 0.9608790703125001 0.7679550390625 0.9447674421875 0.795299225 0.88617209375 0.7972527125 0.7426186046875001 0.8158062015624999 0.7118558140625 0.8402201546875 0.6898837203125 0.8449612406250001 0.6590697671875 0.8449612406250001 0.5947325578125 0.84217364375 0.4525790703125 0.8449612406250001 0.37732092968750003 0.8449612406250001 0.33871860468750004 0.8411968999999999 0.310488371875 0.828502325 0.332460465625 0.8304558140625 0.36761860468749996 0.8226434109375 0.396913953125 0.8226434109375 0.411562790625 0.8324077515624999 0.426211628125 0.8304558140625 0.46722790625000005 0.8226434109375 0.4935953484375 0.8304558140625 0.519960465625 0.8304558140625 0.5639069765625 0.8138542640624999 0.5829488375 0.76502480625 0.60052790625 0.7513534890625 0.597597675 0.741587596875 0.6093162796875 0.7279162796875001 0.6063883718749999 0.7210806203125 0.59027441875 0.7210806203125 0.5316813953125 0.73279845 0.49652325625 0.7210806203125 0.46722790625000005 0.7191271312499999 0.43207209375 0.7210806203125 0.4057046515625 0.73279845 0.3822674421875 0.7191271312499999 0.332460465625 0.7210806203125 0.2826558140625 0.7288930234375 0.26800930156249997 0.7191271312499999 0.2211325578125 0.7191271312499999 0.17132790625 0.7318217046875 0.143497675 0.76600155 0.13617209375 0.76600155 0.12152325625 0.7523302328125 0.11273488437500001 0.7562356593749999 0.1010162796875 0.74842325625 0.08929767499999999 0.74842325625 0.0248441859375 0.7396341078125 0.0204488375 0.7357286828125 0.005802325 0.606162790625 0 0.6048558140625 0
4 0.765062015625 0 0.8478093015624999 0.1416465109375 0.8559193796875 0.14651162812500002 0.8602821703125001 0.14651162812500002 0.9972232562500001 0.096234884375 1 0.006013953125000001 1 0.0010209296875 0.8361302328125 0 0.765062015625 0
4 0.8413953484375 0.4014534890625 0.850184496875 0.43221627968750004 0.851162790625 0.291262790625 0.851162790625 0.1493790703125 0.7613162796874999 0.0030162796875000003 0.7222542640625 0.0030162796875000003 0.7349488375 0.148037209375 0.7515503875 0.187588371875 0.76522325625 0.18172790625 0.7808480624999999 0.21102558125 0.7925674421875 0.205165115625 0.804285271875 0.22567441875 0.8169813953125 0.23006744218750003 0.822840309375 0.2535046515625 0.8169813953125 0.31502790625 0.8247937984375 0.35897441875 0.8189333328125 0.39706046562499997 0.8413953484375 0.4014534890625
4 0.9984496125 0.653488371875 0.9984496125 0.097511628125 0.9947426359374999 0.0964 0.8531410859375 0.1535302328125 0.8550945734375001 0.65157674375 0.9478682171875 0.6442511625 0.9663410859375 0.653488371875 0.9984496125 0.653488371875
