4 0.5839830515625 0.1938666671875 0.5800790953125 0.24538039218750002 0.5947259890625001 0.33621176406250003 0.9990225984375 0.23318039218750003 1 0.0013568625 0 0.0013568625 0.0048841812499999995 0.1708196078125 0.12011581874999999 0.2060666671875 0.17285028281249998 0.24673725468750002 0.346680790625 0.3063882359375 0.5312514125 0.337568628125 0.5429689265625 0.3077450984375 0.5449209046875 0.1938666671875 0.55761581875 0.176239215625 0.5839830515625 0.1938666671875
4 0.59863276875 0.23318039218750003 0.58886723125 0.18166274531249998 0.570313559375 0.2101333328125 0.5742175140625 0.2724941171875 0.55761581875 0.2819843140625 0.554686440625 0.2101333328125 0.541991525 0.189796078125 0.5312514125 0.24809411718750002 0.507813559375 0.2562274515625 0.5058587578125 0.280631371875 0.51562429375 0.28876470625 0.4804689265625 0.3240117640625 0.5644519781249999 0.3484156859375 0.7382824859375 0.2941882359375 0.6845706218750001 0.2711411765625 0.6728502828125 0.216913725 0.59863276875 0.23318039218750003
4 0.8886723156249999 0.5599019609375 0.8886723156249999 0.32672156874999997 0.9990225984375 0.30096470625 0.9990225984375 0.238603921875 0.5869152546875 0.352482353125 0.5400395484375 0.3606156859375 0.46288983124999994 0.3457019609375 0.45312429375 0.3728156859375 0.4492175140625 0.5870156859375 0.44335875781249995 0.6141333328125 0.43261581875 0.6100627453125 0.42285028281250003 0.6344666671875 0.5400395484375 0.6154862750000001 0.6083983046875 0.6209098046875 0.6035169484375 0.38095294062499996 0.6103502828125 0.3687490203125 0.6884774015625 0.3579058828125 0.6914067796875 0.6331098046875 0.7197259890625001 0.6290431375 0.7392570625 0.6507372546875 0.8320310734374999 0.668360784375 0.840819209375 0.6398901953125 0.867186440625 0.6276901953125 0.867186440625 0.5707490203125001 0.8886723156249999 0.5599019609375
4 0.40331920937500004 0.5965058828124999 0.4072259890625 0.6426000000000001 0.5058587578125 0.6222666671875 0.48535028281250003 0.6182000000000001 0.4648446328125 0.581596078125 0.46288983124999994 0.391796078125 0.45214971718749997 0.3470588234375 0.414062146875 0.351125490625 0.4150395484375 0.51787843125 0.20605367187499998 0.5341450984375 0.1875 0.5544823531249999 0.184570621875 0.5829490203125001 0.173827684375 0.55719215625 0.173827684375 0.6304000000000001 0.20312429375000002 0.6548039218749999 0.210937853125 0.695474509375 0.2441412421875 0.679203921875 0.2441412421875 0.6276901953125 0.25488418125 0.6154862750000001 0.40331920937500004 0.5965058828124999
4 0.40918079062499996 0.352482353125 0.43164124218750005 0.34027843125 0.252929378125 0.2846980390625 0.15136723125 0.2440274515625 0.13964971718750002 0.216913725 0.0009774015625 0.1708196078125 0 0.4975411765625 0.168946328125 0.49618431406249996 0.173827684375 0.6331098046875 0.210937853125 0.665647059375 0.201172315625 0.6222666671875 0.2070310734375 0.31316470625 0.284180790625 0.31452156875 0.40918079062499996 0.352482353125
4 0.2695310734375 0.8527333328125 0.2695310734375 0.9611921562499999 0.2792966109375 0.9639019609374999 0.2910169484375 0.95847843125 0.2910169484375 0.8961176468750001 0.278319209375 0.8486666671875 0.2695310734375 0.8527333328125
4 0.7851553671875 0.7144549015625 0.7714830515625 0.7388549015625 0.7792966109374999 0.765968628125 0.835937853125 0.6846274515624999 0.737305084375 0.6615803921875 0.7812514125 0.6900509796875001 0.7851553671875 0.7144549015625
4 0.226562146875 0.8581568624999999 0.23437570624999998 0.993725490625 0.257813559375 0.97203529375 0.257813559375 0.8608666671874999 0.247070621875 0.8540901953125 0.226562146875 0.8581568624999999
4 0.2148446328125 0.9964392156249999 0.2148446328125 0.869003921875 0.1650395484375 0.883913725 0.1347655375 0.993725490625 0.2148446328125 0.9964392156249999
4 0.5869152546875 0.8242666671875 0.570313559375 0.993725490625 0.7050790953125 0.9964392156249999 0.6972655375000001 0.9150980390625 0.6777344624999999 0.920517646875 0.6757824859375 0.8798470593750001 0.5869152546875 0.8242666671875
4 0.0009774015625 0.9977960781249999 0.123048021875 0.9964392156249999 0.1367175140625 0.8852705875 0.1083983046875 0.8324 0 0.9150980390625 0.0009774015625 0.9977960781249999
4 0.5527344624999999 0.7632588234375 0.5371101687500001 0.7497019609375 0.5478502828125 0.7103843140625 0.653319209375 0.6588705874999999 0.6992175140625 0.6548039218749999 0.6650395484375 0.6371764703125 0.543946328125 0.6209098046875 0.20898305156250002 0.709031371875 0.2177740109375 0.7347882359375 0.2900395484375 0.7293647062499999 0.3525395484375 0.8134196078124999 0.382813559375 0.8229098046875001 0.4482429375 0.78359215625 0.528319209375 0.78359215625 0.543946328125 0.7971490203125 0.5527344624999999 0.7632588234375
