4 0.9521488375 0 0.9433596906249999 0.021972093749999998 0.8847658921875 0.95947209375 0.8916015500000001 0.9843744187500001 0.915038759375 0.9960930234375001 0.945313178125 0.9946279062500001 0.9531255812499999 0.95947209375 1 0.27392558125 0.9990232562499999 0 0.9521488375 0
4 0.6962883718749999 0.052734884375 0.6513674421875 0.06738372031249999 0.47949147343750004 0.0937511625 0.446288371875 0.07617209375 0.4189457359375 0.0498046515625 0.40917984531249996 0.0498046515625 0.40332092968750005 0.070311628125 0.383789146875 0.070311628125 0.37304651093749996 0.048339534375 0.37304651093749996 0.0278325578125 0.3466790703125 0.0117186046875 0.329102325 0.023437209375 0.329102325 0.008788371875000001 0.21777364375000002 0 0.2148434109375 0.00732325625 0.2216790703125 0.023437209375 0.24121085312499999 0.023437209375 0.25097674375 0.038086046875 0.28613333281250003 0.041016279687500004 0.2998046515625 0.052734884375 0.30175813906250004 0.041016279687500004 0.3154294578125 0.061523256250000005 0.3408201546875 0.061523256250000005 0.3603519375 0.0820302328125 0.40527286875 0.0908209296875 0.431640309375 0.1215813953125 0.4062496125 0.1772465109375 0.398437209375 0.47314418593749996 0.43652403125 0.4892581390625 0.44140620156250004 0.49951162812499994 0.431640309375 0.5229488375 0.431640309375 0.5551767437499999 0.445313178125 0.7954093015625 0.45410232500000003 0.805665115625 0.47167907031249995 0.7939441859375 0.48339845 0.79687441875 0.6669922484375 0.8876953484375001 0.6835937984375 0.889160465625 0.70117209375 0.5668953484375 0.70117209375 0.38232325624999997 0.7187503875 0.0600581390625 0.6962883718749999 0.052734884375
4 0.9130852718750001 0.038086046875 0.937500775 0.001465115625 0.4023441859375 0.001465115625 0.40722635625 0.038086046875 0.48339845 0.0820302328125 0.5058589140625 0.0834953484375 0.6845705421875 0.052734884375 0.774413953125 0.0585930234375 0.8388666671875 0.041016279687500004 0.9130852718750001 0.038086046875
4 0.38183565937499997 0 0.34179689999999996 0.001465115625 0.3808589140625 0.021972093749999998 0.38183565937499997 0
4 0.8955085265625 0.0263674421875 0.9111333328125 0.03222558125 0.9355472875 0.001465115625 0.4023441859375 0.001465115625 0.4023441859375 0.0278325578125 0.41503875937499995 0.043944185937500005 0.48339845 0.0820302328125 0.523437209375 0.0805674421875 0.680663565625 0.052734884375 0.8115240312499999 0.04687441875 0.8916015500000001 0.0351558140625 0.8955085265625 0.0263674421875
4 0.4179689921875 0.4028325578125 0.42187441875 0.3940418609375 0.4179689921875 0.35302790625 0.4257813953125 0.3383790703125 0.41992248125 0.3325186046875 0.41503875937499995 0.2841790703125 0.4082031 0.28857441875 0.414062015625 0.297362790625 0.4062496125 0.3325186046875 0.412110078125 0.3706046515625 0.4082031 0.41748139531249995 0.414062015625 0.423339534375 0.4101565890625 0.46435581406250004 0.41992248125 0.46435581406250004 0.416015503125 0.42919999999999997 0.4248046515625 0.4101558140625 0.43359379843749996 0.41162092968749997 0.4179689921875 0.4028325578125
4 0.37402325625 0.600586046875 0.41992248125 0.6518558140625 0.41699224843750005 0.5595697671875 0.399413953125 0.5625 0.3710930234375 0.587402325 0.37402325625 0.600586046875
4 0.3896480625 0.5185558140625 0.274413953125 0.539062790625 0.273437209375 0.5610348843749999 0.2792961234375 0.5639651156250001 0.40332092968750005 0.539062790625 0.413085271875 0.5361325578125 0.416015503125 0.5229488375 0.3896480625 0.5185558140625
4 0.290038759375 0.7705069765625 0.28515658906249997 0.7924813953125 0.289062015625 0.8100581390625001 0.29882790625 0.812988371875 0.42285116250000004 0.75 0.4257813953125 0.7163093015625 0.40722635625 0.7148441859375 0.290038759375 0.7705069765625
4 0.2216790703125 0.5507813953125 0.102539534375 0.5771488375 0.0478511625 0.5742186046875 0.037110078125 0.578613953125 0.039062015625 0.6137697671875 0.2158201546875 0.5800790703125001 0.2626945734375 0.5654302328125 0.2636713171875 0.5522465109375 0.2216790703125 0.5507813953125
4 0.3564449609375 0.6064441859375 0.312500775 0.6752930234375001 0.2929689921875 0.7397465109375 0.3085937984375 0.7426767437499999 0.41113333281250003 0.697265115625 0.4179689921875 0.6840813953125 0.3935550390625 0.63867209375 0.3564449609375 0.6064441859375
4 0 0.9946279062500001 0.039062015625 0.9946279062500001 0.019531782812500002 0.5991209296875 0.0146480625 0.5800790703125001 0.0029302328125 0.5800790703125001 0 0.9946279062500001
4 0.10058604687499999 0.632811628125 0.06152403125 0.632811628125 0.039062015625 0.6430674421875 0.04687441875 0.7954093015625 0.054686821875 0.827637209375 0.0976558140625 0.7368162796875 0.15234418593750002 0.654786046875 0.149413953125 0.6445302328125 0.10058604687499999 0.632811628125
4 0.3154294578125 0.585937209375 0.2529302328125 0.591797675 0.2060542640625 0.6210930234375 0.187500775 0.6459953484375001 0.2792961234375 0.7368162796875 0.318359690625 0.640137209375 0.33984341093750003 0.6049813953125 0.336914728125 0.59472558125 0.3154294578125 0.585937209375
4 0.2548821703125 0.7851558140625 0.06152403125 0.8730465109375001 0.054686821875 0.8803720937499999 0.054686821875 0.91552790625 0.0576170546875 0.9316395343749999 0.068359690625 0.9331046515624999 0.26074263593749997 0.8349604656249999 0.2773441859375 0.8217767437499999 0.2773441859375 0.7866209296875 0.2548821703125 0.7851558140625
4 0.540038759375 0.8173837203125001 0.53027286875 0.79687441875 0.48535193750000005 0.7851558140625 0.5 0.7778325578125 0.47656279062499995 0.77197209375 0.47656279062499995 0.5493162796875 0.47070387656249996 0.484862790625 0.47460930156250003 0.44970697656249997 0.461914728125 0.42773488437499996 0.45312558125 0.42626976718750004 0.460937984375 0.4350581390625 0.45996124062500005 0.45117209375 0.446288371875 0.4248046515625 0.43847596875 0.4248046515625 0.43359379843749996 0.46435581406250004 0.437500775 0.47607441875 0.4326170546875 0.46582092968750005 0.42187441875 0.48193255781250005 0.4345705421875 0.4892581390625 0.44726511562500004 0.48193255781250005 0.44140620156250004 0.5112302328125 0.429686821875 0.5200186046875 0.445313178125 0.8071279062500001 0.47949147343750004 0.7939441859375 0.5341798453125 0.8144534890624999 0.540038759375 0.82617209375 0.585937984375 0.8393558140625 0.5830077515625 0.8232418609375 0.5576170546875 0.820311628125 0.5517581390624999 0.8115232562499999 0.540038759375 0.8173837203125001
4 0.2216790703125 0.68847674375 0.1904294578125 0.6621093015625 0.170897675 0.6562511625 0.117187596875 0.72802790625 0.085937984375 0.7866209296875 0.068359690625 0.8334953484375 0.085937984375 0.8393558140625 0.2373054265625 0.7763674421875 0.26074263593749997 0.7646488375 0.26562480625 0.7514651156250001 0.2216790703125 0.68847674375
4 0.42285116250000004 0.7646488375 0.38183565937499997 0.7851558140625 0.069336434375 0.9521488375 0.0585937984375 0.9653325578124999 0.0595705421875 0.9960930234375001 0.1894527125 0.9946279062500001 0.4267581390625 0.829102325 0.431640309375 0.8188465109375 0.42773488437499996 0.7690418609375 0.42285116250000004 0.7646488375
4 0.445313178125 0.8188465109375 0.445313178125 0.8803720937499999 0.4404294578125 0.8876953484375001 0.4267581390625 0.8320302328125001 0.197265115625 0.9946279062500001 0.898437209375 0.9975581390625001 0.8623054265625001 0.96972558125 0.6767581390624999 0.8964837203125 0.47753953437499996 0.7998046515625 0.445313178125 0.8188465109375
