4 0.648437209375 0.186034884375 0.6464837203125 0.1479488375 0.625 0.1333 0.616210853125 0.0996093015625 0.5517581390624999 0.12597674375 0.5332030999999999 0.016113953125 0.5263674421875 0.0029302328125 0.48828062031249997 0.00732325625 0.48437519375000004 0.6049813953125 0.48828062031249997 0.962402325 0.5341798453125 0.7675790703125001 0.6044914734375 0.802734884375 0.6113286828125 0.7954093015625 0.648437209375 0.186034884375
4 0.7597658921875 0.719237209375 0.7539069765625 0.7690418609375 0.76562480625 0.8012697671875 0.7939457359375 0.8378906984375 0.8173829453125 0.8496093015625 0.8398434109374999 0.8481441859375 0.8574217046875001 0.8305674421875 0.8613286828125 0.7836906984375 0.8251953484375001 0.6357418609375001 0.7597658921875 0.719237209375
4 1 0.6928720937499999 0.9951178296875 0.679688371875 0.9853519374999999 0.679688371875 0.9814449609375 0.6914069765625 0.9785162796875 0.6752930234375001 0.9658201546875 0.670897675 0.9638666671875 0.6591790703125 0.9521488375 0.670897675 0.9462883718749999 0.6621093015625 0.9423829453125 0.6767581390624999 0.937500775 0.6606441859375 0.9492186046875 0.657713953125 0.947265115625 0.63427674375 0.9570310078125001 0.6196279062500001 0.9550775187499999 0.5522465109375 0.9638666671875 0.539062790625 0.9707038765625 0.5493162796875 0.9726558140625 0.5053720937499999 0.9882806203125 0.48779302343750003 0.9960930234375001 0.43212790625 1 0.00732325625 0.8935550390625 0.0029302328125 0.8867193796875 0.016113953125 0.8789069765624999 0.0747069765625 0.883789146875 0.0820302328125 0.9062496124999999 0.0805674421875 0.8916015500000001 0.0820302328125 0.8730465109375001 0.1127930234375 0.837889921875 0.35888604687500003 0.837889921875 0.3706046515625 0.8652341078125 0.4145511625 0.8632806203125 0.46435581406250004 0.8398434109374999 0.54052790625 0.8437503875000001 0.5903325578125 0.837889921875 0.6313465109374999 0.8710930234375001 0.7485348843749999 0.8789069765624999 0.8159186046875 0.8730465109375001 0.8393558140625 0.8583984499999999 0.86132790625 0.8183596906249999 0.8715813953125 0.868164340625 0.9023441859375 0.9589844968750001 0.9389651156250001 1 0.7543953484375 1 0.6928720937499999
4 0.79492248125 0.859862790625 0.7480465109375001 0.7954093015625 0.742187596875 0.733886046875 0.757812403125 0.6958 0.7929689921875 0.64892558125 0.79492248125 0.5258790703125 0.8007813953125 0.5200186046875 0.8066403093750001 0.47314418593749996 0.795897675 0.4570302328125 0.7919922484375 0.46582092968750005 0.7812496125 0.46435581406250004 0.789062015625 0.46142558125 0.790038759375 0.4394534890625 0.8085937984375 0.43798837187500006 0.804686821875 0.423339534375 0.8105472875 0.41748139531249995 0.8017581390625 0.41601627968750005 0.7998046515625 0.43359302343749995 0.795897675 0.42773488437499996 0.7919922484375 0.43359302343749995 0.788085271875 0.41601627968750005 0.7841798453125 0.430665115625 0.78027286875 0.4248046515625 0.7607426359375 0.430665115625 0.76562480625 0.39697209375 0.772460465625 0.4013674421875 0.7753906984375 0.3881837203125 0.7695317828125 0.38232325624999997 0.7714837203125 0.35888604687500003 0.7529302328125 0.3398441859375 0.75 0.326660465625 0.7666015500000001 0.319334884375 0.7763674421875 0.3310558140625 0.7978511625 0.32812558125 0.8076170546875 0.3574209296875 0.8242186046875 0.35888604687500003 0.8671875968749999 0.0512697671875 0.868164340625 0.0029302328125 0.805663565625 0.0029302328125 0.7333984499999999 0.0351558140625 0.70507751875 0.095213953125 0.663085271875 0.5507813953125 0.6523441859375 0.5346674421875 0.6582030999999999 0.5288093015625 0.6601565890625001 0.47607441875 0.666015503125 0.46142558125 0.662110078125 0.44677674375 0.67187441875 0.2622069765625 0.66992248125 0.235839534375 0.665038759375 0.2285162796875 0.6601565890625001 0.235839534375 0.64062480625 0.5727534890625 0.6533209296875 0.556639534375 0.665038759375 0.556639534375 0.677734884375 0.5815418609375 0.6611333328125 0.5830069765625 0.6562496125 0.5961906984375 0.632812403125 0.9917 0.67382790625 0.9946279062500001 0.6855472875 0.93017674375 0.6855472875 0.8481441859375 0.6923829453125 0.820311628125 0.79492248125 0.859862790625
4 0.7363286828125 0.0366209296875 0.8007813953125 0.001465115625 0.7314449609375 0 0.7304682171875 0.0336906984375 0.7363286828125 0.0366209296875
4 0.6582030999999999 0.0043953484375 0.5361333328125 0 0.5332030999999999 0.0131837203125 0.54687441875 0.10400465156250001 0.5517581390624999 0.1230465109375 0.5605472875 0.1215813953125 0.618164340625 0.0966790703125 0.6308589140625 0.062988371875 0.6562496125 0.024902325 0.6582030999999999 0.0043953484375
4 0.37402325625 0.0029302328125 0 0.0043953484375 0.00097674375 0.17871162812500002 0.12597674375 0.23437441875 0.163085271875 0.20800697656249997 0.20410232499999997 0.1992186046875 0.288085271875 0.25195348906250004 0.2939457359375 0.2695302328125 0.30468682187499996 0.2680674421875 0.32031317812500004 0.25927674375 0.3105472875 0.077637209375 0.3720697671875 0.014648837500000001 0.37402325625 0.0029302328125
4 0.048827906250000004 0.859862790625 0.04492248125 0.8012697671875 0.0332031 0.7690418609375 0.0292961234375 0.733886046875 0.0175782953125 0.7221674421875 0.00097674375 0.641602325 0 0.9946279062500001 0.07812558124999999 0.9946279062500001 0.07617209375 0.962402325 0.062500775 0.9331046515624999 0.062500775 0.8950186046875 0.048827906250000004 0.859862790625
4 0.272460465625 0.5361325578125 0.2792961234375 0.5258790703125 0.27539069843749997 0.46435581406250004 0.3007813953125 0.452637209375 0.289062015625 0.27685581406250004 0.18066356562500002 0.21386744218749998 0.165038759375 0.210937209375 0.12597674375 0.240234884375 0.00097674375 0.1845697671875 0 0.5698232562500001 0.165038759375 0.5419930234375 0.177734884375 0.6284186046875 0.1914062015625 0.6313465109374999 0.23242170468749998 0.6196279062500001 0.2460930234375 0.5522465109375 0.2548821703125 0.5361325578125 0.272460465625 0.5361325578125
4 0.40429612343750004 1 0.412110078125 0.9946279062500001 0.37304651093749996 0.9389651156250001 0.3564449609375 0.8906255812499999 0.3457038765625 0.8979488375000001 0.33984341093750003 0.93017674375 0.3085937984375 0.9946279062500001 0.31347596875 1 0.40429612343750004 1
