4 0.00097674375 0.11132790625 0.149413953125 0.1757813953125 0.1611333328125 0.158202325 0.170897675 0.158202325 0.2695317828125 0.203613953125 0.273437209375 0.0805674421875 0.32128837187500003 0 0 0.001465115625 0.00097674375 0.11132790625
4 0.68652403125 0 0.708984496875 0.092286046875 0.7324217046875 0.1215813953125 0.7402341078125 0.212402325 0.7539069765625 0.212402325 0.78027286875 0.210937209375 0.9990232562499999 0.1376953484375 1 0.001465115625 0.68652403125 0
4 0.00097674375 0.1142581390625 0 0.5258790703125 0.024413953125000002 0.5419930234375 0.041992248437500004 0.5800790703125001 0.079102325 0.5771488375 0.0996093015625 0.5727534890625 0.0996093015625 0.5493162796875 0.1123054265625 0.5126953484375 0.1298821703125 0.5126953484375 0.13476589218749999 0.5200186046875 0.1230465109375 0.5903325578125 0.10839845 0.6035162796875 0.0810542640625 0.6064441859375 0.07617209375 0.6167 0.07812558124999999 0.6606441859375 0.0917969 0.6606441859375 0.162110078125 0.640137209375 0.1562496125 0.5434581390625 0.162110078125 0.1831046515625 0.00097674375 0.1142581390625
4 0.0019534890625 0.6811534890625001 0.019531782812500002 0.6752930234375001 0.0146480625 0.62402325625 0 0.6254883718750001 0.0019534890625 0.6811534890625001
4 0.037110078125 0.6694325578125 0.054686821875 0.6694325578125 0.062500775 0.6606441859375 0.060547287500000005 0.6079093015625 0.040038759374999996 0.60937441875 0.037110078125 0.6694325578125
4 0.25 0.4584953484375 0.2480465109375 0.43212790625 0.26171937968750003 0.423339534375 0.2539069765625 0.4086906984375 0.2539069765625 0.3647465109375 0.2714837203125 0.3559581390625 0.2695317828125 0.212402325 0.170897675 0.1611325578125 0.16015658906250002 0.1684581390625 0.166015503125 0.4965813953125 0.18652403125 0.45996046562500004 0.2373054265625 0.45117209375 0.2451178296875 0.46582092968750005 0.25 0.4584953484375
4 0.8320310078125001 0.44970697656249997 0.8339844968750001 0.250488371875 0.9755860468750001 0.20800697656249997 0.98437519375 0.212402325 0.9863286828125 0.2534186046875 0.9863286828125 0.45556744218749995 1 0.45556744218749995 0.9990232562499999 0.14062558125 0.7695317828125 0.218262790625 0.7675782953125 0.282713953125 0.7812496125 0.3090813953125 0.7763674421875 0.3251953484375 0.7597658921875 0.326660465625 0.757812403125 0.3793953484375 0.7607426359375 0.38378837187500003 0.7841798453125 0.3544930234375 0.8085937984375 0.3793953484375 0.7851565890625001 0.42626976718750004 0.7832030999999999 0.48193255781250005 0.79882790625 0.484862790625 0.802734884375 0.48193255781250005 0.795897675 0.46289069843749997 0.829102325 0.45996046562500004 0.8320310078125001 0.44970697656249997
4 0.96972713125 0.5625 0.8369147281249999 0.5507813953125 0.8300775187499999 0.5434581390625 0.8320310078125001 0.5024418609375 0.8271488375 0.4951162796875 0.773437209375 0.4965813953125 0.773437209375 0.5288093015625 0.7636713171875 0.5434581390625 0.7714837203125 0.6284186046875 0.8154294578125001 0.6357418609375001 0.835937984375 0.6518558140625 0.8457038765625 0.6752930234375001 0.8408201546875 0.779297675 1 0.8334953484375 0.9990232562499999 0.4980465109375 0.9863286828125 0.49951162812499994 0.9863286828125 0.5551767437499999 0.96972713125 0.5625
4 1 0.45556744218749995 0.9873054265625001 0.4570302328125 0.9863286828125 0.4965813953125 1 0.4965813953125 1 0.45556744218749995
4 0.758789146875 0.49218837187500003 0.772460465625 0.4951162796875 0.8300775187499999 0.49365348906250006 0.829102325 0.45996046562500004 0.7646480625 0.46289069843749997 0.757812403125 0.484862790625 0.758789146875 0.49218837187500003
4 0.819336434375 0.9404302328125 0.75097674375 0.90527441875 0.7392573640625 0.8730465109375001 0.727539534375 0.9023441859375 0.6425782953125 0.9975581390625001 1 0.9975581390625001 0.9990232562499999 0.8496093015625 0.8408201546875 0.7910162796875 0.8281255812499999 0.91552790625 0.819336434375 0.9404302328125
4 0.2626945734375 0.6679697671875 0.2695317828125 0.6840813953125 0.2685550390625 0.665039534375 0.25 0.6665046515624999 0.25097674375 0.67382790625 0.2626945734375 0.6679697671875
4 0.1142573640625 0.9550790703125 0.0732418609375 0.96972558125 0.041992248437500004 0.960937209375 0 0.9653325578124999 0.00097674375 0.9990232562499999 0.3007813953125 0.9975581390625001 0.2714837203125 0.9389651156250001 0.2685550390625 0.8935558140625 0.165038759375 0.960937209375 0.1142573640625 0.9550790703125
4 0.23925736406250003 0.665039534375 0.2216790703125 0.670897675 0.2060542640625 0.68847674375 0.165038759375 0.68847674375 0.15527286875 0.7089837203125 0.1279302328125 0.70312558125 0.1220697671875 0.6855465109375001 0.079102325 0.694334884375 0.0810542640625 0.711913953125 0.10839845 0.7148441859375 0.10937519375 0.7221674421875 0.071288371875 0.7470697671875 0.038085271875 0.75 0.03222635625 0.788086046875 0.027344185937499998 0.7866209296875 0.025390698437499998 0.7543953484375 0.019531782812500002 0.7456046515625 0.019531782812500002 0.7133790703125 0.00097674375 0.7148441859375 0 0.9243162796875 0.0058589140625 0.9243162796875 0.1201178296875 0.820311628125 0.2685550390625 0.8232418609375 0.2714837203125 0.6958 0.23925736406250003 0.665039534375
4 0.49706976718749996 0 0.4902341078125 0.030762790625 0.4941410859375 0.5756837203125 0.4902341078125 0.962402325 0.49316434062500003 0.9960930234375001 0.5312496125 0.9975581390625001 0.5351565890625001 0.6020511625 0.541015503125 0.5815418609375 0.5332030999999999 0.3090813953125 0.539062015625 0.3002930234375 0.5097658921875 0.282713953125 0.5097658921875 0.2299813953125 0.5195317828125 0.2065418609375 0.5175782953125 0.13037209375 0.5292961234375 0.0131837203125 0.5263674421875 0.0205069765625 0.522460465625 0 0.49706976718749996 0
4 0.2695317828125 0.8862302328125 0.2695317828125 0.8305674421875 0.2626945734375 0.820311628125 0.163085271875 0.82617209375 0.1220697671875 0.820311628125 0 0.93017674375 0.00097674375 0.9638674421875001 0.040038759374999996 0.9580069765625 0.0517581390625 0.9667976749999999 0.07812558124999999 0.9653325578124999 0.1220697671875 0.9521488375 0.163085271875 0.960937209375 0.2353519375 0.9169930234375 0.2695317828125 0.8862302328125
4 0.07812558124999999 0.6958 0.0830077515625 0.711913953125 0.10351627968749999 0.7104488375 0.0966790703125 0.7001953484375 0.084961240625 0.70312558125 0.0810542640625 0.68847674375 0.07812558124999999 0.6958
4 0.039062015625 0.72802790625 0.055663565625 0.71777441875 0.060547287500000005 0.7045906984375 0.038085271875 0.70312558125 0.039062015625 0.72802790625
4 0 0.7426767437499999 0.019531782812500002 0.7456046515625 0.01660155 0.7060558140625 0 0.719237209375 0 0.7426767437499999
