4 0.6982429375 0.054227451562499994 0.679686440625 0.039313725 0.6650395484375 0 0.45117231562500004 0.0094901953125 0.5634774015625 0.124725490625 0.604491525 0.103031371875 0.6367175140625 0.123368628125 0.83788983125 0.0013568625 0.721680790625 0 0.7226553671875 0.0311803921875 0.6982429375 0.054227451562499994
4 0.0009774015625 0 0 0.741568628125 0.007813559375 0.741568628125 0.4072259890625 0.6209098046875 0.4199209046875 0.51380784375 0.450194915625 0.5070313718749999 0.47461016875000006 0.4731372546875 0.47070338906250003 0.3565490203125 0.479491525 0.3470588234375 0.5410169484375 0.3701058828125 0.54687570625 0.48940784375 0.5556638421875 0.50160784375 0.5644519781249999 0.12879215625 0.456053671875 0.024403921875 0.445313559375 0.1098117640625 0.42285028281250003 0.1193019609375 0.4199209046875 0.06100784375 0.4023446328125 0.0447372546875 0.4199209046875 0.012199999999999999 0.41113276875000004 0 0.0009774015625 0
4 0.6992175140625 0.10167843125 0.679686440625 0.10438823593749999 0.6894519781249999 0.1098117640625 0.6992175140625 0.10167843125
4 0.7470706218750001 0.1193019609375 0.674805084375 0.11387843125 0.6240225984375 0.1301490203125 0.604491525 0.1084549015625 0.5683587578125 0.1315019609375 0.5605480218750001 0.5002509796875 0.570313559375 0.4975411765625 0.5791016953125 0.4473803921875 0.57812429375 0.55719215625 0.6054689265625 0.5626156859375 0.6220706218750001 0.479917646875 0.71386723125 0.48262745156250003 0.73437570625 0.440603921875 0.7470706218750001 0.1193019609375
4 0.6269519781249999 0.4866941171875 0.6396497171875 0.5721058828125 0.6542966109374999 0.568039215625 0.666991525 0.5205882359375 0.6933587578125 0.527368628125 0.708008475 0.580239215625 0.7607429375 0.5341450984375 0.7744152546875 0.5883725484375 0.846680790625 0.5992196078124999 0.8662118640625 0.566682353125 0.8798841812499999 0.566682353125 0.9150395484375 0.6236196078125 0.9472655375000001 0.6304000000000001 0.9462881359375 0.5341450984375 0.7255847453125 0.51516470625 0.7119152546875 0.479917646875 0.6269519781249999 0.4866941171875
4 0.9316412421875 0.765968628125 0.9365225984375 0.7402117640625 0.8486327687499999 0.70496470625 0.83788983125 0.9042509796875 0.8261723156249999 0.9232313718749999 0.8613276843750001 0.9449215687500001 0.8662118640625 0.8269764703125 0.9687514125 0.820196078125 0.9667966109374999 0.7903725484375 0.9316412421875 0.765968628125
4 0.62011581875 0.7185215687500001 0.632813559375 0.741568628125 0.6191412421875 0.806639215625 0.7187514125 0.8662901953125001 0.7285169484375 0.668360784375 0.5732429375 0.6182000000000001 0.5683587578125 0.6873372546875001 0.62011581875 0.7185215687500001
4 0.5800790953125 0.909674509375 0.5771497171875 1 0.85937570625 0.9991490203125 0.612305084375 0.8161294124999999 0.5996101687500001 0.8229098046875001 0.60937570625 0.8906941171874999 0.5800790953125 0.909674509375
4 1 0.47042745156250004 0.958008475 0.4717843140625 0.9492175140624999 0.5355019609375 0.960937853125 0.7225882359375 0.9853502828125 0.7293647062499999 1 0.7605450984375 1 0.47042745156250004
4 0.9804689265625001 0.0284705875 0.9570310734374999 0.41890980468750005 0.9570310734374999 0.443313725 0.97461016875 0.44602352968750003 1 0.440603921875 0.9990225984375 0 0.98437570625 0.004066667187499999 0.9804689265625001 0.0284705875
