4 0.00022945781250000003 0.08837209375 0.0184031 0.08837209375 0.1652527125 0.0708046515625 0.20465116249999998 0.0030581390625 0.20465116249999998 0.0019511625000000002 0.0011906984375 0.0004906984375 0.00022945781250000003 0.08837209375
4 0.39472248125 0 0.3356077515625 0.06541395312500001 0.32779534843749997 0.0976418609375 0.36197519375 0.1606302328125 0.55142790625 0.2778162796875 0.5808480625 0.28139534843749997 0.5899410859375 0.28139534843749997 0.8736930234375 0.18406744218749999 0.8852713171875 0.01707674375 0.8852713171875 0.0009581390625 0.5638589140625 0 0.39472248125 0
4 0.1929829453125 0.179739534375 0.20492558125000002 0.1837209296875 0.21237674375 0.1837209296875 0.3111457359375 0.0815953484375 0.3150527125 0.052297675 0.32677209375 0.049369767187500004 0.33458449687499997 0.0581581390625 0.3875969 0.0017720937499999998 0.3875969 0.0010465109375 0.20372403125 0.005423256249999999 0.16368527187499998 0.0713418609375 0.1929829453125 0.179739534375
4 0 0.1598441859375 0.0036263562499999997 0.1598441859375 0.1647581390625 0.12615348906249998 0.17452403125 0.12322325625 0.17674418593750002 0.1154534890625 0.17674418593750002 0.1110511625 0.1628062015625 0.0734186046875 0.0006961234375 0.0909953484375 0 0.14009302343750002 0 0.1598441859375
4 0.3858806203125 0.28837209375 0.3954589140625 0.28837209375 0.39870542656249996 0.2879302328125 0.40775193749999994 0.2526488375 0.40775193749999994 0.245888371875 0.4055410859375 0.2337302328125 0.261010853125 0.14290930156249998 0.21120620156249997 0.1883209296875 0.2805410859375 0.23666046562499998 0.3858806203125 0.28837209375
4 0.3004821703125 0.1674418609375 0.2949782953125 0.14542325625000002 0.28228217031249997 0.14102790625 0.27837674375 0.12344883749999999 0.26372713124999997 0.1424930234375 0.26665736406249996 0.1527465109375 0.2978294578125 0.1674418609375 0.3004821703125 0.1674418609375
4 0.5720930234375 0.29636976718749997 0.5720930234375 0.291586046875 0.5656697671875001 0.2847046515625 0.37035813906250004 0.164588371875 0.36059224843750004 0.16165813906249998 0.340085271875 0.17777209375 0.3625457359375 0.2056046515625 0.37231162812499996 0.20267441874999997 0.42699845 0.23197209375 0.5031705421875 0.2788465109375 0.5187953484375 0.2993534890625 0.5246542640625 0.29642325625 0.522702325 0.3022837203125 0.5663085265625 0.31162790625 0.570640309375 0.31162790625 0.5720930234375 0.29636976718749997
4 0.8992573640625 0 0.8924961234375001 0.0072441859375 0.8789457359374999 0.23953488437499998 0.9012682171874999 0.23953488437499998 0.9984496125 0.20984186093749999 0.9984496125 0 0.8992573640625 0
4 0.5231410859375 0.57047441875 0.5241178296875 0.58072790625 0.7213829453125 0.6041674421875001 0.7448201546875 0.6041674421875001 0.7682573640625 0.5895186046875 0.8620077515625001 0.6041674421875001 0.8717736437499999 0.6129558140625 0.8854449609374999 0.5953767437499999 0.8991178296875001 0.5953767437499999 0.911812403125 0.6144209296875001 0.9196248062500001 0.673013953125 0.93352713125 0.6860465109375 0.9355069765625 0.6860465109375 0.9401333328125 0.6569 0.9704062015625 0.6525069765625 0.972359690625 0.5646162796875001 0.9694294578125 0.5426418609375 0.9401333328125 0.5397139531249999 0.933297675 0.5294581390624999 0.9352496125 0.45035813906250005 0.9401333328125 0.43424418593749997 0.9984496125 0.42707441875 0.9984496125 0.21751395312500002 0.8776325578125 0.2467441859375 0.8747038765624999 0.1984046515625 0.8600542640625 0.19400930156250001 0.5944294578125 0.2848302328125 0.5807581390625 0.2936186046875 0.57392248125 0.3185209296875 0.550485271875 0.344888371875 0.5485317828125 0.374186046875 0.5553674421875 0.39322790625000004 0.6032186046875 0.39762325625 0.6032186046875 0.48844418593750005 0.54560155 0.49576744218749996 0.5348589140625 0.5558255812499999 0.5231410859375 0.57047441875
4 0.3975906984375 0.29520465156250003 0.362435659375 0.2864162796875 0.3243488375 0.355262790625 0.32532558125 0.38309534843750004 0.42884186093750004 0.353797675 0.44739534843750006 0.3640534890625 0.44739534843750006 0.384560465625 0.45423255781250005 0.394813953125 0.47376279062500004 0.3889558140625 0.5011069765625 0.394813953125 0.5040372093750001 0.5808488374999999 0.5842806203124999 0.58837209375 0.5924403093749999 0.58837209375 0.5792325578125 0.5852441859375 0.5704434109375 0.5662 0.5958341078125 0.557411628125 0.5938806203125 0.5398325578125001 0.609302325 0.5109162796875 0.609302325 0.50982558125 0.6036465109375 0.49002790625000003 0.5577472875 0.49442325625 0.5450527125 0.48710000000000003 0.5450527125 0.3992093015625 0.599739534375 0.3904186046875 0.581184496875 0.3596581390625 0.57532558125 0.3743069765625 0.5704434109375 0.369911628125 0.5704434109375 0.33182558125 0.5802077515625 0.32303720937499997 0.5772790703124999 0.3186418609375 0.536263565625 0.315711628125 0.41712248125 0.24246976718750002 0.3975906984375 0.29520465156250003
4 0 0.44342558125 0.153010853125 0.45116279062500003 0.1737829453125 0.45116279062500003 0.1783519375 0.4360837203125 0.262336434375 0.44194418593749996 0.272102325 0.4331534890625 0.2965162796875 0.399462790625 0.356589146875 0.2831930234375 0.356589146875 0.2819511625 0.324837209375 0.260302325 0.31507131718750003 0.2778813953125 0.3033519375 0.251513953125 0.2760077515625 0.2544441859375 0.2740558140625 0.2397953484375 0.2506170546875 0.21928604687500003 0.11975813906249999 0.1460441859375 0.0006170546875 0.17534186093749998 0 0.34492790625 0 0.44342558125
4 0 0.8875465109375 0.000697675 0.9953488374999999 0.15177519374999998 0.9953488374999999 0.1823410859375 0.9724232562499999 0.16183410781250002 0.9943953484374999 0.29712092968750003 0.9953488374999999 0.57882790625 0.9953488374999999 0.6279069765624999 0.8962488375 0.6279069765624999 0.887186046875 0.6276542640625 0.8845325578125 0.5026542640625 0.8288697671874999 0.49581860468750005 0.818613953125 0.49581860468750005 0.7424418609375001 0.48702945781249996 0.7351186046875 0.45187286875000005 0.729260465625 0.44406046562499996 0.7204697671875 0.4167162796875 0.7204697671875 0.4108573640625 0.732188371875 0.3952325578125 0.7234 0.3864434109375 0.73072325625 0.382536434375 0.7600209296875 0.3717953484375 0.761486046875 0.365934884375 0.732188371875 0.3112480625 0.7234 0.3083178296875 0.7424418609375001 0.29757674375 0.746837209375 0.2946465109375 0.721934884375 0.288787596875 0.7190046515625 0.28683410781249996 0.6809186046875 0.290739534375 0.660411628125 0.304412403125 0.6486930234375 0.26437364375 0.6296511625 0.2487472875 0.6325790703124999 0.2389829453125 0.6648069765625 0 0.8447744187499999 0 0.8875465109375
4 0.21306666718749998 0.4792186046875 0.26482480625 0.4777534890625 0.2651162796875 0.46942558125 0.2651162796875 0.449839534375 0.180840309375 0.4396674421875 0.179863565625 0.52902325625 0.2003705421875 0.530488371875 0.2081829453125 0.5509953484375 0.219902325 0.5509953484375 0.227714728125 0.530488371875 0.23552713125000002 0.530488371875 0.2404093015625 0.5378116281249999 0.2404093015625 0.6279069765624999 0.26139224843750003 0.6279069765624999 0.2651162796875 0.6260441859375 0.2651162796875 0.52607441875 0.21599534843749998 0.52462790625 0.21306666718749998 0.4792186046875
