4 0.5478502828125 0 0.585937853125 0.0474509796875 0.585937853125 0.08540784375 0.5556638421875 0.12743529375 0.523437853125 0.123368628125 0.5332033890625001 0.2128431375 0.5224604515625 0.22233333281249998 0.5019519781249999 0.2155568625 0.5117175140625 0.1342156859375 0.4755847453125 0.1220117640625 0.45117231562500004 0.07998431406249999 0.45898305156249997 0.036603921875 0.49902259843749996 0 0.1367175140625 0.0013568625 0.354491525 0.290117646875 0.679686440625 0.2968980390625 0.8916016953125 0 0.5478502828125 0
4 0.1181638421875 0 0 0.0013568625 0.001951978125 0.9639019609374999 0.3457033890625 0.6629372546875001 0.33788983125 0.4866941171875 0.34961016875 0.2968980390625 0.1181638421875 0
4 0.4541016953125 0.37688235312499996 0.4599604515625 0.455513725 0.481446328125 0.4121333328125 0.5117175140625 0.4270431375 0.5029293781249999 0.52872156875 0.4726553671875 0.5219450984375 0.476562146875 0.4731372546875 0.45898305156249997 0.4622941171875 0.45117231562500004 0.6358235296875 0.5214830515625 0.6385333328125 0.5253898312499999 0.29960784375 0.3505847453125 0.2982549015625 0.34863276875000004 0.3741725484375 0.4541016953125 0.37688235312499996
4 0.6162118640625 0.3579058828125 0.606446328125 0.349768628125 0.5878898312499999 0.36739607812499997 0.581053671875 0.4284 0.5634774015625 0.4175568625 0.5664067796875 0.4378901953125 0.5517570625 0.4473803921875 0.543946328125 0.4284 0.5332033890625001 0.4324666671875 0.5312514125 0.595152940625 0.543946328125 0.6127764703125 0.6621101687500001 0.6141333328125 0.664062146875 0.3457019609375 0.6494152546875 0.33079215624999997 0.612305084375 0.338925490625 0.6162118640625 0.3579058828125
4 0.5869152546875 0.4284 0.604491525 0.3958627453125 0.6396497171875 0.37688235312499996 0.6494152546875 0.34163529375 0.6621101687500001 0.353839215625 0.6582033890625001 0.3240117640625 0.534180790625 0.3226549015625 0.5292966109374999 0.4378901953125 0.539062146875 0.45416078437499996 0.5605480218750001 0.44602352968750003 0.5693361578125 0.3850196078125 0.5820310734375 0.3863725484375 0.5869152546875 0.4284
4 1 0.0013568625 0.903319209375 0 0.6894519781249999 0.2968980390625 0.6875 0.6331098046875 0.7148446328125 0.6493803921875 0.721680790625 0.5612588234375 0.8388672312500001 0.5775294125 0.8457033890625001 0.70360784375 0.83788983125 0.8147764703125 0.9707033890625001 0.9286549015625001 0.98437570625 0.920517646875 0.9707033890625001 0.909674509375 0.9755847453125 0.881203921875 1 0.893403921875 1 0.0013568625
4 0.6767570625 0.30367843125 0.664062146875 0.31858823593749996 0.6660169484375 0.6141333328125 0.534180790625 0.6182000000000001 0.5312514125 0.6385333328125 0.6630847453125 0.6426000000000001 0.7128898312499999 0.692760784375 0.7148446328125 0.6602235296875001 0.6855480218750001 0.6249764703125 0.6894519781249999 0.3077450984375 0.6767570625 0.30367843125
4 0.534180790625 0.3226549015625 0.570313559375 0.32130196093749996 0.66113276875 0.31723529375 0.6816412421875 0.30232156875 0.5292966109374999 0.30232156875 0.534180790625 0.3226549015625
4 0.5253898312499999 0.6737803921875 0.52636723125 0.6371764703125 0.4492175140625 0.641247059375 0.450194915625 0.669713725 0.5253898312499999 0.6737803921875
4 0.673827684375 0.7252980390625 0.6728502828125 0.70496470625 0.70312429375 0.695474509375 0.6708983046875 0.653447059375 0.5771497171875 0.6453137250000001 0.534180790625 0.6480235296875 0.528319209375 0.680560784375 0.34863276875000004 0.669713725 0 0.97203529375 0.0009774015625 0.9977960781249999 1 0.9964392156249999 0.9990225984375 0.9733921562500001 0.8251949156249999 0.8161294124999999 0.7275395484375 0.7998627453125 0.673827684375 0.7252980390625
