4 0.47357209375 0.47793953437500003 0.4804077515625 0.4794046515625 0.484313178125 0.45596511562500003 0.4784542640625 0.43252790625 0.4784542640625 0.37686511562499997 0.4872434109375 0.3314534890625 0.50579845 0.3358488375 0.513610853125 0.37979534843749996 0.5097038765625 0.423739534375 0.515564340625 0.42960000000000004 0.515564340625 0.44717674374999994 0.5018914734375 0.45303720937499997 0.5077503875 0.45889534843749996 0.5048217046875 0.4662209296875 0.48236124062499997 0.47647441874999996 0.499937984375 0.49405116250000003 0.5018914734375 0.5174906984375001 0.484313178125 0.5233488375 0.49114883750000005 0.5365325578125 0.4804077515625 0.5350674421875 0.47943100781250003 0.5130953484375 0.468688371875 0.5233488375 0.47552403125 0.533602325 0.465759690625 0.5365325578125 0.45892248125 0.5233488375 0.45306356562500005 0.587802325 0.4481813953125 0.592197675 0.4481813953125 0.58047674375 0.4413441859375 0.587802325 0.4413441859375 0.6288186046875001 0.454040309375 0.6361418609375 0.5380248062499999 0.633211628125 0.531189146875 0.6405372093749999 0.5477906984375001 0.642002325 0.5575550390624999 0.6537209296875 0.5663441859375 0.6522558140625 0.560485271875 0.6376069765625 0.5653689921875 0.633211628125 0.6200558140625 0.6361418609375 0.6259147281249999 0.6537209296875 0.6532589140625 0.6595790703125 0.6513054265625 0.67422790625 0.670837209375 0.6830162796875 0.6800310078125 0.70232558125 0.6846 0.70232558125 0.685485271875 0.702060465625 0.693297675 0.658113953125 0.716734884375 0.6463953484375 0.7138062015625 0.58047674375 0.7040403093750001 0.592197675 0.7001333328125 0.5687581390625 0.6747426359375 0.5687581390625 0.671813953125 0.546786046875 0.6591178296875 0.5423930234375 0.655212403125 0.5629 0.6161488375 0.5687581390625 0.6122434109375 0.586337209375 0.608336434375 0.571688371875 0.5819705421875 0.55557441875 0.5888062015625 0.5453209296875 0.5438837203125 0.539462790625 0.546813953125 0.5233488375 0.5272821703125 0.5116302328125 0.5350945734375 0.4881930234375 0.530212403125 0.4808674421875 0.5360713171875 0.47793953437500003 0.5390015499999999 0.49405116250000003 0.5429069765625 0.49112325625000003 0.5429069765625 0.4794046515625 0.5331410859375 0.47354418593750003 0.5409534890625001 0.45596511562500003 0.5390015499999999 0.3094813953125 0.5653689921875 0.2875093015625 0.6688837203125 0.240634884375 0.67962635625 0.265537209375 0.6835317828125 0.3885837203125 0.686462015625 0.398837209375 0.6952511625 0.400302325 0.6981813953125 0.4164162796875 0.7040403093750001 0.398837209375 0.7147829453125001 0.40909069843749996 0.7216186046875 0.3754 0.7460325578125 0.3651465109375 0.7460325578125 0.2567465109375 0.7684930234375 0.2289162796875 0.7821658921875 0.22598604687499999 0.7870480625 0.2860441859375 0.794860465625 0.30655116250000003 0.7899782953125001 0.337313953125 0.9403689921874999 0.3109465109375 0.943297675 0.4442465109375 0.9677116281249999 0.44864186093749997 0.9794310078124999 0.4808674421875 0.9968992249999999 0.4887302328125 0.9968992249999999 0.0033186046875 0.4169302328125 0.0004 0.4100945734375 0.00772325625 0.4120480625 0.0458093015625 0.4247426359375 0.0648534890625 0.44036899218750003 0.07657209375 0.454040309375 0.0736418609375 0.45892248125 0.08389534843749999 0.46087596875000003 0.28018604687500004 0.4550170546875 0.43252790625 0.4618527125 0.44864186093749997 0.46966511562499996 0.44571162812500004 0.468688371875 0.45596511562500003 0.476500775 0.45889534843749996 0.47357209375 0.47793953437500003
4 0.5378961234374999 0.3595534890625 0.533013953125 0.3639488375 0.533013953125 0.41082325624999994 0.5261782953125 0.4386558140625 0.515435659375 0.4284 0.5125054265625 0.3683418609375 0.50762325625 0.419611628125 0.4910217046875 0.42693488437499993 0.484186046875 0.419611628125 0.48223255781249996 0.35222790625 0.4734434109375 0.347834884375 0.4656310078125 0.37127209375 0.45684186093749996 0.36687674375 0.4578186046875 0.3214674421875 0.41973333281249997 0.3405093015625 0.4177798453125 0.47527674375 0.437310078125 0.49871395312500005 0.43828682187499995 0.661311628125 0.451959690625 0.6583813953125001 0.45879534843750003 0.639337209375 0.467584496875 0.6349441859375 0.532037209375 0.646662790625 0.592584496875 0.6700999999999999 0.657037209375 0.6788883718750001 0.6775457359375 0.700862790625 0.68047441875 0.7199046515624999 0.685260465625 0.7209302328125 0.6873643406250001 0.7209302328125 0.69512248125 0.6569162796875 0.720513178125 0.6481279062499999 0.720513178125 0.5104325578125 0.7813953484375 0.476186046875 0.7813953484375 0.459413953125 0.77520155 0.4547674421875 0.7722713171875 0.380060465625 0.7410217046875001 0.403497675 0.72637364375 0.4020325578125 0.72832558125 0.38152558124999997 0.749810853125 0.3639488375 0.7439519375 0.24676046562499998 0.737114728125 0.2365069765625 0.7019596906250001 0.23357674374999998 0.679497675 0.24676046562499998 0.6814511624999999 0.484065115625 0.672662015625 0.48846046562499995 0.549615503125 0.5001790703125 0.5378961234374999 0.3595534890625
4 0.241911628125 0.5760023249999999 0.241911628125 0.628737209375 0.210662015625 0.63752558125 0.22140465156250003 0.6477790703124999 0.35812248125 0.6155534890625 0.3704682171875 0.651162790625 0.3708418609375 0.651162790625 0.37277209375 0.567213953125 0.392302325 0.5584255812500001 0.3942558140625 0.4969 0.40499845 0.471997675 0.415739534375 0.4676046515625 0.4170542640625 0.3789 0.4170542640625 0.33537441874999996 0.367888371875 0.3050069765625 0.289762790625 0.293288371875 0.2858573640625 0.307937209375 0.2760914734375 0.2962186046875 0.257536434375 0.3357674421875 0.2614434109375 0.379713953125 0.24972403124999998 0.4002209296875 0.25167751875 0.4178 0.2624201546875 0.401686046875 0.321013953125 0.4134046515625 0.3239426359375 0.5086209296875001 0.25851317812499996 0.513013953125 0.257536434375 0.5554953484375 0.241911628125 0.5760023249999999
4 0.18913488437499998 0.6139 0.2070961234375 0.6465116281250001 0.21560155 0.6465116281250001 0.2184325578125 0.64612558125 0.358139534375 0.608288371875 0.358139534375 0.5864790703125 0.35612713125 0.5391930234375 0.3365953484375 0.536262790625 0.3209705421875 0.51282558125 0.2643302328125 0.51282558125 0.25554108593749997 0.5055 0.253587596875 0.42346976718749996 0.2594480625 0.36780465156250003 0.27702635625 0.309211628125 0.2653069765625 0.3033511625 0.2643302328125 0.2843093015625 0.23698604687499997 0.269660465625 0.062888371875 0.21162790625 0.0611906984375 0.21162790625 0.05827596875 0.3209302328125 0.0709705421875 0.3604813953125 0.07487751875000001 0.35169302343750003 0.090502325 0.35169302343750003 0.1930418609375 0.37659534843750003 0.190111628125 0.5391930234375 0.07878294531249999 0.5421209296875 0.0758542640625 0.5084302328125 0.0690186046875 0.504034884375 0.064134884375 0.5142906984375 0.064134884375 0.5611651156249999 0.174486821875 0.5567697671875 0.1793689921875 0.5933906984374999 0.18913488437499998 0.6139
4 0 0.0648162796875 0.0008093015625 0.258011628125 0.045731782812499996 0.258011628125 0.0574511625 0.2082069765625 0.23713798437500003 0.26387209375 0.24592713125 0.25947674374999996 0.23713798437500003 0.243362790625 0.26057519375 0.23164418593749997 0.407060465625 0.296097675 0.4158496125 0.30342325625 0.391435659375 0.304888371875 0.3904589140625 0.3180697671875 0.41716279062500006 0.3255813953125 0.4246062015625 0.3255813953125 0.45491162812499997 0.312211628125 0.455813953125 0.2946162796875 0.455813953125 0.2725488375 0.45198139531250003 0.266802325 0.0007302328125 0.025581395312499998 0 0.025581395312499998 0 0.0648162796875
4 0.048094573437499996 0.2577697671875 0.044187596875 0.266560465625 0.0002418609375 0.262165115625 0.0002418609375 0.36177441875 0.0158666671875 0.36763255781250004 0.0178201546875 0.423297675 0.0158790703125 0.8162790703124999 0.039914728125 0.8162790703124999 0.0461410859375 0.814411628125 0.05297674375 0.7982976749999999 0.05297674375 0.6400953484375 0.062015503125 0.621113953125 0.062015503125 0.601634884375 0.048094573437499996 0.2577697671875
4 0.838759690625 0.99672790625 0.7643922484375001 0.9489209296875 0.75462635625 0.9489209296875 0.743885271875 0.97382325625 0.748561240625 0.99767441875 0.8139658921875 0.99767441875 0.838759690625 0.99727441875 0.838759690625 0.99672790625
4 0.0011488375 0.99767441875 0.37824030937500003 0.99767441875 0.5953488375 0.997139534375 0.5953488375 0.996113953125 0.5890449609374999 0.9839558140625 0.507012403125 0.9165720937499999 0.3781069765625 0.8228209296875001 0.3712713171875 0.8067093015625 0.3771302328125 0.7803418609375 0.3605286828125 0.7671581390625 0.208184496875 0.831611628125 0.20037209374999998 0.8667674421875 0.061700775 0.9341511625000001 0.0509581390625 0.9268255812499999 0.0490046515625 0.824286046875 0.036310078125 0.8198930234375 0.00017674375 0.8360046515624999 0.0011488375 0.99767441875
4 0.39868682187500004 0.3325581390625 0.413513178125 0.3325581390625 0.416113178125 0.33232790625 0.430761240625 0.32793488437499996 0.4356434109375 0.3147511625 0.41513643437500003 0.298637209375 0.24912092968750002 0.22539534843750003 0.2061519375 0.2166069765625 0.1934558140625 0.2297906984375 0.2012682171875 0.2415093015625 0.1895503875 0.24443720937500002 0.2959953484375 0.2927790703125 0.299902325 0.3015674421875 0.31552713125 0.298637209375 0.3936511625 0.32500465156249997 0.39868682187500004 0.3325581390625
4 0.18476744218750002 0.2699534890625 0.181837209375 0.28313720937500003 0.2023457359375 0.313897675 0.346913178125 0.3348837203125 0.35546666718750003 0.3348837203125 0.3689922484375 0.32727674375000004 0.3689922484375 0.3261488375 0.36445426406250003 0.313897675 0.2414077515625 0.2699534890625 0.20039224843749998 0.261162790625 0.18476744218750002 0.2699534890625
4 0.40015969062499995 0.6767441859375001 0.43565581406250004 0.6627325578125001 0.43565581406250004 0.495739534375 0.4288201546875 0.49134651093750004 0.3965937984375 0.495739534375 0.39268682187500004 0.6715209296875 0.397910078125 0.6767441859375001 0.40015969062499995 0.6767441859375001
