4 0.25488418125 0.1301490203125 0.5644519781249999 0.1315019609375 0.737305084375 0.1301490203125 0.8261723156249999 0.0013568625 0.1582033890625 0.0013568625 0.25488418125 0.1301490203125
4 0.8369152546875 0 0.8076158187500001 0.024403921875 0.7392570625 0.1301490203125 0.5732429375 0.1328588234375 0.24511581875 0.1301490203125 0.15527401093749998 0.0054235296874999995 0.013672315625 0.0094901953125 0.009765537500000001 0.06100784375 0.020508475 0.10032156875 0.104491525 0.10032156875 0.2949209046875 0.28876470625 0.2900395484375 0.3063882359375 0.248048021875 0.31587843125 0.25097740156250004 0.37959607812499996 0.5820310734375 0.38095294062499996 0.7509774015625 0.37688235312499996 0.997070621875 0.2738509796875 1 0.004066667187499999 0.8369152546875 0
4 0.0146497171875 0.2846980390625 0.242186440625 0.3755294125 0.23144632812500002 0.2846980390625 0.0175790953125 0.12879215625 0.007813559375 0.1965764703125 0.0146497171875 0.2846980390625
4 0.0771497171875 0.4121333328125 0.12011581874999999 0.4229764703125 0.12597740156249998 0.46364705937500006 0.13964971718750002 0.43382352968750004 0.1708983046875 0.43382352968750004 0.1806638421875 0.46907058749999997 0.1962881359375 0.4284 0.2255847453125 0.43924705937499997 0.23144632812500002 0.4175568625 0.23730508437500003 0.43924705937499997 0.2441412421875 0.3863725484375 0.020508475 0.292831371875 0.0039067796875 0.465003921875 0.013672315625 0.4731372546875 0.018553671875 0.4609372546875 0.0244152546875 0.4717843140625 0.075194915625 0.46364705937500006 0.0771497171875 0.4121333328125
4 0 0.6141333328125 0.007813559375 0.6141333328125 0.09375141249999999 0.5870156859375 0.05957062187499999 0.56939215625 0.0009774015625 0.49889803906249997 0 0.6141333328125
4 0.195313559375 0.47042745156250004 0.1523446328125 0.5734588234375 0.2441412421875 0.5463450984375 0.242186440625 0.3863725484375 0.12011581874999999 0.338925490625 0.111327684375 0.3592588234375 0.125 0.3945098046875 0.111327684375 0.413486275 0.1210932203125 0.42162352968750005 0.1181638421875 0.4609372546875 0.018553671875 0.455513725 0.013672315625 0.28876470625 0.0009774015625 0.2819843140625 0 0.4758509796875 0.05957062187499999 0.55583529375 0.11718644062500001 0.581596078125 0.1601553671875 0.5409254906250001 0.20214971718750002 0.4256901953125 0.210937853125 0.4622941171875 0.195313559375 0.47042745156250004
4 0.25097740156250004 0.5477019609375 0.528319209375 0.5477019609375 0.5595706218750001 0.51516470625 0.5732429375 0.51516470625 0.58886723125 0.54499215625 0.7148446328125 0.5463450984375 0.742186440625 0.5409254906250001 0.7392570625 0.3823058828125 0.248048021875 0.3863725484375 0.25097740156250004 0.5477019609375
4 0.778319209375 0.401286275 0.784180790625 0.4148431375 0.8125 0.4162 0.8125 0.4731372546875 0.784180790625 0.479917646875 0.7675790953125 0.5110980390625001 0.7812514125 0.5219450984375 0.784180790625 0.55583529375 1 0.6249764703125 0.9990225984375 0.276560784375 0.76562429375 0.37823921562499996 0.7724604515625 0.4121333328125 0.778319209375 0.401286275
4 0.757813559375 0.443313725 0.7714830515625 0.44602352968750003 0.7675790953125 0.3836627453125 0.7509774015625 0.37959607812499996 0.742186440625 0.41077647031250003 0.7441412421875 0.5382117640625 0.7910169484375 0.55719215625 0.773437853125 0.50296470625 0.7812514125 0.48127450937500005 0.7558587578125 0.47042745156250004 0.757813559375 0.443313725
4 0.3271497171875 0.8513803921875001 0.2617175140625 0.9910156859375 0.6914067796875 0.9991490203125 0.6992175140625 0.9910156859375 0.6767570625 0.883913725 0.333008475 0.8974705875 0.3271497171875 0.8513803921875001
