4 0.30761581875 0.1464156859375 0.2792966109375 0.08540784375 0.2978502828125 0 0 0.0013568625 0.002929378125 0.027113724999999998 0.2900395484375 0.187086275 0.3320310734375 0.1938666671875 0.64062429375 0.0013568625 0.3056638421875 0 0.3164067796875 0.07185097968750001 0.30761581875 0.1464156859375
4 0.06738418125 0.187086275 0.09961016875 0.1884431375 0.1289067796875 0.15319215625 0 0.0962549015625 0.002929378125 0.13556862812499998 0.06738418125 0.187086275
4 0 0.264360784375 0.0556638421875 0.2575843140625 0.0683587578125 0.34299215625 0.056641242187499996 0.7849490203125 0.058593220312500006 0.806639215625 0.070313559375 0.806639215625 0.215819209375 0.7510588234375 0.22461016875 0.7198745093750001 0.248048021875 0.7008980390625 0.25 0.6331098046875 0.27538983125 0.6141333328125 0.273437853125 0.41890980468750005 0.3212881359375 0.4175568625 0.34375141249999996 0.3863725484375 0.3339830515625 0.3701058828125 0.3505847453125 0.3470588234375 0.3789067796875 0.353839215625 0.3632824859375 0.34027843125 0.3691412421875 0.3321450984375 0.34277401093750004 0.2548705875 0.22949152499999997 0.2114901953125 0.15331920937500002 0.1599725484375 0.137694915625 0.1572627453125 0.09863276875 0.2087764703125 0.05957062187499999 0.2006431375 0.02636723125 0.1735294125 0 0.174886275 0 0.264360784375
4 0.7050790953125 0.5599019609375 0.7041016953125 0.479917646875 0.6132824859375 0.53007843125 0.6142570625 0.553125490625 0.7050790953125 0.5599019609375
4 0.60937570625 0.494831371875 0.6230480218750001 0.51380784375 0.7070310734375 0.44873725468750003 0.7041016953125 0.2711411765625 0.60937570625 0.32943529374999997 0.60937570625 0.494831371875
4 0.60937570625 0.31858823593749996 0.6220706218750001 0.31994509843749996 0.7070310734375 0.24809411718750002 0.7128898312499999 0.150482353125 0.69238418125 0.10574509843749999 0.6552740109374999 0.08405490156249999 0.3642570625 0.23318039218750003 0.3574209046875 0.264360784375 0.39062429375 0.34027843125 0.42285028281250003 0.3118117640625 0.49511581875 0.30096470625 0.6025395484375 0.2575843140625 0.60937570625 0.31858823593749996
4 0 0.9449215687500001 0.007813559375 0.9449215687500001 0 0.9964392156249999 0.020508475 0.9977960781249999 0.028319209374999998 0.967968628125 0.027344632812500002 0.993725490625 0.046875706249999996 0.9991490203125 0.4130847453125 0.9977960781249999 0.45898305156249997 0.91780784375 0.4072259890625 0.9381450984375 0.4257824859375 0.893403921875 0.3994152546875 0.8730705875 0.3369152546875 0.8405333328125 0.2978502828125 0.8649372546875 0.2607429375 0.8486666671875 0.27538983125 0.795796078125 0.3007824859375 0.7903725484375 0.3017570625 0.7591921562499999 0.2880847453125 0.7863058828125 0.2119152546875 0.7890156859374999 0.10644632812499999 0.8866274515624999 0.0087881359375 0.9028941171874999 0.009765537500000001 0.920517646875 0 0.920517646875 0 0.9449215687500001
4 0.7167966109374999 0.24538039218750002 0.75 0.2128431375 0.721680790625 0.16268235312499998 0.7089830515625 0.1884431375 0.7167966109374999 0.24538039218750002
4 0.7480480218750001 0.5843058828125 0.7470706218750001 0.4284 0.7070310734375 0.47042745156250004 0.7050790953125 0.5599019609375 0.7480480218750001 0.5843058828125
4 0.7128898312499999 0.45416078437499996 0.7519519781249999 0.4080666671875 0.7490225984375 0.22504705937499997 0.7070310734375 0.2697843140625 0.7128898312499999 0.45416078437499996
