4 0 0.6610581390625 0.0300496125 0.659602325 0.039815503125 0.6771813953125 0.0652062015625 0.6713209296875 0.07887751875 0.683039534375 0.20387751875000001 0.6683930234375 0.23219845 0.7225906984375 0.2302449609375 0.8104813953125 0.23512713125 0.820734884375 0.236810853125 0.8209302328125 0.24958139531249998 0.8209302328125 0.2741906984375 0.8031581390625 0.28786201562499997 0.8031581390625 0.29762790625 0.81487674375 0.32692403125 0.806088371875 0.6159875968749999 0.683039534375 0.7410852718750001 0.7252255812499999 0.7410852718750001 0.410686046875 0.7409875968749999 0.37542325625 0.707784496875 0.37542325625 0.6999705421875 0.3959302328125 0.6755565890625 0.40032558125 0.6755565890625 0.5116534890625 0.6814170546875 0.5585279062499999 0.6745813953125 0.586360465625 0.6579798453125 0.5819674421875 0.661885271875 0.41204418593750003 0.6384480625 0.3973953484375 0.6384480625 0.3886069765625 0.6579798453125 0.3681 0.6521193796875 0.32122325625000003 0.65602635625 0.2860674421875 0.6452837203125 0.2699558140625 0.631612403125 0.2699558140625 0.62282325625 0.2597 0.6277054265625 0.243588371875 0.6530961234375 0.2406581390625 0.6579798453125 0.2304046515625 0.6579798453125 0.1659511625 0.6530961234375 0.1527674421875 0.6443069765625 0.15130232500000002 0.647237209375 0.1410488375 0.64040155 0.14251395312499998 0.63942480625 0.16448604687499999 0.6257519375 0.16448604687499999 0.6218465109375 0.1762046515625 0.6120806203125 0.17327441875 0.4187209296875 0.020930232812499998 0.381612403125 0.00042325625000000003 0.2859085265625 0.00042325625000000003 0.27907286875000004 0.0194674421875 0.2780961234375 0.06487674375 0.2517286828125 0.0458325578125 0.2517286828125 0.028255814062500002 0.26540155 0.016537209375 0.2663782953125 0.00042325625000000003 0 0.0018860468750000001 0 0.6610581390625
4 0.852713178125 0.00262790625 0.852713178125 0.0019511625000000002 0.81932713125 0.0005209296875 0.8202341078125001 0.020930232812499998 0.8300527125 0.020930232812499998 0.852713178125 0.00262790625
4 0.780215503125 0 0.619537984375 0.0014441859375 0.7038480625 0.10465116249999999 0.7161317828125 0.10465116249999999 0.715240309375 0.10398139531249999 0.7829457359374999 0.0488511625 0.7829457359374999 0.015939534375 0.7826232562500001 0 0.780215503125 0
4 0.5879689921875 0 0.39288062031250004 0.001413953125 0.5657317828124999 0.14057441875 0.6159798453125 0.1720930234375 0.62267441875 0.1720930234375 0.647764340625 0.15522325625 0.6852713171875 0.11338604687500001 0.6852713171875 0.11202325625000001 0.5950713171875 0 0.5879689921875 0
4 0.7465969 0.132186046875 0.7671054265625 0.157088371875 0.777384496875 0.1837209296875 0.7818449609375 0.1837209296875 0.7827302328125 0.1834558140625 0.7829457359374999 0.15529534843749998 0.7829457359374999 0.058867442187499994 0.7798 0.070662790625 0.71827751875 0.11607209375000001 0.723159690625 0.1292558140625 0.7465969 0.132186046875
4 0.8772697671874999 0 0.8328 0.031902324999999995 0.8210806203125 0.023113953125 0.83377674375 0.08317209375 0.839635659375 0.1007511625 0.8438356593749999 0.10232558124999999 0.849840309375 0.10232558124999999 0.9949085265625 0.0201837203125 0.9984496125 0.006376743749999999 0.9984496125 0.00112558125 0.9046976750000001 0 0.8772697671874999 0
4 0.7659922484374999 0.66127209375 0.7591565890624999 0.7037534890625 0.763063565625 0.75062790625 0.7552511625 0.771134884375 0.7552511625 0.9059023249999999 0.7650170546874999 0.9234790703125 0.7650170546874999 0.9469162796875 0.7855906984375001 0.958139534375 0.7860465109375 0.958139534375 0.7860465109375 0.6975906984375 0.76892248125 0.6861744187500001 0.7659922484374999 0.66127209375
4 0.7593581390625 0.625913953125 0.7652170546875 0.634702325 0.7661937984375 0.6596046515625 0.76912403125 0.63177441875 0.7749829453125 0.63177441875 0.7749829453125 0.6813953484375 0.7860465109375 0.6813953484375 0.7860465109375 0.37612558125 0.777913178125 0.366637209375 0.7574046515624999 0.3768906984375 0.7593581390625 0.625913953125
4 0.9984496125 0.99767441875 0.9984496125 0.812797675 0.8836170546875 0.7708209296875 0.8865457359375 0.8543162796875 0.8552961234374999 0.9334186046875 0.8572496125000001 0.9949418609375 0.990265115625 0.99767441875 0.9984496125 0.99767441875
4 1 0.5447953484375 0.9991426359375 0.11413953437499999 0.8809782953124999 0.1712674421875 0.8829317828125 0.7659930234375001 0.9616186046875 0.790697675 0.9672186046875 0.790697675 0.9727751937500001 0.760134884375 0.9864480625000001 0.75427441875 0.9864480625000001 0.622439534375 1 0.6050139531250001 1 0.5447953484375
