4 0.040038759374999996 0.0351558140625 0.431640309375 0.1977534890625 0.430663565625 0 0 0.001465115625 0.0029302328125 0.0175790703125 0.040038759374999996 0.0351558140625
4 0.7812496125 0.06591860468750001 0.79687441875 0.0805674421875 0.802734884375 0.10107441875 0.79492248125 0.1215813953125 0.79492248125 0.1831046515625 0.7812496125 0.1508790703125 0.774413953125 0.149413953125 0.7675782953125 0.16552790625 0.7685550390625 0.20800697656249997 0.7529302328125 0.158202325 0.7216790703125 0.164062790625 0.7001953484375 0.15234418593750002 0.6914062015625 0.139160465625 0.6914062015625 0.12451162812500001 0.7285162796875 0.06884651093750001 0.7353519375 0.038086046875 0.7548821703125 0.03222558125 0.7685550390625 0.0205069765625 0.7705085265625 0.008788371875000001 0.5595705421875 0 0.552734884375 0.0278325578125 0.5546868218750001 0.250488371875 0.6279302328125 0.28710930156250003 0.648437209375 0.28564418593749996 0.9990232562499999 0.1376953484375 1 0.001465115625 0.7841798453125 0.005860465625 0.7812496125 0.06591860468750001
4 0.00097674375 0.0175790703125 0.00097674375 0.102539534375 0.40039069843749997 0.250488371875 0.398437209375 0.6518558140625 0.4101565890625 0.6987302328125 0.42773488437499996 0.6987302328125 0.43359379843749996 0.672362790625 0.43359379843749996 0.20947209375 0.3154294578125 0.149413953125 0.00097674375 0.0175790703125
4 0.5595705421875 0.51562558125 0.54882790625 0.5083 0.5517581390624999 0.533202325 0.5712883718749999 0.5419930234375 0.59277364375 0.539062790625 0.59472713125 0.5507813953125 0.6035162796875 0.5522465109375 0.600586046875 0.4980465109375 0.5966790703125 0.506834884375 0.5654294578125 0.5039069765625 0.5595705421875 0.51562558125
4 1 0.1420906984375 0.647460465625 0.290039534375 0.6298821703125 0.290039534375 0.555663565625 0.2548837203125 0.5507813953125 0.265137209375 0.54882790625 0.3559581390625 0.6035162796875 0.36767674375000003 0.6083984499999999 0.3339837203125 0.7060542640625 0.3076162796875 0.711914728125 0.2929697671875 0.772460465625 0.272460465625 0.78027286875 0.2841790703125 0.8173829453125 0.2695302328125 0.8583984499999999 0.2695302328125 0.9033209296875 0.25195348906250004 0.9130852718750001 0.240234884375 0.9658201546875 0.2314441859375 0.9687503875000001 0.22412092968750003 0.9638666671875 0.21972558125 0.9814449609375 0.210937209375 0.9873054265625001 0.21972558125 0.9892573640625001 0.20800697656249997 1 0.20947209375 1 0.1420906984375
4 0.208984496875 0.6752930234375001 0.2167969 0.6811534890625001 0.23242170468749998 0.672362790625 0.2314449609375 0.6357418609375001 0.20312558125 0.6430674421875 0.208984496875 0.6752930234375001
4 0.25683565937499997 0.8378906984375 0.2373054265625 0.8408209296875 0.163085271875 0.8759767437500001 0.15429612343750002 0.8920906984375 0.15429612343750002 0.9184581390625001 0.162110078125 0.93017674375 0.2626945734375 0.884765115625 0.2675782953125 0.8774418609374999 0.2636713171875 0.8452139531249999 0.25683565937499997 0.8378906984375
4 0.28027286875 0.9023441859375 0.26660154999999996 0.9023441859375 0.15234418593750002 0.968262790625 0.1533209296875 0.9960930234375001 0.2246093015625 0.9975581390625001 0.2939457359375 0.960937209375 0.29882790625 0.9418953484375001 0.291015503125 0.9184581390625001 0.28027286875 0.9023441859375
4 0.1230465109375 0.8012697671875 0.117187596875 0.7895511625 0.12695348906249998 0.7426767437499999 0.1123054265625 0.7412116281250001 0.087889921875 0.7543953484375 0.085937984375 0.889160465625 0.0644527125 0.9243162796875 0.056640309374999996 0.9917 0.0673829453125 0.9990232562499999 0.12109302343749999 0.9975581390625001 0.132812403125 0.9829093015625 0.1289069765625 0.8950186046875 0.12109302343749999 0.8686534890625 0.1230465109375 0.8012697671875
4 0.39160154999999996 0.6562511625 0.3271488375 0.615234884375 0.30468682187499996 0.6958 0.29882790625 0.8188465109375 0.2919922484375 0.82617209375 0.2695317828125 0.8247069765624999 0.28320310000000004 0.8803720937499999 0.3105472875 0.93017674375 0.3144527125 0.9565418609374999 0.2773441859375 0.9917 0.290038759375 0.9990232562499999 0.42773488437499996 0.9975581390625001 0.43359379843749996 0.912597675 0.431640309375 0.7104488375 0.399413953125 0.7001953484375 0.39160154999999996 0.6562511625
4 0.804686821875 0.7602534890625 0.6748046515625 0.70312558125 0.65527286875 0.7060558140625 0.6445317828125 0.6870116281249999 0.64062480625 0.6606441859375 0.633789146875 0.6562511625 0.5810542640625 0.670897675 0.5673829453125 0.6562511625 0.5498046515625 0.6591790703125 0.5507813953125 0.9917 0.56152403125 0.9990232562499999 0.7695317828125 0.9975581390625001 0.7773441859375 0.9887697671875 0.7929689921875 0.8657232562500001 0.804686821875 0.827637209375 0.804686821875 0.7602534890625
4 0.0976558140625 0.28857441875 0.1064449609375 0.2812511625 0.118164340625 0.28710930156250003 0.11914108593749999 0.27392558125 0.0996093015625 0.2680674421875 0.10546821718749999 0.25927674375 0.0996093015625 0.24462790625 0.10546821718749999 0.235839534375 0.101562790625 0.218262790625 0.10937519375 0.212402325 0.0976558140625 0.1918953484375 0.1279302328125 0.193360465625 0.1289069765625 0.1772465109375 0.0966790703125 0.17285116250000002 0.0908201546875 0.20800697656249997 0.0810542640625 0.19628837187499998 0.071288371875 0.2021488375 0.0498046515625 0.1875 0.04492248125 0.203613953125 0.048827906250000004 0.27685581406250004 0.0507813953125 0.2622069765625 0.0595705421875 0.26074186093749996 0.062500775 0.28564418593749996 0.079102325 0.31347674375 0.10937519375 0.31787209375000003 0.1123054265625 0.31054651093749996 0.0976558140625 0.3061534890625 0.10546821718749999 0.30322325625 0.0976558140625 0.28857441875
4 0.28613333281250003 0.20800697656249997 0.26074263593749997 0.2050790703125 0.24121085312499999 0.240234884375 0.22949147343749998 0.2285162796875 0.2001953484375 0.2373046515625 0.19824186093750001 0.22265581406249998 0.19433643437499998 0.23437441875 0.1826170546875 0.22265581406249998 0.162110078125 0.22412092968750003 0.1591798453125 0.240234884375 0.170897675 0.23437441875 0.2353519375 0.2548837203125 0.2470697671875 0.24902325625000002 0.2675782953125 0.265137209375 0.2529302328125 0.31347674375 0.22753953437500002 0.31347674375 0.170897675 0.29882790625 0.166015503125 0.24169999999999997 0.163085271875 0.25195348906250004 0.1562496125 0.2475581390625 0.1533209296875 0.2812511625 0.1445317828125 0.2622069765625 0.148437209375 0.2475581390625 0.1425782953125 0.2475581390625 0.14062480625 0.2709953484375 0.148437209375 0.279786046875 0.149413953125 0.295897675 0.1562496125 0.28857441875 0.1503906984375 0.312011628125 0.1591798453125 0.32812558125 0.2060542640625 0.3339837203125 0.21972713124999999 0.319334884375 0.21972713124999999 0.336913953125 0.24218759687500002 0.3471674421875 0.2470697671875 0.380860465625 0.2929689921875 0.3852534890625 0.3896480625 0.30468837187500003 0.3964837203125 0.2563465109375 0.38183565937499997 0.240234884375 0.28613333281250003 0.20800697656249997
4 0 0.162597675 0.0126945734375 0.1669930234375 0.0351565890625 0.20068372031249998 0.04687441875 0.235839534375 0.04687441875 0.279786046875 0.0595705421875 0.2841790703125 0.0732418609375 0.3076162796875 0.13378914687500001 0.322265115625 0.1386713171875 0.312011628125 0.125 0.2944325578125 0.12695348906249998 0.282713953125 0.1455085265625 0.27539069843749997 0.1562496125 0.2944325578125 0.15722635625 0.3251953484375 0.21093798437500003 0.3325186046875 0.211914728125 0.319334884375 0.1679689921875 0.2944325578125 0.1669922484375 0.2373046515625 0.258789146875 0.26074186093749996 0.2939457359375 0.24902325625000002 0.30175813906250004 0.2695302328125 0.3007813953125 0.2563465109375 0.31152403125 0.2548837203125 0.3154294578125 0.272460465625 0.3251953484375 0.26367209375 0.336914728125 0.272460465625 0.3564449609375 0.26367209375 0.35839845000000004 0.2841790703125 0.32812558125 0.282713953125 0.329102325 0.2929697671875 0.34277364375 0.290039534375 0.3466790703125 0.30175813906250004 0.3701178296875 0.290039534375 0.3876945734375 0.29882790625 0.398437209375 0.250488371875 0.18652403125 0.1669930234375 0.030272868749999998 0.1142581390625 0.023437209375 0.11865348906249999 0.045897675 0.1376953484375 0.053711628125 0.134765115625 0.085937984375 0.171386046875 0.0830077515625 0.1845697671875 0.071288371875 0.1875 0.038085271875 0.1464837203125 0 0.1215813953125 0 0.162597675
4 0.3789069765625 0.3471674421875 0.39062480625 0.3471674421875 0.3964837203125 0.3383790703125 0.3935550390625 0.3076162796875 0.37695348906250004 0.3237302328125 0.3789069765625 0.3471674421875
4 0.3701178296875 0.3779302328125 0.36328062031249997 0.3852534890625 0.367187596875 0.4086906984375 0.35839845000000004 0.41601627968750005 0.3535162796875 0.4145511625 0.352539534375 0.3867186046875 0.350586046875 0.3955069765625 0.34179689999999996 0.3940418609375 0.34179689999999996 0.6020511625 0.351562790625 0.6079093015625 0.351562790625 0.5522465109375 0.3789069765625 0.5522465109375 0.3789069765625 0.4086906984375 0.3701178296875 0.3779302328125
4 0.2705085265625 0.41601627968750005 0.28320310000000004 0.43212790625 0.28320310000000004 0.49365348906250006 0.2714837203125 0.5083 0.2714837203125 0.54052790625 0.289062015625 0.5434581390625 0.2929689921875 0.39111395312499997 0.243164340625 0.3867186046875 0.243164340625 0.41601627968750005 0.2705085265625 0.41601627968750005
4 0.32812558125 0.37646511562499996 0.3173829453125 0.3720697671875 0.2929689921875 0.39111395312499997 0.291015503125 0.49951162812499994 0.2929689921875 0.54052790625 0.305663565625 0.5595697671875 0.322265115625 0.5610348843749999 0.322265115625 0.405762790625 0.3320310078125 0.39697209375 0.32617209375 0.39111395312499997 0.32812558125 0.37646511562499996
