4 1 0.00232558125 0.0938031 0.00232558125 0.6593410859375 0.260760465625 0.727700775 0.2988465109375 0.7532155031250001 0.30232558125 0.7635209296875 0.30232558125 0.811685271875 0.2900581390625 0.8400062015625 0.2680837203125 0.828286821875 0.2592953484375 0.8214511625 0.23732325625 0.8048496125 0.22999767499999998 0.814615503125 0.177265115625 0.8273100781249999 0.1611511625 0.8546542640625001 0.15822092968749998 0.875162790625 0.191911628125 0.8732093015625001 0.22999767499999998 0.8575844968749999 0.238788371875 0.8566077515625 0.2578302328125 0.8419581390624999 0.26222558125 0.844888371875 0.2812674421875 0.860513178125 0.27833953437500003 0.8614899218750001 0.26222558125 0.88199845 0.24025348906250002 0.999186046875 0.2109558140625 1 0.036234884375 1 0.00232558125
4 0.8094015499999999 0.18979302343749999 0.7976821703125 0.1839325578125 0.79377674375 0.1956511625 0.7820573640624999 0.19858139531250002 0.7830341078124999 0.21762558125 0.768386046875 0.2278790703125 0.7615503875 0.2527813953125 0.7322527125 0.28500697656249996 0.73127596875 0.295260465625 0.7518449609375 0.3046511625 0.7577705421875 0.3046511625 0.8699488375 0.280613953125 0.877761240625 0.2454558140625 0.9984496125 0.2063534890625 0.9984496125 0.2057186046875 0.9461209296875 0.19858139531250002 0.9324480625 0.1810046515625 0.8640883718750001 0.1663558140625 0.8552992250000001 0.179539534375 0.861159690625 0.194188371875 0.8465100781249999 0.2190906984375 0.838697675 0.2190906984375 0.8308852718749999 0.201511628125 0.817213953125 0.2190906984375 0.8103782953125 0.211765115625 0.8103782953125 0.20004651093749998 0.8181906984375 0.1912581390625 0.8133069765625001 0.1751441859375 0.8094015499999999 0.18979302343749999
4 0 0.0346837203125 0.000900775 0.1576558140625 0.3114480625 0.2514069765625 0.31437674375 0.46380930156250005 0.3183503875 0.4697674421875 0.3233581390625 0.4697674421875 0.336838759375 0.46527441875 0.34367441875 0.4286534890625 0.35832248125 0.42132790625 0.37492403125 0.4315837203125 0.3739472875 0.46527441875 0.381759690625 0.46527441875 0.382736434375 0.449160465625 0.397386046875 0.444765115625 0.40519845 0.427188371875 0.40617364375 0.466739534375 0.415939534375 0.46966744218749995 0.41984651093750003 0.4462302328125 0.41398759687500003 0.42572325624999996 0.4276589140625 0.41400465156250005 0.41789302343749996 0.40521627968749996 0.42570542656250004 0.3905674421875 0.41984651093750003 0.3788488375 0.4354713171875 0.3671302328125 0.43156434062500004 0.358339534375 0.43840155000000003 0.348086046875 0.45109612343750005 0.34662092968749997 0.4491426359375 0.293888371875 0.43937674375 0.285097675 0.4647674421875 0.2763093015625 0.45597829531249995 0.257265115625 0.4657441859375 0.26312558125 0.4790697671875 0.253797675 0.4790697671875 0.23302092968750002 0.478440309375 0.22357441875 0.4657441859375 0.207460465625 0 0.024386046875 0 0.0346837203125
4 0.36522170468750004 0.38495348906250004 0.3515503875 0.390811628125 0.3691286828125 0.4025302328125 0.3613162796875 0.42010930156250004 0.3632697671875 0.45526511562499994 0.3466682171875 0.459660465625 0.33983100781250003 0.42596744218750004 0.3329953484375 0.42157441875 0.320300775 0.43768837187500004 0.312488371875 0.469913953125 0.312488371875 0.6574139531250001 0.3149069765625 0.658139534375 0.3256821703125 0.658139534375 0.33592558125 0.6515534890625 0.3456914734375 0.5900302328125 0.3710821703125 0.55487441875 0.3691286828125 0.5197186046875 0.3798713171875 0.48602790625000003 0.4091674421875 0.49188604687500004 0.41991007812500003 0.4728441859375 0.421863565625 0.44940697656250006 0.43260465156250005 0.4479418609375 0.4335813953125 0.469913953125 0.423815503125 0.502139534375 0.42674573593750004 0.5358325578125 0.44530077500000004 0.5138581390625 0.45018294531249997 0.49188604687500004 0.48217054218750005 0.47680697656250004 0.48217054218750005 0.217602325 0.4794806203125 0.21356511562499997 0.43260465156250005 0.1989186046875 0.42967596874999997 0.2472581390625 0.42576899218750003 0.250188371875 0.422838759375 0.23407441874999999 0.41307441875000006 0.257511628125 0.39842480625 0.2619069765625 0.39842480625 0.27362558125 0.3808465109375 0.2999930234375 0.3828 0.3380790703125 0.3691286828125 0.343937209375 0.374987596875 0.3556558140625 0.36717519374999996 0.3644441859375 0.36522170468750004 0.38495348906250004
4 0.6597937984375 0.32521860468749997 0.7076449609375 0.344260465625 0.70959845 0.48195581406250004 0.7164341078125 0.4892813953125 0.7232697671875 0.484886046875 0.7232697671875 0.3559790703125 0.8004186046875 0.336937209375 0.81897364375 0.35012092968749997 0.8219023249999999 0.4980697671875 0.8492465109375 0.49513953437499997 0.8609658921875001 0.5302953484375 0.9909317828124999 0.5372093015625 0.9984496125 0.5372093015625 0.9984496125 0.2727488375 0.9537395343749999 0.282737209375 0.9576449609375001 0.3647697671875 0.9781534890625 0.37502325625 0.9781534890625 0.3867418609375 0.9000279062500001 0.3955302328125 0.88342635625 0.38527674375 0.9107705421875 0.3647697671875 0.9078403093749999 0.29299069843750003 0.749637209375 0.32521860468749997 0.5367472875 0.23146744218749998 0.4862465109375 0.21860465156250003 0.4850093015625 0.21860465156250003 0.4879193796875 0.26369534843750003 0.5728790703125 0.2944558140625 0.57092713125 0.44386976718750004 0.5758093015625 0.49220930156250003 0.5806914734374999 0.4673069765625 0.578739534375 0.31789302343750003 0.5806914734374999 0.30031627968749997 0.5914341078125 0.2988511625 0.6402620156250001 0.3135 0.647097675 0.3237534890625 0.64807441875 0.4892813953125 0.6529581390625 0.4878162796875 0.6529581390625 0.33547209375000003 0.6597937984375 0.32521860468749997
4 0.27596899218750004 0.8886511625000001 0.27596899218750004 0.8840441859375 0.2567705421875 0.8525046515625 0.25579999999999997 0.89767441875 0.2711565890625 0.89767441875 0.27596899218750004 0.8886511625000001
4 0.561561240625 0.99767441875 0.609384496875 0.99767441875 0.621302325 0.9973813953124999 0.6217054265625 0.9592534890625 0.6217054265625 0.90562325625 0.5568496125 0.9651558140625 0.561561240625 0.99767441875
4 0.0002434109375 0.9586 0.0012077515625 0.99767441875 0.070215503125 0.99767441875 0.2124031 0.9966906984374999 0.2124031 0.9377325578125 0.198485271875 0.8751046515625 0.0002434109375 0.9586
4 1 0.93732325625 0.9992418609374999 0.7290930234374999 0.729710078125 0.6617116281250001 0.7238511625 0.7115162796875001 0.6603736437500001 0.7481372093750001 0.6799054265625 0.7686441859375 0.668186046875 0.7979418609375 0.668186046875 0.8184488375000001 0.6779519374999999 0.8448162796875 0.6603736437500001 0.8770418609374999 0.6564682171875 0.9151279062500001 0.66327441875 0.9953488374999999 1 0.9953488374999999 1 0.93732325625
4 0.9967875968750001 0.2724813953125 0.9984496125 0.253362790625 0.9984496125 0.23953488437499998 0.99687286875 0.23953488437499998 0.8766697671875001 0.27101627968750003 0.9029116281249999 0.290697675 0.9045643406250001 0.290697675 0.9128031 0.2783418609375 0.9967875968750001 0.2724813953125
4 0.6401658921875 0.5348837203125 0.651162790625 0.534097675 0.651162790625 0.49456744218750004 0.6230449609375001 0.49592790625000005 0.6210914734374999 0.51057674375 0.6240217046875001 0.5208302328125 0.6308573640625 0.516434884375 0.6318031000000001 0.5348837203125 0.6401658921875 0.5348837203125
4 0.6152558140625 0.49877441874999995 0.49709147343750004 0.500239534375 0.49025581406249996 0.531002325 0.493186046875 0.5441860468749999 0.5040434109375 0.546511628125 0.507460465625 0.546511628125 0.524435659375 0.529537209375 0.5451829453125 0.546511628125 0.5559689921875 0.546511628125 0.5703333328125 0.5456488375 0.604513178125 0.5412558140625 0.6152558140625 0.49877441874999995
