4 0.5 0.0447372546875 0.513672315625 0.07998431406249999 0.5029293781249999 0.151839215625 0.492186440625 0.1450588234375 0.48632768437499996 0.1098117640625 0.49511581875 0 0.242186440625 0.0013568625 0.4833983046875 0.21962352968749999 0.5058587578125 0.2264 0.877929378125 0.05965097968750001 0.9101553671874999 0.0013568625 0.5029293781249999 0 0.5 0.0447372546875
4 0.20996045156249998 0.591086275 0.210937853125 0.5707490203125001 0.049805084375 0.5585490203125001 0.046875706249999996 0.4839843140625 0.0009774015625 0.48534117656250003 0 0.7198745093750001 0.075194915625 0.70496470625 0.0957033890625 0.8418901953125 0.10742090468750001 0.8581568624999999 0.123048021875 0.8418901953125 0.126951978125 0.6249764703125 0.145508475 0.5992196078124999 0.20996045156249998 0.591086275
4 0.3867175140625 0.199286275 0.3212881359375 0.13828235312499998 0.1181638421875 0.008133332812500001 0.0009774015625 0 0 0.150482353125 0.029296610937500002 0.1477725484375 0.028319209374999998 0.2087764703125 0.041991525 0.1464156859375 0.22363276875000002 0.2440274515625 0.3417966109375 0.28876470625 0.34375141249999996 0.5490588234375 0.3554689265625 0.5490588234375 0.3994152546875 0.53143529375 0.40625141249999996 0.48940784375 0.40820338906250003 0.2562274515625 0.3867175140625 0.199286275
4 0.5429689265625 0.29960784375 0.497070621875 0.2819843140625 0.49902259843749996 0.4880509796875 0.5117175140625 0.45416078437499996 0.5195310734375 0.4568705875 0.4960932203125 0.5110980390625001 0.5 0.6087098046875 0.5449209046875 0.6005725484375 0.554686440625 0.5110980390625001 0.5449209046875 0.5002509796875 0.5429689265625 0.29960784375
4 0.111327684375 0.9964392156249999 0.08886723125 0.9327215687500001 0 0.9774588234375001 0.0009774015625 0.9977960781249999 0.111327684375 0.9964392156249999
4 0.67187570625 0.909674509375 0.6728502828125 0.9977960781249999 0.7617175140625 0.9964392156249999 0.7587881359375 0.9571215687500001 0.7275395484375 0.9517019609374999 0.706053671875 0.9191647062499999 0.67187570625 0.909674509375
4 0.6445310734375 0.817486275 0.6777344624999999 0.779525490625 0.673827684375 0.755125490625 0.6494152546875 0.74292156875 0.62988418125 0.7564784312499999 0.611327684375 0.7741019609374999 0.6210932203125 0.7985058828125 0.56738418125 0.8459568624999999 0.5478502828125 0.8351098046875001 0.5146497171875 0.8459568624999999 0.49511581875 0.8269764703125 0.479491525 0.8324 0.479491525 0.8459568624999999 0.458008475 0.8188431375 0.28125141249999996 0.9530549015625001 0.31347740156250004 0.9977960781249999 0.4648446328125 0.9991490203125 0.6396497171875 0.9977960781249999 0.6425790953125 0.8906941171874999 0.632813559375 0.8581568624999999 0.6445310734375 0.817486275
4 0.9287118640625 0.13556862812499998 0.8808587578125 0.253513725 0.89062429375 0.28605097968750004 0.9052740109374999 0.2548705875 0.9199209046875 0.250803921875 0.9375 0.1965764703125 0.9287118640625 0.13556862812499998
4 0.8710932203124999 0.253513725 0.9238276843750001 0.1206588234375 0.9189463281249999 0.08676470625 0.8066412421875 0.191152940625 0.8164067796875001 0.38908627500000004 0.8613276843750001 0.3565490203125 0.8613276843750001 0.32672156874999997 0.8789067796875001 0.2968980390625 0.8710932203124999 0.253513725
4 0.78613276875 0.1979333328125 0.9189463281249999 0.078631371875 0.945313559375 0.039313725 0.95312429375 0.0013568625 0.9130847453125 0 0.8798841812499999 0.05965097968750001 0.5087881359375 0.2277568625 0.479491525 0.21962352968749999 0.23925706249999998 0.0054235296874999995 0.125 0.0013568625 0.32519491562499997 0.1328588234375 0.456053671875 0.2575843140625 0.585937853125 0.267074509375 0.6552740109374999 0.2440274515625 0.6572259890625001 0.22233333281249998 0.6767570625 0.23589019531250002 0.78613276875 0.1979333328125
