4 0.264040309375 0.30687674375 0.27671317812499996 0.31162790625 0.27984961249999996 0.31162790625 0.2806201546875 0.307002325 0.2806201546875 0.2997906984375 0.27087596875000003 0.2878325578125 0.264040309375 0.30687674375
4 0.2620914734375 0 0.23574108593749998 0.008469767187500001 0.2289054265625 0.024583720312499998 0.24843565937499998 0.21208372031249997 0.250389146875 0.30583255781249996 0.25429612343749997 0.308762790625 0.2669906984375 0.27507209375 0.278710078125 0.27507209375 0.287499225 0.2882558140625 0.2933581390625 0.3322 0.304100775 0.3365953484375 0.3070294578125 0.323411628125 0.3001937984375 0.32487674375000003 0.29921705468750004 0.3175511625 0.3070294578125 0.31462325625 0.31093643437499996 0.2911837203125 0.30507596875 0.26481860468749996 0.31386511562499997 0.2633534890625 0.3236310078125 0.24577441875 0.3373038765625 0.2487046515625 0.34999845 0.26481860468749996 0.3617178296875 0.2882558140625 0.3539054265625 0.3263418609375 0.3646465109375 0.32194651093750004 0.359764340625 0.3322 0.3685534890625 0.3453837203125 0.375389146875 0.3351302328125 0.3871085265625 0.4845441859375 0.3851550390625 0.5460674421875 0.396697675 0.553488371875 0.4006511625 0.553488371875 0.42170542656250004 0.537697675 0.42170542656250004 0.5332069765624999 0.40859224843749997 0.4376697671875 0.41445116249999997 0.3995837203125 0.407615503125 0.40397674375000003 0.40859224843749997 0.38786511562500003 0.3929674421875 0.37907441875000003 0.395897675 0.3688209296875 0.40566201562500004 0.380539534375 0.41445116249999997 0.3673558140625 0.40859224843749997 0.355637209375 0.4095689921875 0.348313953125 0.41152248125 0.357102325 0.41445116249999997 0.3527093015625 0.41445116249999997 0.323411628125 0.40273333281249996 0.0070046515625 0.3999302328125 0 0.2620914734375 0
4 0.0001937984375 0.0076139531250000005 0.0001937984375 0.1599581390625 0.0490217046875 0.20390465156249998 0.0392558140625 0.22148139531250002 0.0568341078125 0.34452790625 0.06638139531250001 0.3674418609375 0.0693286828125 0.3674418609375 0.1808573640625 0.3459930234375 0.1876945734375 0.31523255781250004 0.19453023281249998 0.310837209375 0.2033193796875 0.31523255781250004 0.20820154999999999 0.3372046515625 0.249612403125 0.33287209375 0.249612403125 0.309262790625 0.248240309375 0.2537093015625 0.2433581390625 0.24931395312500002 0.19453023281249998 0.2610325578125 0.16523255781249999 0.25810232499999997 0.151561240625 0.2668930234375 0.122263565625 0.2610325578125 0.106638759375 0.2727511625 0.07343565937499999 0.2610325578125 0.058787596875 0.12480232499999999 0.06562325625 0.10576046562500001 0.2335922484375 0.1116186046875 0.2257798453125 0.026658139062500003 0.17499845 0.029588371875000002 0.0001937984375 0.0076139531250000005
4 0.767300775 0.4767441859375 0.7711162796875 0.47647209375 0.79260155 0.46182325625000004 0.8082263562499999 0.1952209296875 0.80627286875 0.0135813953125 0.8121317828124999 0.0135813953125 0.8150620156249999 0.04727209375 0.8155038765624999 0.0293674421875 0.8155038765624999 0.0073581390625000005 0.8052961234374999 0.000397675 0.643186046875 0.000397675 0.6383038765625 0.204011628125 0.65002325625 0.22451860468749998 0.65002325625 0.2713930234375 0.66662480625 0.2787186046875 0.6842031000000001 0.2230534890625 0.692015503125 0.2230534890625 0.696897675 0.23623720937499998 0.689085271875 0.291902325 0.66760155 0.344634884375 0.659787596875 0.4501046515625 0.7467178296875 0.4767441859375 0.767300775 0.4767441859375
4 0 0.0010604656250000001 0.10414263593749999 0.020039534375 0.1846790703125 0.025581395312499998 0.21388837187499998 0.025581395312499998 0.258914728125 0.0012674421875 0.258914728125 0.000997675 0 0.000997675 0 0.0010604656250000001
4 0.45440310000000006 0.7693069765625 0.4697674421875 0.7808302328125001 0.4697674421875 0.75442558125 0.46514573593749997 0.750265115625 0.45440310000000006 0.7693069765625
4 0.5751937984375 0.6818093015625 0.5727193796875001 0.668202325 0.5570945734375 0.668202325 0.538539534375 0.6901744187500001 0.555913178125 0.7046511625 0.5562821703124999 0.7046511625 0.5751937984375 0.6847930234375 0.5751937984375 0.6818093015625
4 0.5072713171875 0.81162790625 0.507812403125 0.81162790625 0.507812403125 0.7388930234375 0.49511782968749996 0.728639534375 0.492187596875 0.797486046875 0.5072713171875 0.81162790625
4 0.7798449609375 0.771411628125 0.744900775 0.7444953484375 0.7312294578125 0.7444953484375 0.71267441875 0.7899069765625 0.7570077515625 0.809302325 0.76017674375 0.809302325 0.7798449609375 0.774434884375 0.7798449609375 0.771411628125
4 0.5627906984375 0.8402883718749999 0.5627906984375 0.849365115625 0.5752573640625 0.8766953484375 0.5968806203125 0.8883720937499999 0.59972713125 0.8883720937499999 0.6031007749999999 0.797286046875 0.6031007749999999 0.7801186046875 0.60162480625 0.7668325578124999 0.5889286828125 0.7595069765625 0.564514728125 0.7756209296875001 0.5627906984375 0.8402883718749999
4 0.6230310078125 0.90937674375 0.6877798453125 0.9465116281249999 0.6899054265625 0.9465116281249999 0.7209302328125 0.8835488375 0.7209302328125 0.8788906984375 0.627913178125 0.8141604656249999 0.6230310078125 0.90937674375
4 0.62597674375 0.9343581390625 0.616210853125 0.9431488375000001 0.602539534375 0.9402186046875001 0.5966790703125 0.9138511625 0.56152403125 0.8904139531249999 0.5507813953125 0.8713697671875 0.5498046515625 0.7556488375 0.523437209375 0.74832325625 0.523437209375 0.8244953484374999 0.5107426359375 0.8406093015625 0.49511782968749996 0.8318209296875001 0.47949147343750004 0.8376790703125 0.46777364375 0.8054534890625 0.429686821875 0.7688325578125 0.4326170546875 0.7527186046875001 0.4687503875 0.7219558140625 0.4687503875 0.6809418609375 0.429686821875 0.645786046875 0.4257813953125 0.5666837203124999 0.4189457359375 0.5505697671875 0.305663565625 0.5945162796875 0.21972713124999999 0.52127209375 0.2060542640625 0.52127209375 0 0.601839534375 0.00097364375 0.99767441875 0.7769937984374999 0.99767441875 1 0.9973465109375 0.9990232562499999 0.8376790703125 0.7998046515625 0.741 0.79687441875 0.7541837203124999 0.802734884375 0.771760465625 0.7666015500000001 0.8376790703125 0.7001953484375 0.80252325625 0.680663565625 0.8054534890625 0.64062480625 0.789339534375 0.6533209296875 0.8083837203125 0.7441410859375 0.8713697671875 0.7382806203125 0.897737209375 0.6962883718749999 0.981234884375 0.62597674375 0.9343581390625
