4 0.518510078125 0.096734884375 0.5458542640624999 0.082086046875 0.582962790625 0.09087674375 0.5917519375 0.10698837187500002 0.58979845 0.127497675 0.5790573640625001 0.1436093015625 0.5546434109375 0.153865115625 0.5585488375 0.21538837187499998 0.57612713125 0.23882558125000003 0.5683147281250001 0.2651930234375 0.5798666671875 0.2767441859375 0.5811178296875 0.2767441859375 0.6562046515625 0.2651930234375 0.6852713171875 0.0106302328125 0.6852713171875 0.00006046562500000001 0.37690852656249996 0.0015209296875 0.46479845 0.1714418609375 0.4618697671875 0.17876744218750001 0.43062015468750003 0.18462558125 0.41987751875 0.20073953437499997 0.41987751875 0.2271069765625 0.45991627968750004 0.2754465109375 0.5321813953125 0.26372790625000003 0.5253457359375 0.2358953484375 0.54487751875 0.2124581390625 0.5468310078124999 0.15679302343749998 0.518510078125 0.1436093015625 0.5097209296874999 0.11577907031250001 0.518510078125 0.096734884375
4 0.39180000000000004 0.2485209296875 0.4103798453125 0.260465115625 0.41244496093749994 0.260465115625 0.42170542656250004 0.17712325625 0.42170542656250004 0.173260465625 0.319534884375 0.0200046515625 0.3097689921875 0.0200046515625 0.29512092968750003 0.0536953484375 0.2794945734375 0.1298674421875 0.39180000000000004 0.2485209296875
4 0.00022325625000000002 0.5906511625 0.00217209375 0.9441860468750001 0.00352713125 0.9441860468750001 0.2541302328125 0.7664325578125 0.2482713171875 0.6023697671875 0.25217674375 0.127760465625 0.257364340625 0.10960465156250002 0.257364340625 0.1065186046875 0.21506821718750002 0.060376743749999996 0.21018449687500002 0.0003186046875 0.00022325625000000002 0.0017837203125 0.00022325625000000002 0.192213953125 0.022685271875 0.1936790703125 0.038310078125 0.2171162796875 0.072489921875 0.239088371875 0.0744434109375 0.26545581406249996 0.10959844999999999 0.315260465625 0.11936434062500001 0.3767837203125 0.10959844999999999 0.45881627968750005 0.088114728125 0.5115488375 0.0500294578125 0.5745372093750001 0.00022325625000000002 0.5906511625
4 0.553488371875 0.3563162796875 0.553488371875 0.28233953437500003 0.5302682171875001 0.2689441859375 0.417962790625 0.2762674421875 0.42186976718749997 0.6454093015625 0.417962790625 0.662988371875 0.42080155 0.6651162796875 0.42212092968750003 0.6651162796875 0.43749457343750003 0.616111628125 0.43749457343750003 0.5897441859375 0.4453069765625 0.5809558140625 0.44335348906250005 0.5721674421875 0.47851007812499996 0.46083953437499997 0.50292403125 0.4271465109375 0.5449162796875 0.40517441875 0.553488371875 0.3563162796875
4 0.28692403125 0.3026511625 0.3054790703125 0.3041162796875 0.3064558140625 0.323160465625 0.28985426406250003 0.32462325625 0.28497209375 0.3348790703125 0.28497209375 0.7626116281249999 0.287900775 0.769937209375 0.351561240625 0.7813953484375 0.36122635625 0.7813953484375 0.3658914734375 0.683411628125 0.3658914734375 0.290088371875 0.287900775 0.23087441874999998 0.28692403125 0.3026511625
4 0.364863565625 0.8277139531250001 0.36779379843750004 0.9991 0.7875969 0.997639534375 0.7875969 0.9944186046875 0.7642775187499999 0.9258581390625 0.7291209296875001 0.9112093015625 0.7115426359375 0.890702325 0.659784496875 0.8687302328125 0.6568558140625 0.6885534890625 0.5884961234375 0.6826953484375 0.5572465109375 0.67097674375 0.5396682171875 0.703202325 0.426386046875 0.6885534890625 0.4195503875 0.71052558125 0.4293162796875 0.748611628125 0.427362790625 0.7779093015625 0.3990434109375 0.8174604656250001 0.364863565625 0.8277139531250001
4 0.797862015625 0.99767441875 0.8046511625000001 0.9967488375 0.8046511625000001 0.8970790703124999 0.7764542640625 0.8868674421874999 0.7676651156250001 0.9205604656249999 0.7696170546875 0.938137209375 0.7871953484375 0.9879418609374999 0.7936837203125 0.99767441875 0.797862015625 0.99767441875
4 0.786440309375 0 0.7444713171874999 0.001234884375 0.678065115625 0.285413953125 0.5911519375000001 0.29566744218749996 0.567713178125 0.2898093015625 0.566736434375 0.3498674421875 0.5719193796875001 0.351162790625 0.6071426359375 0.351162790625 0.6556046515625 0.348402325 0.6653705421875 0.3103162796875 0.677088371875 0.3337534890625 0.6878310078125 0.332288371875 0.7093147281250001 0.253188371875 0.7190806203125 0.2414697671875 0.7190806203125 0.21217209375 0.7937984499999999 0.0011186046875 0.7937984499999999 0 0.786440309375 0
4 1 0.5340511625000001 0.8819441859375001 0.532588371875 0.8692496125 0.525265115625 0.8594837203125 0.23522558125 0.8331162796875 0.23083023281249998 0.8282341078125001 0.9940139531250001 0.9065162796875 0.9953488374999999 1 0.9953488374999999 1 0.5340511625000001
4 0.8015503875000001 0.890697675 0.8015503875000001 0.2635046515625 0.8014418609374999 0.18452790624999998 0.7653085265625 0.244586046875 0.7711674421875 0.8774 0.7760511625000001 0.8905837203125 0.7781162796875 0.890697675 0.8015503875000001 0.890697675
