4 0.4648434109375 0.171386046875 0.461914728125 0.17871162812500002 0.430663565625 0.1845697671875 0.41992248125 0.20068372031249998 0.41992248125 0.22705116250000001 0.45996124062500005 0.27539069843749997 0.53222635625 0.26367209375 0.5253906984375 0.235839534375 0.54492248125 0.212402325 0.54687441875 0.156737209375 0.5185550390625 0.1435558140625 0.5097658921875 0.11572325624999999 0.5185550390625 0.0966790703125 0.545897675 0.0820302328125 0.5830077515625 0.0908209296875 0.5917969000000001 0.1069325578125 0.5898434109374999 0.1274418609375 0.579102325 0.1435558140625 0.5546868218750001 0.1538093015625 0.5585937984375 0.2153325578125 0.57617209375 0.23876976718749998 0.568359690625 0.265137209375 0.58007751875 0.27685581406250004 0.6562496125 0.265137209375 0.68652403125 0 0.37695348906250004 0.001465115625 0.4648434109375 0.171386046875
4 0.29492248125 0.054200000000000005 0.2792961234375 0.13037209375 0.39160154999999996 0.24902325625000002 0.412110078125 0.2622069765625 0.42187441875 0.17431627968750002 0.319336434375 0.0205069765625 0.3095705421875 0.0205069765625 0.29492248125 0.054200000000000005
4 0 0.1918953484375 0.022460465625000002 0.193360465625 0.038085271875 0.21679767499999997 0.072265115625 0.23876976718749998 0.0742186046875 0.265137209375 0.10937519375 0.3149418609375 0.11914108593749999 0.37646511562499996 0.10937519375 0.4584953484375 0.087889921875 0.5112302328125 0.0498046515625 0.5742186046875 0 0.5903325578125 0.0019534890625 0.94482325625 0.2539069765625 0.766113953125 0.2480465109375 0.6020511625 0.25195348906250004 0.1274418609375 0.257812403125 0.1069325578125 0.2148434109375 0.0600581390625 0.209961240625 0 0 0.001465115625 0 0.1918953484375
4 0.443359690625 0.5727534890625 0.47851627968750005 0.46142558125 0.5029302328125 0.42773488437499996 0.54492248125 0.405762790625 0.5546868218750001 0.350097675 0.555663565625 0.2841790703125 0.53027286875 0.2695302328125 0.4179689921875 0.27685581406250004 0.42187441875 0.6459953484375001 0.4179689921875 0.66357441875 0.42187441875 0.6665046515624999 0.437500775 0.6167 0.437500775 0.5903325578125 0.445313178125 0.5815418609375 0.443359690625 0.5727534890625
4 0.287110078125 0.30322325625 0.305663565625 0.30468837187500003 0.306640309375 0.3237302328125 0.290038759375 0.3251953484375 0.28515658906249997 0.3354488375 0.28515658906249997 0.7631837203125 0.288085271875 0.7705069765625 0.3613286828125 0.7836906984375 0.367187596875 0.6606441859375 0.367187596875 0.2915046515625 0.288085271875 0.2314441859375 0.287110078125 0.30322325625
4 0.6601565890625001 0.8686534890625 0.65722635625 0.68847674375 0.5888666671875 0.6826162796874999 0.5576170546875 0.670897675 0.540038759375 0.70312558125 0.4267581390625 0.68847674375 0.41992248125 0.7104488375 0.429686821875 0.7485348843749999 0.42773488437499996 0.7778325578125 0.399413953125 0.8173837203125001 0.3652341078125 0.827637209375 0.36816434062500003 0.9990232562499999 0.789062015625 0.9975581390625001 0.7646480625 0.9257813953125 0.7294914734375 0.9111325578124999 0.711914728125 0.8906255812499999 0.6601565890625001 0.8686534890625
4 0.7695317828125 0.9389651156250001 0.787110078125 0.9887697671875 0.7939457359375 0.9990232562499999 0.804686821875 0.9975581390625001 0.804686821875 0.8979488375000001 0.7763674421875 0.8876953484375001 0.7675782953125 0.9213860468749999 0.7695317828125 0.9389651156250001
4 0.687500775 0.3325186046875 0.708984496875 0.2534186046875 0.7187503875 0.24169999999999997 0.7187503875 0.212402325 0.7939457359375 0 0.7441410859375 0.001465115625 0.677734884375 0.28564418593749996 0.5908201546875 0.295897675 0.5673829453125 0.290039534375 0.5664062015625 0.350097675 0.57812558125 0.35302790625 0.65527286875 0.3486325578125 0.665038759375 0.31054651093749996 0.6767581390624999 0.3339837203125 0.687500775 0.3325186046875
4 1 0.5346674421875 0.881835659375 0.533202325 0.8691410859375001 0.5258790703125 0.85937519375 0.235839534375 0.8330077515625 0.2314441859375 0.8281255812499999 0.9946279062500001 1 0.9975581390625001 1 0.5346674421875
4 0.7763674421875 0.8906255812499999 0.802734884375 0.8920906984375 0.8017581390625 0.1845697671875 0.76562480625 0.24462790625 0.7714837203125 0.8774418609374999 0.7763674421875 0.8906255812499999
