4 0.2705085265625 0.6298837203125001 0.2841798453125 0.60937441875 0.305663565625 0.6035162796875 0.3164062015625 0.593262790625 0.3154294578125 0.585937209375 0.3330077515625 0.5830069765625 0.336914728125 0.5625 0.36425736406250003 0.5595697671875 0.36328062031249997 0.54052790625 0.3808589140625 0.5346674421875 0.38183565937499997 0.5214837203125 0.37597674375 0.5214837203125 0.37402325625 0.533202325 0.367187596875 0.5200186046875 0.37695348906250004 0.5112302328125 0.36816434062500003 0.4980465109375 0.3535162796875 0.49365348906250006 0.3574217046875 0.48779302343750003 0.3476558140625 0.47314418593749996 0.3437503875 0.44677674375 0.3554682171875 0.4204093015625 0.3623054265625 0.3720697671875 0.3896480625 0.375 0.397460465625 0.4189441859375 0.4062496125 0.39697209375 0.4101565890625 0.312011628125 0.40429612343750004 0.24169999999999997 0.14160155000000002 0.008788371875000001 0.00097674375 0.005860465625 0 0.2563465109375 0.0136713171875 0.27392558125 0.056640309374999996 0.4204093015625 0.06152403125 0.42773488437499996 0.0771488375 0.42187441875 0.0810542640625 0.4013674421875 0.1113286828125 0.39111395312499997 0.11035193750000001 0.380860465625 0.0986325578125 0.38378837187500003 0.0966790703125 0.3720697671875 0.1455085265625 0.369139534375 0.148437209375 0.38232325624999997 0.14160155000000002 0.3779302328125 0.132812403125 0.3881837203125 0.1357426359375 0.3955069765625 0.1591798453125 0.4013674421875 0.1562496125 0.4086906984375 0.1689457359375 0.41601627968750005 0.18066356562500002 0.4394534890625 0.20410232499999997 0.44531162812499997 0.211914728125 0.46582092968750005 0.23437519375 0.47314418593749996 0.23046821718750002 0.48779302343750003 0.2382806203125 0.4965813953125 0.23242170468749998 0.5112302328125 0.24023410781250001 0.5170906984375 0.23437519375 0.5346674421875 0.2382806203125 0.54052790625 0.23242170468749998 0.5551767437499999 0.23437519375 0.5756837203125 0.208984496875 0.58447209375 0.2148434109375 0.587402325 0.21386666718749997 0.5976558140625 0.21972713124999999 0.585937209375 0.23632868281250002 0.5903325578125 0.2314449609375 0.6035162796875 0.211914728125 0.6035162796875 0.212889921875 0.6225581390625 0.1855472875 0.657713953125 0.187500775 0.6752930234375001 0.195313178125 0.6811534890625001 0.21972713124999999 0.6562511625 0.24902325625000002 0.6445302328125 0.2529302328125 0.632811628125 0.2705085265625 0.6298837203125001
4 0.19824186093750001 0.70312558125 0.2207038765625 0.654786046875 0.2207038765625 0.6254883718750001 0.1992186046875 0.5581046515625 0.2060542640625 0.533202325 0.1904294578125 0.5361325578125 0.170897675 0.5771488375 0.162110078125 0.5698232562500001 0.17382790625 0.5229488375 0.16015658906250002 0.4965813953125 0.16015658906250002 0.47314418593749996 0.1748046515625 0.4482418609375 0.1894527125 0.4409186046875 0.17382790625 0.43212790625 0.177734884375 0.4204093015625 0.170897675 0.398437209375 0.14160155000000002 0.3955069765625 0.11621085312499999 0.380860465625 0.055663565625 0.3867186046875 0.048827906250000004 0.399902325 0.117187596875 0.7514651156250001 0.1289069765625 0.77197209375 0.17382790625 0.7221674421875 0.1748046515625 0.7001953484375 0.18847596875 0.7089837203125 0.19824186093750001 0.70312558125
4 0.412110078125 0.5053720937499999 0.42773488437499996 0.48779302343750003 0.416015503125 0.43798837187500006 0.41992248125 0.39111395312499997 0.40917984531249996 0.3164069765625 0.4062496125 0.3881837203125 0.3935550390625 0.42187441875 0.3896480625 0.375 0.3613286828125 0.3793953484375 0.3623054265625 0.3896488375 0.37304651093749996 0.3881837203125 0.39062480625 0.43798837187500006 0.37597674375 0.4394534890625 0.366210853125 0.4687511625 0.3457038765625 0.44677674375 0.3437503875 0.5112302328125 0.3535162796875 0.5200186046875 0.3535162796875 0.5581046515625 0.34179689999999996 0.5698232562500001 0.34179689999999996 0.578613953125 0.3476558140625 0.578613953125 0.38183565937499997 0.5537116281250001 0.3935550390625 0.5595697671875 0.4179689921875 0.5346674421875 0.412110078125 0.5053720937499999
4 0.28320310000000004 0.587402325 0.289062015625 0.5522465109375 0.28320310000000004 0.5112302328125 0.2929689921875 0.44677674375 0.289062015625 0.399902325 0.2773441859375 0.38232325624999997 0.273437209375 0.3295906984375 0.26171937968750003 0.312011628125 0.257812403125 0.2622069765625 0.24121085312499999 0.2548837203125 0.2187503875 0.2622069765625 0.2148434109375 0.3090813953125 0.2060542640625 0.3251953484375 0.1992186046875 0.32080000000000003 0.208984496875 0.3325186046875 0.197265115625 0.344237209375 0.197265115625 0.35888604687500003 0.181640309375 0.39111395312499997 0.1757813953125 0.46142558125 0.1835937984375 0.49072325625 0.18847596875 0.4892581390625 0.197265115625 0.5141604656250001 0.208984496875 0.5229488375 0.193359690625 0.5581046515625 0.20312558125 0.5668953484375 0.20312558125 0.5815418609375 0.22265581406249998 0.6254883718750001 0.22265581406249998 0.6518558140625 0.23046821718750002 0.654786046875 0.258789146875 0.6298837203125001 0.26074263593749997 0.60937441875 0.287110078125 0.6049813953125 0.28320310000000004 0.587402325
4 0.9970697671875 0.290039534375 1 0.001465115625 0.15429612343750002 0.001465115625 0.165038759375 0.0205069765625 0.40917984531249996 0.23437441875 0.430663565625 0.24902325625000002 0.46777364375 0.25195348906250004 0.5312496125 0.3061534890625 0.537110078125 0.3002930234375 0.5214837203125 0.2944325578125 0.62402325625 0.26367209375 0.9970697671875 0.290039534375
4 0.00097674375 0.2841790703125 0 0.9975581390625001 0.1562496125 0.9975581390625001 0.1562496125 0.968262790625 0.060547287500000005 0.44970697656249997 0.04492248125 0.39111395312499997 0.00097674375 0.2841790703125
4 0.43652403125 0.31347674375 0.5214837203125 0.3149418609375 0.46386666718749997 0.2548837203125 0.42773488437499996 0.25927674375 0.429686821875 0.3061534890625 0.43652403125 0.31347674375
4 0.5498046515625 0.3164069765625 0.5292961234375 0.31787209375000003 0.8115240312499999 0.3779302328125 0.8544914734375 0.375 0.866210853125 0.3867186046875 0.9189457359375 0.3925790703125 0.9218744187500001 0.4086906984375 0.9326170546875 0.41601627968750005 1 0.42626976718750004 0.9990232562499999 0.290039534375 0.6279302328125 0.26367209375 0.5537116281250001 0.28710930156250003 0.5498046515625 0.3164069765625
4 0.9394527125 0.8159186046875 0.9228511625 0.8378906984375 0.9091798453125 0.7910162796875 0.8935550390625 0.79687441875 0.8525395343750001 0.7675790703125001 0.8417969 0.7573232562500001 0.8417969 0.7426767437499999 0.8525395343750001 0.7148441859375 0.8740232562499999 0.720702325 0.883789146875 0.7324209296874999 0.8945317828125001 0.72802790625 0.8574217046875001 0.7045906984375 0.8701178296875 0.6533209296875 0.915038759375 0.67382790625 0.9199224812500001 0.6694325578125 0.9062496124999999 0.6606441859375 0.9091798453125 0.6357418609375001 0.9355472875 0.654786046875 0.937500775 0.63427674375 0.9199224812500001 0.6254883718750001 0.9326170546875 0.6210930234375 0.930663565625 0.615234884375 0.8867193796875 0.593262790625 0.912110078125 0.484862790625 0.9345705421874999 0.48339767499999997 0.937500775 0.47314418593749996 0.9228511625 0.4687511625 0.9062496124999999 0.44384651093749994 0.9033209296875 0.413086046875 0.8798821703125 0.4101558140625 0.789062015625 0.8100581390625001 0.79687441875 0.8100581390625001 0.812500775 0.7514651156250001 0.819336434375 0.7470697671875 0.820313178125 0.774902325 0.8339844968750001 0.8100581390625001 0.8066403093750001 0.8159186046875 0.8007813953125 0.8803720937499999 0.8886713171875 0.9506837203125 0.9218744187500001 0.8686534890625 0.9218744187500001 0.8452139531249999 0.9335937984375 0.8422860468750001 0.9394527125 0.8159186046875
4 1 0.672362790625 0.9990232562499999 0.4394534890625 0.9345705421874999 0.43652325625 0.9326170546875 0.45117209375 0.9013674421875001 0.45117209375 0.8994139531249999 0.46582092968750005 0.8876945734374999 0.46289069843749997 0.898437209375 0.47021395312500003 0.8867193796875 0.47607441875 0.8876945734374999 0.49218837187500003 0.9326170546875 0.48339767499999997 0.9902341078125 0.49951162812499994 0.9648434109374999 0.5991209296875 0.9560542640625 0.6210930234375 0.920897675 0.60937441875 0.8974604656249999 0.618165115625 0.8925782953124999 0.6137697671875 0.8955085265625 0.600586046875 0.8632806203125 0.58447209375 0.875 0.5639651156250001 0.875 0.5493162796875 0.8720697671875 0.5449209296874999 0.868164340625 0.5595697671875 0.8623054265625001 0.5537116281250001 0.8525395343750001 0.5595697671875 0.8505860468750001 0.5478511625 0.8300775187499999 0.6313465109374999 0.8574217046875001 0.6372069765624999 0.8486325578124999 0.63867209375 0.8486325578124999 0.6503906984375 0.8417969 0.64892558125 0.84277364375 0.63867209375 0.834961240625 0.641602325 0.8164062015625 0.6870116281249999 0.8066403093750001 0.7397465109375 0.8310542640625 0.7529302328125 0.8417969 0.7426767437499999 0.8417969 0.7075186046875 0.8554682171874999 0.6958 0.85937519375 0.6811534890625001 0.8554682171874999 0.66357441875 0.8623054265625001 0.641602325 0.8779302328125 0.6533209296875 0.8857426359374999 0.63867209375 0.9033209296875 0.641602325 0.8994139531249999 0.6562511625 0.8867193796875 0.654786046875 0.937500775 0.6870116281249999 0.92382790625 0.7309581390625 0.912110078125 0.7397465109375 0.9179689921874999 0.7456046515625 0.9160155031249999 0.7690418609375 0.9062496124999999 0.7778325578125 0.9013674421875001 0.79687441875 0.8603519374999999 0.79687441875 0.8564449609375 0.7851558140625 0.8496093015625 0.7866209296875 0.8544914734375 0.7763674421875 0.829102325 0.7675790703125001 0.8300775187499999 0.7924813953125 0.837889921875 0.7924813953125 0.8369147281249999 0.779297675 0.8437503875000001 0.7866209296875 0.8437503875000001 0.8247069765624999 0.8544914734375 0.82617209375 0.8554682171874999 0.8393558140625 0.8408201546875 0.8408209296875 0.834961240625 0.820311628125 0.8242186046875 0.8247069765624999 0.8251953484375001 0.8408209296875 0.812500775 0.8393558140625 0.8095705421874999 0.8876953484375001 0.8251953484375001 0.8906255812499999 0.8388666671875 0.914062790625 0.8505860468750001 0.914062790625 0.8642573640625001 0.9345697671875 0.8867193796875 0.94482325625 0.9062496124999999 0.9096674421875001 0.912110078125 0.874511628125 0.937500775 0.8305674421875 1 0.672362790625
4 0.7539069765625 0.9389651156250001 0.7460930234375 0.9711906984375 0.7685550390625 0.9990232562499999 0.8691410859375001 0.9975581390625001 0.868164340625 0.9843744187500001 0.7841798453125 0.9111325578124999 0.772460465625 0.9375 0.7539069765625 0.9389651156250001
4 0.25683565937499997 0.829102325 0.22753953437500002 0.8701162796874999 0.2060542640625 0.881834884375 0.19824186093750001 0.867188371875 0.1826170546875 0.8642581390625 0.1464837203125 0.8979488375000001 0.165038759375 0.9990232562499999 0.3007813953125 0.9975581390625001 0.32324186093749996 0.990234884375 0.32617209375 0.9799813953125 0.287110078125 0.8833 0.25683565937499997 0.829102325
4 0.5107426359375 0.67382790625 0.48535193750000005 0.6767581390624999 0.45800775156249995 0.6591790703125 0.4570310078125 0.6752930234375001 0.4873054265625 0.7089837203125 0.522460465625 0.7412116281250001 0.54687441875 0.7514651156250001 0.54687441875 0.8393558140625 0.492187596875 0.906737209375 0.4863286828125 0.9184581390625001 0.492187596875 0.9243162796875 0.6689457359375 0.8642581390625 0.6982418609375001 0.8496093015625 0.6992186046875 0.8393558140625 0.5107426359375 0.67382790625
4 0.445313178125 0.49072325625 0.45312558125 0.58447209375 0.45507751875 0.5961906984375 0.4687503875 0.6079093015625 0.47460930156250003 0.578613953125 0.47070387656249996 0.47607441875 0.4482418609375 0.45996046562500004 0.445313178125 0.49072325625
4 0.47070387656249996 0.43212790625 0.47070387656249996 0.3237302328125 0.4345705421875 0.31347674375 0.43945271249999995 0.41748139531249995 0.47070387656249996 0.43212790625
