4 1 0.001465115625 0.6123054265625 0 0.5917969000000001 0.0102534890625 0.5976558140625 0.139160465625 0.586914728125 0.1669930234375 0.58007751875 0.162597675 0.5742186046875 0.1362302328125 0.5820310078125 0.095213953125 0.579102325 0.0117186046875 0.555663565625 0.0117186046875 0.5341798453125 0 0.2480465109375 0.001465115625 0.2548821703125 0.014648837500000001 0.36425736406250003 0.08496046562500001 0.36425736406250003 0.0937511625 0.3701178296875 0.0878906984375 0.48535193750000005 0.1669930234375 0.4892573640625 0.1875 0.49511782968749996 0.17285116250000002 0.5039069765625 0.1831046515625 0.5048821703125 0.210937209375 0.5126945734375 0.2021488375 0.5205085265625 0.210937209375 0.53222635625 0.20800697656249997 0.5439457359375 0.22265581406249998 0.5498046515625 0.21386744218749998 0.5537116281250001 0.2314441859375 0.585937984375 0.24462790625 0.602539534375 0.2314441859375 0.616210853125 0.23437441875 0.6201178296875 0.21972558125 0.631835659375 0.22265581406249998 0.6357426359375 0.21386744218749998 0.6396480625 0.22265581406249998 0.6435550390625 0.210937209375 0.663085271875 0.210937209375 0.6669922484375 0.1845697671875 0.6689457359375 0.19628837187499998 0.6767581390624999 0.19628837187499998 0.6826170546875 0.1757813953125 0.6923829453125 0.1875 0.6962883718749999 0.1699209296875 0.7021488375 0.17285116250000002 0.711914728125 0.1611325578125 0.7216790703125 0.1611325578125 0.7167969000000001 0.16552790625 0.7236325578125 0.1699209296875 0.727539534375 0.15234418593750002 0.7392573640625 0.164062790625 0.743164340625 0.1464837203125 0.7529302328125 0.15527441875 0.75 0.1479488375 0.7529302328125 0.1435558140625 0.7548821703125 0.15234418593750002 0.758789146875 0.1376953484375 0.7705085265625 0.149413953125 0.774413953125 0.1289069765625 0.78222635625 0.14062558125 0.790038759375 0.1230465109375 0.805663565625 0.11132790625 0.9638666671875 0.0263674421875 0.9638666671875 0.04687441875 0.9580077515625 0.0351558140625 0.9492186046875 0.042481395312499996 0.9482418609375 0.055665115625 0.9423829453125 0.041016279687500004 0.9404294578125001 0.055665115625 0.9257813953125 0.057127906250000006 0.9482418609375 0.06445348906250001 0.9492186046875 0.0805674421875 0.9560542640625 0.0820302328125 0.962889921875 0.07177674375000001 0.9531255812499999 0.06884651093750001 0.954102325 0.052734884375 0.959961240625 0.0585930234375 0.9716790703125 0.043944185937500005 0.9794914734375 0.04687441875 0.9814449609375 0.0585930234375 1 0.0395511625 1 0.001465115625
4 0.26660154999999996 0.0996093015625 0.125 0.0366209296875 0.125 0.09814418593749999 0.117187596875 0.109862790625 0.1376945734375 0.12011627968750001 0.1386713171875 0.13037209375 0.125 0.1420906984375 0.1230465109375 0.2065418609375 0.1376945734375 0.21386744218749998 0.1386713171875 0.2299813953125 0.1113286828125 0.250488371875 0.2529302328125 0.28710930156250003 0.257812403125 0.3002930234375 0.2597658921875 0.531737209375 0.2373054265625 0.5478511625 0.21777364375000002 0.5361325578125 0.12402325624999999 0.5449209296874999 0.1220697671875 0.5507813953125 0.1396480625 0.556639534375 0.1464837203125 0.5698232562500001 0.1513674421875 0.60937441875 0.17285116250000002 0.615234884375 0.19824186093750001 0.647460465625 0.21777364375000002 0.647460465625 0.23925736406250003 0.6269534890624999 0.2705085265625 0.632811628125 0.2919922484375 0.6210930234375 0.302734884375 0.6020511625 0.30468682187499996 0.5639651156250001 0.2792961234375 0.5346674421875 0.302734884375 0.5112302328125 0.30468682187499996 0.43212790625 0.34472713125 0.42773488437499996 0.38183565937499997 0.380860465625 0.40332092968750005 0.369139534375 0.40429612343750004 0.3852534890625 0.3779302328125 0.40722558124999997 0.37402325625 0.4248046515625 0.5214837203125 0.44677674375 0.523437209375 0.5229488375 0.53027286875 0.533202325 0.5517581390624999 0.539062790625 0.5605472875 0.5727534890625 0.5546868218750001 0.6254883718750001 0.5605472875 0.6694325578125 0.5664062015625 0.672362790625 0.57617209375 0.654786046875 0.5751953484375 0.2695302328125 0.3623054265625 0.1611325578125 0.26660154999999996 0.0996093015625
4 0 0.6167 0.0097658921875 0.6167 0.0478511625 0.6123046515625 0.053711628125 0.5625 0.1367193796875 0.5522465109375 0.1220697671875 0.5478511625 0.117187596875 0.5229488375 0.1132806203125 0.2563465109375 0.18066356562500002 0.26367209375 0.179686821875 0.235839534375 0.197265115625 0.2299813953125 0.193359690625 0.1977534890625 0.1855472875 0.203613953125 0.1757813953125 0.1450186046875 0.165038759375 0.14062558125 0.15234418593750002 0.1127930234375 0.15234418593750002 0.07177674375000001 0.1591798453125 0.1142581390625 0.164062015625 0.0747069765625 0.179686821875 0.06591860468750001 0.084961240625 0.0029302328125 0 0.0043953484375 0 0.22705116250000001 0.06347596875 0.243165115625 0.0742186046875 0.2534186046875 0.0732418609375 0.351562790625 0 0.344237209375 0 0.6167
4 0.76562480625 0.19482325625000002 0.727539534375 0.2021488375 0.6210930234375 0.2534186046875 0.6376945734375 0.27539069843749997 0.6562496125 0.27685581406250004 0.704102325 0.2373046515625 0.7333984499999999 0.2460930234375 0.7617193796875 0.2153325578125 0.76562480625 0.19482325625000002
4 0.9521488375 0.7060558140625 0.9648434109374999 0.6752930234375001 0.9667969 0.39111395312499997 1 0.3793953484375 0.9990232562499999 0.0820302328125 0.8701178296875 0.1464837203125 0.788085271875 0.17285116250000002 0.7617193796875 0.23876976718749998 0.7314449609375 0.26367209375 0.6923829453125 0.266602325 0.6611333328125 0.290039534375 0.631835659375 0.28710930156250003 0.6103519375 0.26074186093749996 0.57617209375 0.2709953484375 0.5810542640625 0.3867186046875 0.586914728125 0.3779302328125 0.6142573640625 0.380860465625 0.6416015500000001 0.3720697671875 0.6513674421875 0.336913953125 0.6757813953125 0.3618162796875 0.6757813953125 0.7368162796875 0.7158201546875 0.75 0.727539534375 0.7646488375 0.7470697671875 0.7646488375 0.75097674375 0.75 0.7607426359375 0.75 0.7646480625 0.773437209375 0.8105472875 0.7895511625 0.866210853125 0.7646488375 0.8916015500000001 0.7675790703125001 0.9033209296875 0.7001953484375 0.9521488375 0.7060558140625
4 0.9990232562499999 0.632811628125 0.9667969 0.7133790703125 1 0.7221674421875 0.9990232562499999 0.632811628125
4 0.9648434109374999 0.41162092968749997 0.9648434109374999 0.6430674421875 0.9667969 0.6665046515624999 0.9726558140625 0.6694325578125 1 0.5961906984375 0.9990232562499999 0.38378837187500003 0.96777364375 0.3896488375 0.9648434109374999 0.41162092968749997
4 0.3613286828125 0.874511628125 0.3613286828125 0.9008790703124999 0.3789069765625 0.9038093015625 0.38671937968750003 0.8920906984375 0.38671937968750003 0.8627930234375001 0.37402325625 0.858397675 0.3613286828125 0.874511628125
4 0.3574217046875 0.968262790625 0.36816434062500003 0.9785162796875 0.382812403125 0.9770511624999999 0.3847658921875 0.9418953484375001 0.3779302328125 0.9316395343749999 0.35839845000000004 0.9316395343749999 0.3574217046875 0.968262790625
4 0.7236325578125 0.820311628125 0.6845705421875 0.829102325 0.6611333328125 0.8144534890624999 0.6445317828125 0.7924813953125 0.6435550390625 0.7382813953125 0.6044914734375 0.711913953125 0.5810542640625 0.7060558140625 0.5712883718749999 0.7089837203125 0.562500775 0.725097675 0.556640309375 0.780762790625 0.53222635625 0.802734884375 0.49706976718749996 0.7646488375 0.4873054265625 0.7646488375 0.46582015468750004 0.773437209375 0.4560542640625 0.7998046515625 0.42089767499999997 0.8232418609375 0.416015503125 0.8627930234375001 0.41992248125 0.9184581390625001 0.41113333281250003 0.9316395343749999 0.3925782953125 0.9389651156250001 0.3945317828125 0.968262790625 0.38574263593749997 0.9843744187500001 0.3603519375 0.9843744187500001 0.34472713125 0.9433604656250001 0.31347596875 0.9580069765625 0.3144527125 0.9389651156250001 0.335937984375 0.912597675 0.3173829453125 0.90527441875 0.26074263593749997 0.9287116281250001 0.2539069765625 0.9565418609374999 0.243164340625 0.96972558125 0.193359690625 0.9917 0.19824186093750001 0.9990232562499999 0.632812403125 0.9975581390625001 0.6923829453125 0.9169930234375 0.7138666671875 0.9082023250000001 0.757812403125 0.8393558140625 0.7236325578125 0.820311628125
4 0.6035162796875 0.7075186046875 0.6464837203125 0.7309581390625 0.648437209375 0.64892558125 0.618164340625 0.618165115625 0.6054682171875 0.640137209375 0.6035162796875 0.7075186046875
4 0.295897675 0.7382813953125 0.287110078125 0.7397465109375 0.289062015625 0.8393558140625 0.30371162812499997 0.8320302328125001 0.3085937984375 0.8188465109375 0.3085937984375 0.7543953484375 0.295897675 0.7382813953125
4 0.40722635625 0.70312558125 0.4023441859375 0.7456046515625 0.414062015625 0.7456046515625 0.4482418609375 0.7294930234375 0.460937984375 0.6987302328125 0.460937984375 0.6811534890625001 0.40722635625 0.70312558125
4 0.0263674421875 0.8173837203125001 0.007812403125000001 0.8334953484375 0.008789146875 0.8496093015625 0.028320929687500003 0.8378906984375 0.086914728125 0.8408209296875 0.10449147343750001 0.881834884375 0.12597674375 0.881834884375 0.1357426359375 0.8730465109375001 0.1533209296875 0.884765115625 0.187500775 0.8862302328125 0.2529302328125 0.8642581390625 0.273437209375 0.8481441859375 0.274413953125 0.744139534375 0.0263674421875 0.8173837203125001
