4 0.2080077515625 0.102539534375 0.24902325625000002 0.12011627968750001 0.2783209296875 0.1464837203125 0.34472713125 0.2373046515625 0.47753953437499996 0.240234884375 0.4902341078125 0.2065418609375 0.5253906984375 0.16552790625 0.5214837203125 0.139160465625 0.5361333328125 0.131834884375 0.5429689921875 0.139160465625 0.54492248125 0.17431627968750002 0.56347596875 0.1875 0.5888666671875 0.2373046515625 0.6982418609375001 0.2285162796875 0.7226558140625 0.23876976718749998 0.8095705421874999 0.1611325578125 0.9492186046875 0.00732325625 0.12695348906249998 0.00732325625 0.2080077515625 0.102539534375
4 0.072265115625 0.5346674421875 0.0644527125 0.47607441875 0.04687441875 0.46142558125 0.0361333328125 0.4189441859375 0.023437209375 0.41748139531249995 0.0263674421875 0.404297675 0.028320929687500003 0.413086046875 0.031249612500000003 0.4086906984375 0.0205085265625 0.3896488375 0 0.399902325 0.0039069765625 0.41162092968749997 0 0.7045906984375 0.007812403125000001 0.7045906984375 0.015624806250000001 0.6987302328125 0.0332031 0.6459953484375001 0.0332031 0.546386046875 0.072265115625 0.5346674421875
4 0.337889921875 0.46142558125 0.3574217046875 0.44970697656249997 0.35937519375 0.3852534890625 0.3271488375 0.380860465625 0.19824186093750001 0.3164069765625 0.197265115625 0.43212790625 0.1894527125 0.43798837187500006 0.1855472875 0.46435581406250004 0.17675813906249999 0.4804697671875 0.15722635625 0.46582092968750005 0.1513674421875 0.48632790625 0.1367193796875 0.48193255781250005 0.1367193796875 0.537597675 0.15820309999999999 0.5434581390625 0.16015658906250002 0.593262790625 0.1855472875 0.593262790625 0.1855472875 0.5258790703125 0.212889921875 0.5170906984375 0.21093798437500003 0.47607441875 0.226562790625 0.43212790625 0.2353519375 0.42773488437499996 0.25 0.45556744218749995 0.25195348906250004 0.3647465109375 0.26074263593749997 0.3632813953125 0.3076170546875 0.38378837187500003 0.312500775 0.4086906984375 0.312500775 0.5141604656250001 0.305663565625 0.524413953125 0.272460465625 0.53027441875 0.2675782953125 0.537597675 0.2675782953125 0.5698232562500001 0.30371162812499997 0.5507813953125 0.3330077515625 0.5507813953125 0.337889921875 0.6049813953125 0.3457038765625 0.6254883718750001 0.3476558140625 0.5200186046875 0.333984496875 0.5053720937499999 0.3320310078125 0.48779302343750003 0.337889921875 0.46142558125
4 0 0.16552790625 0.056640309374999996 0.2153325578125 0.056640309374999996 0.3618162796875 0.08398449687500001 0.3881837203125 0.07812558124999999 0.344237209375 0.0820310078125 0.28857441875 0.085937984375 0.2622069765625 0.0966790703125 0.2460930234375 0.11035193750000001 0.243165115625 0.12695348906249998 0.2622069765625 0.13476589218749999 0.3002930234375 0.13476589218749999 0.37353488437500004 0.1455085265625 0.3779302328125 0.149413953125 0.26367209375 0.19824186093750001 0.295897675 0.2080077515625 0.2929697671875 0.208984496875 0.235839534375 0.225586046875 0.225586046875 0.2285162796875 0.2065418609375 0.2353519375 0.2050790703125 0.274413953125 0.25195348906250004 0.334961240625 0.30468837187500003 0.33984341093750003 0.27392558125 0.335937984375 0.235839534375 0.30371162812499997 0.1875 0.2705085265625 0.158202325 0.258789146875 0.1611325578125 0.2353519375 0.14062558125 0.1220697671875 0.005860465625 0.0048821703125 0.0029302328125 0 0.00732325625 0 0.16552790625
4 1 0.0190418609375 0.9853519374999999 0.008788371875000001 0.9501953484375001 0.0263674421875 0.883789146875 0.10546976718750001 0.8623054265625001 0.12011627968750001 0.8437503875000001 0.1479488375 0.8417969 0.171386046875 0.8300775187499999 0.1831046515625 0.8535162796875 0.1918953484375 0.8496093015625 0.2065418609375 0.8535162796875 0.218262790625 0.8457038765625 0.235839534375 0.8554682171874999 0.2563465109375 0.8505860468750001 0.43359302343749995 0.8076170546875 0.4394534890625 0.804686821875 0.423339534375 0.802734884375 0.265137209375 0.8134759687500001 0.23437441875 0.8437503875000001 0.23290930156249998 0.8408201546875 0.22265581406249998 0.8281255812499999 0.22412092968750003 0.8251953484375001 0.1875 0.8154294578125001 0.1992186046875 0.8095705421874999 0.1875 0.805663565625 0.2021488375 0.78027286875 0.210937209375 0.726562790625 0.2622069765625 0.7207038765625 0.5522465109375 0.8037116281250001 0.5800790703125001 0.835937984375 0.6108395343749999 0.8457038765625 0.725097675 0.835937984375 0.8188465109375 0.82617209375 0.83642558125 0.8300775187499999 0.85107441875 0.9462883718749999 0.993165115625 1 0.9946279062500001 1 0.0190418609375
4 0.7158201546875 0.290039534375 0.693359690625 0.2944325578125 0.70117209375 0.5756837203125 0.7167969000000001 0.5551767437499999 0.7187503875 0.531737209375 0.7207038765625 0.297362790625 0.7158201546875 0.290039534375
4 0.41503875937499995 0.5654302328125 0.41113333281250003 0.59472558125 0.35937519375 0.5961906984375 0.3613286828125 0.64892558125 0.37402325625 0.665039534375 0.431640309375 0.6694325578125 0.437500775 0.6606441859375 0.44140620156250004 0.5727534890625 0.43652403125 0.5625 0.41503875937499995 0.5654302328125
4 0.6347658921875 0.587402325 0.631835659375 0.5654302328125 0.6142573640625 0.5625 0.6054682171875 0.5668953484375 0.6054682171875 0.64892558125 0.6191410859375 0.64892558125 0.6210930234375 0.6196279062500001 0.647460465625 0.6123046515625 0.6523441859375 0.5991209296875 0.6347658921875 0.587402325
4 0.632812403125 0.8920906984375 0.62597674375 0.8759767437500001 0.5830077515625 0.86132790625 0.5478511625 0.867188371875 0.5029302328125 0.86132790625 0.4492186046875 0.8862302328125 0.4492186046875 0.9331046515624999 0.4570310078125 0.9389651156250001 0.5029302328125 0.9169930234375 0.5537116281250001 0.914062790625 0.6298821703125 0.9316395343749999 0.632812403125 0.8920906984375
4 0.7978511625 0.8408209296875 0.6845705421875 0.8378906984375 0.6728511625 0.8437511625 0.6689457359375 0.86132790625 0.662110078125 0.859862790625 0.6601565890625001 0.962402325 0.665038759375 0.9667976749999999 0.8330077515625 0.9667976749999999 0.8564449609375 0.9990232562499999 0.9394527125 0.9975581390625001 0.930663565625 0.9785162796875 0.819336434375 0.8466790703125 0.8076170546875 0.86132790625 0.7978511625 0.8408209296875
4 0.428711628125 0.7529302328125 0.4492186046875 0.7602534890625 0.45214883749999996 0.8349604656249999 0.4873054265625 0.82617209375 0.49609302343749995 0.8159186046875 0.48828062031249997 0.719237209375 0.45410232500000003 0.7148441859375 0.4267581390625 0.7412116281250001 0.3779302328125 0.7412116281250001 0.3613286828125 0.7631837203125 0.35839845000000004 0.779297675 0.335937984375 0.8012697671875 0.329102325 0.829102325 0.32031317812500004 0.8247069765624999 0.3173829453125 0.788086046875 0.2998046515625 0.788086046875 0.29492248125 0.7954093015625 0.29492248125 0.8334953484375 0.2812496125 0.8627930234375001 0.2792961234375 0.9272465109375 0.258789146875 0.9375 0.2373054265625 0.9287116281250001 0.2314449609375 0.960937209375 0.2216790703125 0.9638674421875001 0.2158201546875 0.9814441859375 0.2060542640625 0.9785162796875 0.195313178125 0.9887697671875 0.19628837187499998 0.9960930234375001 0.2460930234375 0.9975581390625001 0.2685550390625 0.9638674421875001 0.42285116250000004 0.9638674421875001 0.42382790625 0.7602534890625 0.428711628125 0.7529302328125
