4 0.050244960937500006 0.0009465109375000001 0.10200309999999999 0.040497675 0.1195813953125 0.07858372031250001 0.24848682187499999 0.1635441859375 0.4730961234375 0.1635441859375 0.47122790625000005 0.2 0.5072930234374999 0.2 0.5111829453125 0.1620790703125 0.5473162796875 0.1166697671875 0.5668465109375 0.0990906984375 0.61762790625 0.096160465625 0.71007751875 0.0012790703125 0.71007751875 0.0009465109375000001 0.050244960937500006 0.0009465109375000001
4 0 0.4209302328125 0.0071906984374999995 0.4209302328125 0.012559690625 0.4021418609375 0.012559690625 0.41093023281249996 0.028184496875 0.4021418609375 0.031762790624999995 0.4209302328125 0.042821704687500003 0.4209302328125 0.033066667187499996 0.1868093015625 0.0379503875 0.1619069765625 0.1053317828125 0.1809511625 0.11607441874999999 0.3962813953125 0.124863565625 0.3948162796875 0.124863565625 0.32157441875 0.131699225 0.305462790625 0.14048837187500002 0.30985581406249996 0.1424418609375 0.3684511625 0.1600201546875 0.377239534375 0.156113178125 0.21317674375 0.1688093015625 0.2087813953125 0.19810542656250002 0.2205 0.2049410859375 0.251262790625 0.20787131718750002 0.399211628125 0.2156837203125 0.399211628125 0.2205674421875 0.3801697671875 0.21861395312499998 0.26298139531250003 0.22154263593749998 0.25272790624999997 0.235215503125 0.249797675 0.24302790624999998 0.2292906984375 0.2527937984375 0.22343023281250002 0.3797472875 0.2292906984375 0.3934186046875 0.2087813953125 0.4635658921875 0.205860465625 0.4635658921875 0.1721534890625 0.250840309375 0.1706953484375 0.19615348906250002 0.1296813953125 0.125840309375 0.09452325624999999 0.09068372031250001 0.0417906984375 0.05552713124999999 0.01542325625 0.000840309375 0.0037046515625 0 0.36292558124999996 0 0.4209302328125
4 0 0.6330279062499999 0.0047038765625 0.637262790625 0.011539534375 0.6182186046875 0.0154465109375 0.48052325625 0.057438759375 0.46733953437500003 0.0945472875 0.47026976718749997 0.105289921875 0.6035697671875 0.12677519375 0.7119697671874999 0.17853178281249998 0.6607000000000001 0.188297675 0.6665581390625 0.20587596874999997 0.6607000000000001 0.21463410781249997 0.8139534890625001 0.21475813906250002 0.8139534890625001 0.22052403125 0.7793511625 0.23517364375 0.7544488375 0.244937984375 0.7515186046875 0.25177519375 0.7676325578125 0.252713178125 0.7493302328125 0.252713178125 0.7016488375 0.2361488375 0.2461488375 0.2254077515625 0.2417534890625 0.204899225 0.25200697656250004 0.2068527125 0.2666558140625 0.22052403125 0.27837441875 0.22052403125 0.2900930234375 0.204899225 0.2988837203125 0.2068527125 0.37212558125 0.20001705468750003 0.388239534375 0.164860465625 0.394097675 0.15997829531250002 0.38677441875 0.1541178296875 0.301811628125 0.13946976718749998 0.309137209375 0.135564340625 0.2974186046875 0.1297038765625 0.3120674421875 0.117986046875 0.2857 0.11310232499999999 0.2988837203125 0.11310232499999999 0.39849302343750004 0.0457193796875 0.417534884375 0.0320480625 0.21538604687500001 0.025212403124999998 0.25200697656250004 0.029117829687500003 0.2578674421875 0.0154465109375 0.284234884375 0.010564340625 0.2739813953125 0 0.2754209296875 0 0.6330279062499999
4 0.4474465109375 0.5166837203125 0.47478914687499996 0.5078953484375 0.47478914687499996 0.46687907031250003 0.45525891406249996 0.440511628125 0.466 0.4302581390625 0.49922480625 0.425986046875 0.49922480625 0.318962790625 0.49529767500000005 0.31307209375 0.39689922499999997 0.3174558140625 0.39689922499999997 0.322160465625 0.40252403125 0.43465348906249995 0.441586046875 0.43465348906249995 0.4406093015625 0.45662558124999997 0.411313178125 0.45662558124999997 0.40252403125 0.48152790625 0.40447751875 0.6455906984374999 0.40629767499999997 0.6674418609375 0.41264186093750005 0.6674418609375 0.41912558125 0.6382674421875 0.45135193749999997 0.628011628125 0.4474465109375 0.5166837203125
4 0.3469937984375 0.46912790624999995 0.3626186046875 0.45155116250000005 0.36652558125 0.46912790624999995 0.3729178296875 0.4697674421875 0.3811922484375 0.4697674421875 0.38294573593750003 0.3908418609375 0.38294573593750003 0.38267441875 0.3548062015625 0.3783069765625 0.3235565890625 0.3402209296875 0.3245333328125 0.46766279062500005 0.3469937984375 0.46912790624999995
4 0.374415503125 0.7767441859375 0.3695503875 0.8161534890625 0.382289921875 0.8209302328125 0.38535658906250003 0.8209302328125 0.38604651093750003 0.816788371875 0.38604651093750003 0.8074209296875001 0.37448682187500004 0.7767441859375 0.374415503125 0.7767441859375
4 0.40930232499999997 0.7569186046875 0.40106821718749996 0.74182325625 0.38739690000000004 0.7388930234375 0.3922790703125 0.78137441875 0.40365736406249997 0.80697674375 0.404088371875 0.80697674375 0.40930232499999997 0.7626534890625 0.40930232499999997 0.7569186046875
4 0.37816279062499997 0.9209302328125 0.4 0.8990930234375 0.4 0.8668860468749999 0.3920418609375 0.8469930234374999 0.3705581390625 0.8469930234374999 0.36762790624999997 0.8543162796875 0.36372248125 0.9099813953125 0.3764961234375 0.9209302328125 0.37816279062499997 0.9209302328125
4 0.33042635625 0.7300209296875 0.36069922499999996 0.72562790625 0.3646062015625 0.7051186046875 0.38604651093750003 0.6897372093749999 0.38604651093750003 0.6711488375 0.384137984375 0.637737209375 0.2864806203125 0.6465255812499999 0.2874573640625 0.741739534375 0.2776914734375 0.7739674421875 0.26792558125 0.803262790625 0.2464418609375 0.82377209375 0.20347286874999998 0.9087325578125001 0.21569612343750003 0.9186046515624999 0.220663565625 0.9186046515624999 0.3196837203125 0.910197675 0.34214573593750003 0.9175209296875 0.351910078125 0.905802325 0.35972248125 0.7358813953125 0.33042635625 0.7300209296875
4 0.7215860468749999 0 0.6210573640625 0.1010162796875 0.6288697671875 0.9945720937500001 0.6636139531249999 0.9953488374999999 0.7597488375 0.9953488374999999 0.763635659375 0.5639069765625 0.638635659375 0.487734884375 0.63277674375 0.139102325 0.7674418609375 0.0323325578125 0.7674418609375 0 0.7215860468749999 0
4 0.5904434109375 0.2988302328125 0.5045069765625 0.31347674375 0.5054837203125 0.5141604656250001 0.54552248125 0.51562558125 0.555288371875 0.53027441875 0.5904434109375 0.5449232562499999 0.5963038765625 0.5625 0.6217054265625 0.563911628125 0.6217054265625 0.46366279062500004 0.5738418609375 0.42919999999999997 0.5748186046875 0.4189465109375 0.6207178296875 0.41162325624999996 0.6216945734375 0.3867209296875 0.6158341078125 0.3867209296875 0.6119286828125 0.4013674421875 0.6080217046875 0.3867209296875 0.5914201546875 0.38232558125 0.60899845 0.373537209375 0.60997519375 0.3369162796875 0.6129054265625 0.373537209375 0.6207178296875 0.373537209375 0.6207178296875 0.30322325625 0.5904434109375 0.2988302328125
