4 0 0.24169999999999997 0.006835659375 0.2548837203125 0.0986325578125 0.2841790703125 0.1220697671875 0.2812511625 0.117187596875 0.265137209375 0.11914108593749999 0.17431627968750002 0.131835659375 0.1611325578125 0.170897675 0.1611325578125 0.17187441875 0.139160465625 0.164062015625 0.13037209375 0.162110078125 0.109862790625 0.1669922484375 0.0996093015625 0.1826170546875 0.0996093015625 0.193359690625 0.1274418609375 0.181640309375 0.1596674421875 0.23242170468749998 0.203613953125 0.23242170468749998 0.2915046515625 0.22753953437500002 0.30468837187500003 0.24902325625000002 0.3076162796875 0.2548821703125 0.3251953484375 0.2841798453125 0.3398441859375 0.38183565937499997 0.3720697671875 0.45117209375 0.37646511562499996 0.6689457359375 0.3310558140625 0.6796868218750001 0.3237302328125 0.6826170546875 0.30468837187500003 0.6953131781249999 0.3002930234375 0.6914062015625 0.2944325578125 0.7001953484375 0.2812511625 0.704102325 0.30468837187500003 0.7187503875 0.3002930234375 0.712889921875 0.27685581406250004 0.7167969000000001 0.2622069765625 0.70312558125 0.2563465109375 0.70507751875 0.235839534375 0.6953131781249999 0.22705116250000001 0.697265115625 0.1918953484375 0.65527286875 0.1875 0.6367193796875 0.162597675 0.6367193796875 0.1479488375 0.666015503125 0.1127930234375 0.6689457359375 0.0937511625 0.6796868218750001 0.08935581406250001 0.6757813953125 0.057127906250000006 0.6679689921875 0.06591860468750001 0.6679689921875 0.0454093015625 0.6591798453125 0.023437209375 0.6533209296875 0.041016279687500004 0.6513674421875 0.023437209375 0.632812403125 0.016113953125 0.648437209375 0.0102534890625 0.633789146875 0.005860465625 0.01660155 0 0.0136713171875 0.0190418609375 0 0.024902325 0 0.24169999999999997
4 0.8339844968750001 0.212402325 0.84472713125 0.1904302328125 0.8798821703125 0.2021488375 0.8613286828125 0.235839534375 0.9033209296875 0.2460930234375 0.9111333328125 0.2841790703125 0.9970697671875 0.272460465625 1 0.001465115625 0.649413953125 0.005860465625 0.6513674421875 0.023437209375 0.6611333328125 0.014648837500000001 0.6679689921875 0.0278325578125 0.67187441875 0.0747069765625 0.664062015625 0.1215813953125 0.6962883718749999 0.1289069765625 0.70312558125 0.1420906984375 0.694336434375 0.164062790625 0.6582030999999999 0.1918953484375 0.6562496125 0.2065418609375 0.666015503125 0.212402325 0.6601565890625001 0.2622069765625 0.664062015625 0.3237302328125 0.6591798453125 0.32812558125 0.6513674421875 0.3164069765625 0.6455085265625 0.3310558140625 0.632812403125 0.3325186046875 0.6562496125 0.3354488375 0.8017581390625 0.3076162796875 0.8066403093750001 0.27392558125 0.8437503875000001 0.24462790625 0.8339844968750001 0.212402325
4 1 0.8833 0.9853519374999999 0.8789069765624999 0.9785162796875 0.9213860468749999 0.9550775187499999 0.93017674375 0.9550775187499999 0.9946279062500001 1 0.9975581390625001 1 0.8833
4 0.8320310078125001 0.9770511624999999 0.8212883718749999 0.9814441859375 0.8154294578125001 0.9521488375 0.812500775 0.9770511624999999 0.8076170546875 0.9785162796875 0.79882790625 0.8422860468750001 0.788085271875 0.8349604656249999 0.7617193796875 0.8393558140625 0.7617193796875 0.9711906984375 0.75 0.9917 0.7529302328125 0.9960930234375001 0.914062015625 0.9975581390625001 0.9160155031249999 0.8979488375000001 0.90527286875 0.884765115625 0.8369147281249999 0.8759767437500001 0.8320310078125001 0.9770511624999999
4 0.708984496875 0.9096674421875001 0.70507751875 0.9389651156250001 0.7001953484375 0.9404302328125 0.697265115625 0.91552790625 0.708984496875 0.812988371875 0.6962883718749999 0.802734884375 0.6376945734375 0.788086046875 0.6123054265625 0.8144534890624999 0.600586046875 0.7998046515625 0.5341798453125 0.7851558140625 0.48535193750000005 0.7675790703125001 0.47753953437499996 0.755860465625 0.42089767499999997 0.773437209375 0.3935550390625 0.7675790703125001 0.3886713171875 0.8950186046875 0.375 0.8920906984375 0.375 0.8100581390625001 0.3701178296875 0.7998046515625 0.3330077515625 0.8173837203125001 0.319336434375 0.9521488375 0.30468682187499996 0.94482325625 0.30468682187499996 0.827637209375 0.28222635625 0.820311628125 0.26171937968750003 0.83642558125 0.26171937968750003 0.8715813953125 0.287110078125 0.9038093015625 0.287110078125 0.9213860468749999 0.2773441859375 0.9389651156250001 0.2783209296875 0.9990232562499999 0.7363286828125 0.9975581390625001 0.7382806203125 0.8569325578125 0.726562790625 0.8627930234375001 0.7226558140625 0.8862302328125 0.708984496875 0.9096674421875001
4 0.8691410859375001 0.6284186046875 0.89062480625 0.6167 0.8935550390625 0.5888674421875 0.9316403093750001 0.5727534890625 0.8496093015625 0.5581046515625 0.8496093015625 0.4145511625 0.851562790625 0.39697209375 0.8642573640625001 0.3925790703125 0.960937984375 0.3881837203125 0.9589844968750001 0.5639651156250001 0.9814449609375 0.568360465625 0.98437519375 0.6020511625 0.9892573640625001 0.60937441875 0.9980465109375001 0.6049813953125 0.9990232562499999 0.2783209296875 0.9130852718750001 0.2929697671875 0.9062496124999999 0.297362790625 0.9033209296875 0.32812558125 0.8642573640625001 0.34570232500000003 0.8154294578125001 0.3486325578125 0.8066403093750001 0.3413093015625 0.8037116281250001 0.3164069765625 0.7617193796875 0.326660465625 0.757812403125 0.6459953484375001 0.7636713171875 0.657713953125 0.795897675 0.6533209296875 0.8173829453125 0.6357418609375001 0.866210853125 0.6533209296875 0.8691410859375001 0.6284186046875
4 1 0.83642558125 0.9951178296875 0.82617209375 0.9902341078125 0.8334953484375 0.9882806203125 0.8217767437499999 0.9960930234375001 0.8159186046875 0.9882806203125 0.812988371875 0.9882806203125 0.7983395343749999 0.9951178296875 0.7998046515625 0.9960930234375001 0.7924813953125 0.9892573640625001 0.7939441859375 0.9853519374999999 0.779297675 0.9833984499999999 0.7910162796875 0.9716790703125 0.7910162796875 0.9707038765625 0.7983395343749999 0.98437519375 0.8247069765624999 0.9882806203125 0.85107441875 0.98437519375 0.8627930234375001 0.9921875968749999 0.8715813953125 1 0.8657232562500001 1 0.83642558125
4 1 0.6108395343749999 0.993164340625 0.5654302328125 0.9892573640625001 0.5712883718749999 0.96777364375 0.5625 0.8740232562499999 0.5654302328125 0.8720697671875 0.5800790703125001 0.835937984375 0.6020511625 0.8437503875000001 0.6108395343749999 0.835937984375 0.6254883718750001 0.8486325578124999 0.632811628125 0.8583984499999999 0.6533209296875 0.868164340625 0.6533209296875 0.8759767437500001 0.6298837203125001 0.8916015500000001 0.6269534890624999 0.9111333328125 0.6591790703125 0.9423829453125 0.6445302328125 0.9814449609375 0.6855465109375001 0.9921875968749999 0.7104488375 0.976562790625 0.7456046515625 0.9863286828125 0.7543953484375 0.98437519375 0.766113953125 0.9726558140625 0.77197209375 0.991210853125 0.773437209375 0.9960930234375001 0.7836906984375 0.9980465109375001 0.7690418609375 0.9882806203125 0.7690418609375 0.9882806203125 0.7543953484375 0.9951178296875 0.7617186046875 1 0.7514651156250001 1 0.6108395343749999
4 0.7070310078125 0.6372069765624999 0.7314449609375 0.6269534890624999 0.7529302328125 0.665039534375 0.7558589140625 0.657713953125 0.7548821703125 0.322265115625 0.6503906984375 0.3471674421875 0.6542961234375 0.54052790625 0.6728511625 0.539062790625 0.677734884375 0.5522465109375 0.6689457359375 0.5625 0.65722635625 0.5537116281250001 0.6523441859375 0.5727534890625 0.6503906984375 0.780762790625 0.65722635625 0.7910162796875 0.6914062015625 0.7924813953125 0.693359690625 0.7426767437499999 0.70312558125 0.7163093015625 0.70117209375 0.6665046515624999 0.7070310078125 0.6372069765624999
4 0.6542961234375 0.3559581390625 0.67187441875 0.344237209375 0.42285116250000004 0.3896488375 0.42187441875 0.6459953484375001 0.4345705421875 0.6533209296875 0.4404294578125 0.641602325 0.46777364375 0.647460465625 0.47460930156250003 0.6870116281249999 0.48339845 0.697265115625 0.4902341078125 0.6870116281249999 0.49316434062500003 0.5712883718749999 0.6142573640625 0.5771488375 0.617187596875 0.7045906984375 0.6386713171875 0.7221674421875 0.64062480625 0.780762790625 0.6679689921875 0.7866209296875 0.6591798453125 0.78222558125 0.6464837203125 0.7543953484375 0.6562496125 0.7456046515625 0.6542961234375 0.3559581390625
4 0.19824186093750001 0.881834884375 0.21093798437500003 0.8803720937499999 0.243164340625 0.867188371875 0.24218759687500002 0.8452139531249999 0.1855472875 0.8657232562500001 0.19824186093750001 0.881834884375
4 0.8779302328125 0.8789069765624999 0.8388666671875 0.8789069765624999 0.8320310078125001 0.8950186046875 0.8339844968750001 0.968262790625 0.8232418609375 0.9814441859375 0.8154294578125001 0.9492186046875 0.812500775 0.9770511624999999 0.8076170546875 0.9785162796875 0.79882790625 0.8481441859375 0.7939457359375 0.8378906984375 0.7636713171875 0.8393558140625 0.7617193796875 0.9770511624999999 0.7519534890624999 0.9917 0.756835659375 0.9990232562499999 0.914062015625 0.9975581390625001 0.9160155031249999 0.9038093015625 0.90527286875 0.884765115625 0.8916015500000001 0.8906255812499999 0.8779302328125 0.8789069765624999
4 0.697265115625 0.9360348843749999 0.708984496875 0.8217767437499999 0.6982418609375001 0.802734884375 0.6357426359375 0.788086046875 0.6123054265625 0.8144534890624999 0.59277364375 0.79687441875 0.4873054265625 0.7705069765625 0.4736325578125 0.7529302328125 0.428711628125 0.773437209375 0.3935550390625 0.7705069765625 0.3886713171875 0.8950186046875 0.375 0.8920906984375 0.3720697671875 0.7998046515625 0.334961240625 0.8173837203125001 0.33007751875 0.8247069765624999 0.319336434375 0.9521488375 0.30468682187499996 0.94482325625 0.30468682187499996 0.827637209375 0.2841798453125 0.820311628125 0.2597658921875 0.8393558140625 0.26171937968750003 0.874511628125 0.28222635625 0.8906255812499999 0.287110078125 0.9038093015625 0.28515658906249997 0.93017674375 0.2773441859375 0.9418953484375001 0.28027286875 0.9990232562499999 0.7382806203125 0.9975581390625001 0.7353519375 0.858397675 0.726562790625 0.8627930234375001 0.70507751875 0.9389651156250001 0.697265115625 0.9360348843749999
