4 0.5712883718749999 0.0996093015625 0.5986325578125 0.108397675 0.6796868218750001 0.001465115625 0.4423829453125 0 0.43359379843749996 0.0278325578125 0.43945271249999995 0.054200000000000005 0.43359379843749996 0.08642558125000001 0.44726511562500004 0.11865348906249999 0.430663565625 0.134765115625 0.42382790625 0.109862790625 0.413085271875 0.0996093015625 0.412110078125 0.1215813953125 0.3935550390625 0.1464837203125 0.3789069765625 0.11572325624999999 0.382812403125 0.10107441875 0.37304651093749996 0.0454093015625 0.38574263593749997 0.0263674421875 0.40332092968750005 0.023437209375 0.40917984531249996 0 0.164062015625 0.001465115625 0.1894527125 0.1362302328125 0.209961240625 0.1992186046875 0.446288371875 0.26074186093749996 0.4687503875 0.25927674375 0.47460930156250003 0.2534186046875 0.47460930156250003 0.2299813953125 0.56152403125 0.108397675 0.5712883718749999 0.0996093015625
4 0 0.9946279062500001 0.1503906984375 0.9975581390625001 0.164062015625 0.9917 0.181640309375 0.9184581390625001 0.179686821875 0.46728604687499997 0.20507751875000002 0.45556744218749995 0.20507751875000002 0.2065418609375 0.1533209296875 0.0029302328125 0.0439457359375 0 0.048827906250000004 0.024902325 0.16015658906250002 0.2534186046875 0.15429612343750002 0.3295906984375 0.15429612343750002 0.484862790625 0.162110078125 0.5551767437499999 0 0.6313465109374999 0 0.9184581390625001 0.0292961234375 0.9243162796875 0.023437209375 0.9536139531250001 0 0.9799813953125 0 0.9946279062500001
4 0.43554728750000005 0.3383790703125 0.43847596875 0.3310558140625 0.46972713125 0.3339837203125 0.47656279062499995 0.3471674421875 0.4736325578125 0.26367209375 0.22753953437500002 0.2050790703125 0.20507751875000002 0.2065418609375 0.2080077515625 0.46582092968750005 0.25195348906250004 0.46728604687499997 0.2558589140625 0.4204093015625 0.25195348906250004 0.28857441875 0.2685550390625 0.28710930156250003 0.40722635625 0.31347674375 0.4101565890625 0.46728604687499997 0.4189457359375 0.47460930156250003 0.4687503875 0.47314418593749996 0.47851627968750005 0.46728604687499997 0.47460930156250003 0.37353488437500004 0.43847596875 0.369139534375 0.43554728750000005 0.3383790703125
4 0.1845705421875 0.7294930234375 0.1855472875 0.766113953125 0.1914062015625 0.774902325 0.1914062015625 0.6372069765624999 0.1845705421875 0.615234884375 0.181640309375 0.7368162796875 0.1845705421875 0.7294930234375
4 0.3310542640625 0.5478511625 0.258789146875 0.5507813953125 0.25097674375 0.47167907031249995 0.1845705421875 0.46582092968750005 0.181640309375 0.6020511625 0.187500775 0.6049813953125 0.21386666718749997 0.585937209375 0.3544914734375 0.5742186046875 0.3574217046875 0.5610348843749999 0.3310542640625 0.5478511625
4 0.8457038765625 0.531737209375 0.84472713125 0.509765115625 0.8398434109374999 0.5141604656250001 0.8437503875000001 0.5346674421875 0.8281255812499999 0.537597675 0.8242186046875 0.6225581390625 0.8115240312499999 0.6357418609375001 0.7832030999999999 0.6254883718750001 0.7812496125 0.5522465109375 0.789062015625 0.5258790703125 0.7812496125 0.5083 0.7832030999999999 0.47314418593749996 0.7646480625 0.4687511625 0.7626945734375 0.45996046562500004 0.756835659375 0.4687511625 0.7470697671875 0.4570302328125 0.7216790703125 0.45996046562500004 0.7158201546875 0.4423837203125 0.6396480625 0.45117209375 0.6298821703125 0.47460930156250003 0.5986325578125 0.4804697671875 0.5966790703125 0.49218837187500003 0.5478511625 0.49218837187500003 0.5351565890625001 0.5170906984375 0.5341798453125 0.5507813953125 0.5195317828125 0.5493162796875 0.523437209375 0.5112302328125 0.5166015500000001 0.48339767499999997 0.41503875937499995 0.47753953437499996 0.4062496125 0.5434581390625 0.3789069765625 0.5551767437499999 0.3798821703125 0.5712883718749999 0.46972713125 0.568360465625 0.5048821703125 0.5771488375 1 0.7485348843749999 0.9990232562499999 0.4248046515625 0.8544914734375 0.4423837203125 0.851562790625 0.531737209375 0.8457038765625 0.531737209375
4 1 0.42626976718750004 0.8935550390625 0.43359302343749995 0.788085271875 0.45410232500000003 0.7216790703125 0.45410232500000003 0.7158201546875 0.4423837203125 0.6982418609375001 0.4423837203125 0.6416015500000001 0.45117209375 0.6279302328125 0.47753953437499996 0.5214837203125 0.484862790625 0.5214837203125 0.5053720937499999 0.5283209296875 0.5185558140625 0.545897675 0.5126953484375 0.5507813953125 0.5288093015625 0.5595705421875 0.533202325 0.59472713125 0.53027441875 0.602539534375 0.5126953484375 0.6220697671875 0.5126953484375 0.6298821703125 0.50097674375 0.6962883718749999 0.51562558125 0.7294914734375 0.5126953484375 0.7363286828125 0.5200186046875 0.7363286828125 0.5493162796875 0.742187596875 0.5610348843749999 0.7451178296875 0.51562558125 0.78027286875 0.51562558125 0.7841798453125 0.5419930234375 0.9775395343750001 0.5361325578125 0.9833984499999999 0.5185558140625 1 0.5141604656250001 1 0.42626976718750004
4 0.68652403125 0 0.6035162796875 0.10400465156250001 0.6044914734375 0.1142581390625 0.6425782953125 0.1362302328125 0.6347658921875 0.18017674374999998 0.6347658921875 0.44677674375 0.6601565890625001 0.44677674375 0.7148434109374999 0.4350581390625 0.712889921875 0.2211906984375 0.7001953484375 0.1992186046875 0.6826170546875 0.22265581406249998 0.6689457359375 0.2285162796875 0.664062015625 0.218262790625 0.666015503125 0.188965115625 0.6767581390624999 0.17285116250000002 0.7021488375 0.1669930234375 0.712889921875 0.139160465625 0.7148434109374999 0.0278325578125 0.709961240625 0 0.68652403125 0
4 0.211914728125 0.62402325625 0.20507751875000002 0.63427674375 0.2070310078125 0.7016604656250001 0.23046821718750002 0.7045906984375 0.28222635625 0.6914069765625 0.3007813953125 0.6606441859375 0.3007813953125 0.6167 0.211914728125 0.62402325625
4 0.2626945734375 0.71777441875 0.209961240625 0.7236325578125 0.208984496875 0.8159186046875 0.2285162796875 0.8188465109375 0.2978511625 0.7998046515625 0.3007813953125 0.733886046875 0.2685550390625 0.7294930234375 0.2626945734375 0.71777441875
4 0.443359690625 0.7485348843749999 0.43847596875 0.744139534375 0.4101565890625 0.7573232562500001 0.4101565890625 0.827637209375 0.40527286875 0.8349604656249999 0.3310542640625 0.8525395343750001 0.30371162812499997 0.867188371875 0.2978511625 0.802734884375 0.21386666718749997 0.8232418609375 0.20312558125 0.85107441875 0.177734884375 0.985839534375 0.17871162812500002 0.9990232562499999 0.48437519375000004 0.9975581390625001 0.48437519375000004 0.9770511624999999 0.460937984375 0.93017674375 0.445313178125 0.9184581390625001 0.443359690625 0.7485348843749999
