4 0.28613333281250003 0 0.2792961234375 0.0190418609375 0.2783209296875 0.06445348906250001 0.25195348906250004 0.0454093015625 0.25195348906250004 0.0278325578125 0.26562480625 0.016113953125 0.26660154999999996 0 0 0.001465115625 0 0.6606441859375 0.030272868749999998 0.6591790703125 0.040038759374999996 0.6767581390624999 0.06542945781250001 0.670897675 0.079102325 0.6826162796874999 0.20410232499999997 0.6679697671875 0.23242170468749998 0.7221674421875 0.23046821718750002 0.8100581390625001 0.2353519375 0.820311628125 0.2480465109375 0.8217767437499999 0.274413953125 0.802734884375 0.288085271875 0.802734884375 0.2978511625 0.8144534890624999 0.3271488375 0.805665115625 0.616210853125 0.6826162796874999 0.742187596875 0.725097675 0.741210853125 0.375 0.7080077515625 0.375 0.7001953484375 0.3955069765625 0.6757813953125 0.399902325 0.6757813953125 0.5112302328125 0.681640309375 0.5581046515625 0.6748046515625 0.585937209375 0.6582030999999999 0.5815418609375 0.662110078125 0.41162092968749997 0.6386713171875 0.39697209375 0.6386713171875 0.3881837203125 0.6582030999999999 0.36767674375000003 0.6523441859375 0.32080000000000003 0.6562496125 0.28564418593749996 0.6455085265625 0.2695302328125 0.631835659375 0.2695302328125 0.6230465109375001 0.25927674375 0.6279302328125 0.243165115625 0.6533209296875 0.240234884375 0.6582030999999999 0.2299813953125 0.6582030999999999 0.16552790625 0.6533209296875 0.15234418593750002 0.6445317828125 0.1508790703125 0.647460465625 0.14062558125 0.64062480625 0.1420906984375 0.6396480625 0.164062790625 0.62597674375 0.164062790625 0.6220697671875 0.1757813953125 0.6123054265625 0.17285116250000002 0.4189457359375 0.0205069765625 0.38183565937499997 0 0.28613333281250003 0
4 0.8281255812499999 0.021972093749999998 0.8535162796875 0.001465115625 0.819336434375 0 0.820313178125 0.021972093749999998 0.8281255812499999 0.021972093749999998
4 0.6191410859375 0.001465115625 0.704102325 0.10546976718750001 0.7187503875 0.1069325578125 0.7148434109374999 0.10400465156250001 0.7832030999999999 0.048339534375 0.78222635625 0 0.6191410859375 0.001465115625
4 0.3925782953125 0.001465115625 0.5654294578125 0.14062558125 0.6191410859375 0.17431627968750002 0.647460465625 0.15527441875 0.6855472875 0.1127930234375 0.59472713125 0 0.3925782953125 0.001465115625
4 0.7236325578125 0.1289069765625 0.7470697671875 0.131834884375 0.7675782953125 0.156737209375 0.7783209296875 0.1845697671875 0.7832030999999999 0.1831046515625 0.7841798453125 0.055665115625 0.78027286875 0.070311628125 0.7187503875 0.11572325624999999 0.7236325578125 0.1289069765625
4 0.8330077515625 0.03222558125 0.8212883718749999 0.023437209375 0.8339844968750001 0.0834953484375 0.8398434109374999 0.10107441875 0.8476558140625 0.10400465156250001 0.9951178296875 0.0205069765625 1 0.001465115625 0.8779302328125 0 0.8330077515625 0.03222558125
4 0.7597658921875 0.7045906984375 0.7636713171875 0.7514651156250001 0.7558589140625 0.77197209375 0.7558589140625 0.906737209375 0.76562480625 0.9243162796875 0.76562480625 0.9477534890625 0.787110078125 0.95947209375 0.787110078125 0.6987302328125 0.7695317828125 0.6870116281249999 0.7666015500000001 0.6621093015625 0.7597658921875 0.7045906984375
4 0.7597658921875 0.6254883718750001 0.76562480625 0.63427674375 0.7666015500000001 0.6591790703125 0.7695317828125 0.6313465109374999 0.7753906984375 0.6313465109374999 0.7753906984375 0.6811534890625001 0.787110078125 0.6811534890625001 0.787110078125 0.37646511562499996 0.7783209296875 0.36621162812499997 0.757812403125 0.37646511562499996 0.7597658921875 0.6254883718750001
4 1 0.812988371875 0.883789146875 0.7705069765625 0.8867193796875 0.8540046515625 0.8554682171874999 0.9331046515624999 0.8574217046875001 0.9946279062500001 1 0.9975581390625001 1 0.812988371875
4 1 0.6049813953125 0.9990232562499999 0.1142581390625 0.8808589140624999 0.171386046875 0.8828124031250001 0.766113953125 0.9667969 0.7924813953125 0.9726558140625 0.7602534890625 0.9863286828125 0.7543953484375 0.9863286828125 0.6225581390625 1 0.6049813953125
