4 0.9255813953124999 0.0018860468750000001 0.9255813953124999 0.001713953125 0.6319689921875 0.0002511625 0.6388046515625 0.10132558124999999 0.6222031 0.123297675 0.5870465109375 0.13501627968750002 0.5675162796875 0.132086046875 0.5548201546875 0.118902325 0.5636093015625 0.0002511625 0.30872713125 0.0017162796875 0.4425162796875 0.09693023281249999 0.501110078125 0.1291581390625 0.5304062015625 0.16138372031249998 0.5816077515625 0.17674418593750002 0.5855813953125 0.17674418593750002 0.9255813953124999 0.0018860468750000001
4 1 0.3319302328125 0.999139534375 0.0029906984375 0.9542186046875001 0.0059186046875000006 0.9151550390625 0.0205674421875 0.8643736437499999 0.0527953484375 0.6046093015625 0.1699813953125 0.5801953484375 0.1919558140625 0.58507751875 0.298888371875 0.590936434375 0.284239534375 0.6182806203125 0.2871697671875 0.701288371875 0.2710558140625 0.6973829453125 0.43804883749999995 0.6837100781250001 0.555234884375 0.6837100781250001 0.6050418609375 0.69347596875 0.6372674421875 0.69152248125 0.6548465109375 0.70812403125 0.6680279062500001 0.8594914734374999 0.7251581390624999 0.8780465109375 0.6914674421875 0.9200387593749999 0.6694930234375 0.9356635656250001 0.555234884375 0.934686821875 0.518613953125 0.8829286828124999 0.5112906984375 0.888789146875 0.4732046515625 0.8848821703124999 0.44683720937500004 0.9092961234375 0.43072325625 0.9385937984374999 0.4277953484375 0.9522651156249999 0.392637209375 0.9874217046875 0.3867790703125 1 0.3766186046875 1 0.3319302328125
4 0.0015503875 0 0.0015503875 0.13688139531250001 0.0244449609375 0.113986046875 0.036164340625 0.113986046875 0.050812403125 0.12423953437499999 0.05960155 0.160860465625 0.2265937984375 0.209202325 0.24417209374999999 0.44650697656249994 0.2617503875 0.449434884375 0.2617503875 0.4699441859375 0.24612403125 0.4787325578125 0.2617503875 0.7072488375 0.2666325578125 0.723360465625 0.29495348906249996 0.7131069765625 0.29202325625 0.7321511625 0.2656558140625 0.7511930234374999 0.269562790625 0.7834209296875 0.2776480625 0.790697675 0.281713178125 0.790697675 0.5058899218749999 0.6486534890625 0.5000310078125 0.6340069765624999 0.5078434109375001 0.622286046875 0.5078434109375001 0.5314674421875 0.565460465625 0.5094953484375 0.5703441859375 0.499239534375 0.5703441859375 0.44357674375 0.5781565890625 0.43478604687500005 0.5742496125 0.3586162796875 0.5813953484375001 0.326460465625 0.5813953484375001 0.3228581390625 0.5722961234375 0.3146697671875 0.5742496125 0.1886930234375 0.5263984500000001 0.1696511625 0.4658511625 0.12277441874999999 0.41311627968750003 0.099337209375 0.29397674375 0.0173069765625 0.24782480625 0 0.1806589140625 0 0.176789146875 0.029025581249999998 0.15237519375 0.036348837499999995 0.1484682171875 0.0715069765625 0.1533519375 0.0876186046875 0.144562790625 0.06857674375 0.1484682171875 0.0334209296875 0.1406558140625 0.01877209375 0.146514728125 0.0158418609375 0.1263534890625 0 0.0015503875 0
4 0.9314186046874999 0.759686046875 0.9520976750000001 0.7674418609375 0.9550031000000001 0.7674418609375 0.959689921875 0.734634884375 0.959689921875 0.726265115625 0.9343472875 0.6967 0.9314186046874999 0.759686046875
4 0.9123860468749999 0.748837209375 0.9209302328125 0.748837209375 0.9209302328125 0.6947697671874999 0.88067596875 0.71302325625 0.8796992250000001 0.7408558140625 0.9123860468749999 0.748837209375
4 0.9984496125 0.8406325578124999 0.9984496125 0.518437209375 0.9764713171875 0.7320046515625 0.9881906984375 0.752513953125 0.986237209375 0.79352790625 0.9984496125 0.8406325578124999
4 0.9782945734374999 0.544365115625 0.9782945734374999 0.5384418609375 0.964310078125 0.5510279062500001 0.9613798453125 0.5437046515625 0.9691922484375001 0.520265115625 0.9541302328124999 0.5162790703125 0.9525488375 0.5162790703125 0.935989146875 0.675539534375 0.96037364375 0.709302325 0.9615209296874999 0.709302325 0.9782945734374999 0.544365115625
4 0.972637209375 0.46046511562500003 0.950697675 0.47906744218749997 0.95362790625 0.4922511625 0.9654837203125 0.49302325625 0.9751937984374999 0.49302325625 0.9751937984374999 0.48342558125 0.9731968999999999 0.46046511562500003 0.972637209375 0.46046511562500003
4 0.0279333328125 0.99767441875 0.0500046515625 0.99767441875 0.09951937968749999 0.9966558140625 0.10232558124999999 0.9945534890625 0.10232558124999999 0.9896 0.09951937968749999 0.9790790703125 0.0731534890625 0.9424581390625001 0.030184496875 0.960034884375 0.0233488375 0.9907976749999999 0.0279333328125 0.99767441875
4 0.23593643437499998 0.8181837203125 0.223240309375 0.702462790625 0.1246077515625 0.7449418609375 0.1586945734375 0.99767441875 0.4719519375 0.99767441875 0.8277333328125 0.9968953484374999 0.8423813953125 0.9602744187500001 0.9107410859374999 0.9456255812500001 0.9224806203125 0.9361441859375 0.9224806203125 0.8930953484374999 0.9195302328125001 0.7625209296875 0.8873038765624999 0.74347674375 0.8755844968750001 0.7551953484375 0.859959690625 0.734688371875 0.6705069765625 0.655586046875 0.59042790625 0.6350790703125 0.570897675 0.6438674421874999 0.5533193796875 0.6292186046875 0.5455069765625 0.6321488375000001 0.5123038765625 0.6614465109375 0.5044914734375 0.6585162796875 0.42050697656249997 0.7083209296875 0.250584496875 0.8196488375 0.23593643437499998 0.8181837203125
4 0.2248062015625 0.6694488375 0.195285271875 0.2764511625 0.1904031 0.260337209375 0.1767302328125 0.274986046875 0.1474341078125 0.274986046875 0.12594883750000002 0.26912558125 0.120089921875 0.25447674375 0.0693085265625 0.24568837187499998 0.0663782953125 0.267660465625 0.085910078125 0.44344186093750004 0.1210666671875 0.7305511625000001 0.12539845 0.7348837203125 0.13038759687499998 0.7348837203125 0.2248062015625 0.69322790625 0.2248062015625 0.6694488375
4 0.1202697671875 0.23214418593750002 0.0626527125 0.22482092968749998 0.0655829453125 0.24679302343749998 0.1162697671875 0.255813953125 0.12347441875000001 0.255813953125 0.12710542656249998 0.2394697671875 0.1202697671875 0.23214418593750002
