4 0.111327684375 0.22369019531249998 0.173827684375 0.0013568625 0.0009774015625 0 0 0.2074235296875 0.111327684375 0.22369019531249998
4 0.3818361578125 0.393152940625 0.48632768437499996 0.391796078125 0.4824209046875 0.22369019531249998 0.46679661093749997 0.1938666671875 0.5 0.177596078125 0.5 0.13963529375 0.393553671875 0.0054235296874999995 0.3789067796875 0.0176235296875 0.382813559375 0.052870587499999996 0.37402259843749996 0.0325372546875 0.367186440625 0.039313725 0.3691412421875 0.06914117656249999 0.3554689265625 0.063717646875 0.351562146875 0.090831371875 0.320313559375 0.12607843125 0.335937853125 0.1342156859375 0.3183587578125 0.13692549062499998 0.2832033890625 0.2128431375 0.3007824859375 0.405352940625 0.3125 0.405352940625 0.3183587578125 0.36468235312499997 0.34863276875000004 0.35519215625 0.37011581875 0.36332549062499997 0.3818361578125 0.393152940625
4 0 0.44873725468750003 0.027344632812500002 0.44873725468750003 0.14062429375000002 0.4270431375 0.11328248593750001 0.21826666718749999 0.17285028281249998 0 0 0.0013568625 0 0.44873725468750003
4 0.215819209375 0.5341450984375 0.17285028281249998 0.54227843125 0.1474604515625 0.43653333281249995 0.0009774015625 0.455513725 0 0.665647059375 0.01562429375 0.668360784375 0.28613276875000004 0.539568628125 0.3164067796875 0.492117646875 0.24511581875 0.50432156875 0.215819209375 0.5341450984375
4 0.3642570625 0.4473803921875 0.3320310734375 0.4622941171875 0.333008475 0.47720784375 0.3632824859375 0.4975411765625 0.3925790953125 0.48127450937500005 0.3857429375 0.45822745156250005 0.377929378125 0.46636078437500006 0.3642570625 0.4473803921875
4 0.4267570625 0.3958627453125 0.3945310734375 0.3999294125 0.3994152546875 0.479917646875 0.47851694843750003 0.4839843140625 0.47851694843750003 0.4595803921875 0.4677740109375 0.4419568625 0.44433615781249997 0.43924705937499997 0.4267570625 0.3958627453125
4 0.45898305156249997 0.4731372546875 0.4492175140625 0.47856078437500005 0.5097655375000001 0.4866941171875 0.5097655375000001 0.42433333281249996 0.4833983046875 0.393152940625 0.4619152546875 0.3958627453125 0.45898305156249997 0.4731372546875
4 0.3964830515625 0.0013568625 0.4619152546875 0.0948980390625 0.518553671875 0.1464156859375 0.5332033890625001 0.1450588234375 0.5722655375000001 0.123368628125 0.590819209375 0.056941176562499994 0.7402344624999999 0.0013568625 0.3964830515625 0.0013568625
4 0.673827684375 0.08812156875 0.70312429375 0.063717646875 0.5947259890625001 0.0921882359375 0.5712881359375 0.13828235312499998 0.5244152546875 0.1545490203125 0.5214830515625 0.1694627453125 0.5312514125 0.174886275 0.6337881359375 0.151839215625 0.645508475 0.1301490203125 0.6708983046875 0.14370588281250002 0.673827684375 0.08812156875
4 0.8212881359375 0.024403921875 0.8164067796875001 0.10438823593749999 0.8320310734374999 0.10438823593749999 0.8857429375000001 0.0921882359375 0.95312429375 0.0013568625 0.8916016953125 0 0.8212881359375 0.024403921875
4 0.5654293781249999 0.3090980390625 0.5625 0.47856078437500005 0.6835932203125 0.48940784375 0.6894519781249999 0.4270431375 0.6777344624999999 0.41890980468750005 0.679686440625 0.30232156875 0.5654293781249999 0.3090980390625
4 0.6904293781249999 0.49076470624999996 0.7382824859375 0.494831371875 0.7431638421875 0.4446705875 0.7255847453125 0.4284 0.6914067796875 0.4378901953125 0.6904293781249999 0.49076470624999996
4 1 0.4866941171875 0.9541016953125 0.46907058749999997 0.9511723156249999 0.55719215625 1 0.568039215625 1 0.4866941171875
4 0.138672315625 0.07998431406249999 0.15625141250000002 0.052870587499999996 0.1445310734375 0.0338941171875 0.16211016875 0.0311803921875 0.1542966109375 0.014913725 0.168946328125 0.013556862499999999 0.166991525 0 0 0.0067803921875000004 0.1474604515625 0.010847059374999999 0.12988418125 0.027113724999999998 0.0224604515625 0.027113724999999998 0.018553671875 0.0162666671875 0.0117175140625 0.0284705875 0.048827684375 0.036603921875 0.0380847453125 0.048803921875 0.034180790625 0.037960784375 0.030274010937500002 0.054227451562499994 0.1240225984375 0.054227451562499994 0.039062146874999995 0.06642745156249999 0.0927740109375 0.075917646875 0.083008475 0.0921882359375 0.0449209046875 0.0935450984375 0.1083983046875 0.0976117640625 0.09863276875 0.11387843125 0.096680790625 0.103031371875 0.054686440625 0.11252156875 0.10644632812499999 0.1193019609375 0.10058474531249999 0.13556862812499998 0.058593220312500006 0.13692549062499998 0.1083983046875 0.14099215625 0.08788983125 0.1586156859375 0.123048021875 0.1694627453125 0.125 0.150482353125 0.11328248593750001 0.14234902031250002 0.138672315625 0.1206588234375 0.138672315625 0.07998431406249999
4 0 0.3592588234375 0.0175790953125 0.3619725484375 0 0.36468235312499997 0.0058587578125 0.44602352968750003 0.05957062187499999 0.4229764703125 0.065429378125 0.43382352968750004 0.125 0.4270431375 0.123048021875 0.405352940625 0.1347655375 0.3972196078125 0.123048021875 0.3836627453125 0.1308587578125 0.351125490625 0.10644632812499999 0.2277568625 0 0.2155568625 0 0.3592588234375
4 0 0.993725490625 0.10937570625 0.9964392156249999 0.1757824859375 0.920517646875 0.1777344625 0.8852705875 0.14648305156250002 0.7361450984375 0.1445310734375 0.6629372546875001 0.10253954843749999 0.6317568625 0 0.6764941171875 0 0.993725490625
4 0.1982429375 0.9544117640625001 0.174805084375 0.93000784375 0.1191412421875 0.993725490625 0.2187514125 0.9991490203125 0.31152259843749996 0.9977960781249999 0.31445197812500003 0.982882353125 0.20800847500000003 0.894760784375 0.1982429375 0.9544117640625001
4 0.4101553671875 0.7632588234375 0.3964830515625 0.8662901953125001 0.3320310734375 0.9910156859375 0.7753898312499999 0.9964392156249999 0.7529293781249999 0.8215529406250001 0.450194915625 0.7185215687500001 0.43847740156250004 0.7185215687500001 0.4101553671875 0.7632588234375
