4 0 0.2076 0.1090197734375 0.22352941249999997 0.1107401125 0.22352941249999997 0.17231638437500002 0.00447843125 0.17231638437500002 0.0014274515624999999 0.000319209375 0.000082353125 0 0.06806274531249999 0 0.2076
4 0.3132768359375 0.40392156874999996 0.3187175140625 0.3661490203125 0.348991525 0.3566588234375 0.3704745765625 0.36479215625 0.382194915625 0.3946196078125 0.48668644062500005 0.3932627453125 0.4827796609375 0.2251568625 0.46715536718750006 0.1953333328125 0.5 0.179239215625 0.5 0.1406509796875 0.3939124296875 0.0068901953125 0.37926553749999997 0.0190901953125 0.383172315625 0.0543372546875 0.37438135625 0.034003921874999996 0.3675451984375 0.0407803921875 0.3695 0.07060784375 0.355827684375 0.0651843140625 0.3519209046875 0.0922980390625 0.320672315625 0.1275450984375 0.33629661093749996 0.13568235312500002 0.3187175140625 0.13839215625 0.283562146875 0.2143098046875 0.30087570625 0.40392156874999996 0.3132768359375 0.40392156874999996
4 0.17231638437500002 0.000847059375 0.0002683609375 0.0021960781249999997 0.0002683609375 0.4470588234375 0.0407514125 0.4470588234375 0.1408926546875 0.42788235312499995 0.11354802187499999 0.2191058828125 0.17231638437500002 0.0037803921875 0.17231638437500002 0.000847059375
4 0.1474717515625 0.438 0.0009887 0.4569803921875 0.000014125 0.6666666671875 0.0222711859375 0.6666666671875 0.2861440671875 0.54103529375 0.31638418125 0.49363529375 0.31638418125 0.49359215624999997 0.24512711875 0.5057882359375 0.21583050781250002 0.5356117640625 0.17286158125 0.5437450984375001 0.1474717515625 0.438
4 0.332319209375 0.477117646875 0.35762711875000003 0.49411764687500004 0.3685988703125 0.49411764687500004 0.3898305078125 0.48232941250000005 0.3898305078125 0.474247059375 0.385053671875 0.45813725468750005 0.3772401125 0.46627058750000006 0.363567796875 0.4472941171875 0.3313418078125 0.46220392187500003 0.332319209375 0.477117646875
4 0.39548022656250004 0.40052941249999996 0.39548022656250004 0.4148274515625 0.399497175 0.4806274515625 0.4330875703125 0.48235294062499995 0.4774011296875 0.48235294062499995 0.4774011296875 0.45832549062499994 0.4678559328125 0.44266666718750003 0.4444180796875 0.4399568625 0.42684180781250003 0.3965725484375 0.39548022656250004 0.40052941249999996
4 0.5084745765625 0.486274509375 0.5084745765625 0.42271372500000004 0.48407627187499996 0.3938627453125 0.4625932203125 0.3965725484375 0.4596638421875 0.473847059375 0.4498983046875 0.4792705875 0.5020338984375 0.486274509375 0.5084745765625 0.486274509375
4 0.59138418125 0.058274509375000005 0.7401129937500001 0.0029450984375 0.7401129937500001 0.0026941171875 0.397048021875 0.0026941171875 0.46247740156250006 0.09623529374999999 0.5162005656249999 0.14509803906250002 0.5361045203125 0.14509803906250002 0.572827684375 0.12470588281249999 0.59138418125 0.058274509375000005
4 0.5705988703125 0.1379764703125 0.5237231640625 0.15424313750000002 0.5207937859375 0.1691568625 0.5269039546875 0.1725490203125 0.5395903953125 0.1725490203125 0.6330988703125 0.1515333328125 0.644819209375 0.129839215625 0.6702090390625 0.143396078125 0.67313841875 0.0878156859375 0.700564971875 0.06496862812500001 0.700564971875 0.0639019609375 0.5940367234374999 0.09188235312500001 0.5705988703125 0.1379764703125
4 0.8900338984375 0 0.82187288125 0.0236549015625 0.8170932203125 0.101960784375 0.8400169484375001 0.101960784375 0.8863276843750001 0.091439215625 0.9519774015625 0.0029450984375 0.9519774015625 0.0005725484375 0.926070621875 0 0.8900338984375 0
4 0.68413841875 0.486274509375 0.6892655375000001 0.4317058828125 0.6892655375000001 0.42651372500000007 0.67800565 0.4186980390625 0.6799576265625 0.3021058828125 0.565700565625 0.308886275 0.5627711859375 0.4783490203125 0.6512824859374999 0.486274509375 0.68413841875 0.486274509375
4 0.742937853125 0.444647059375 0.7262824859375 0.429231371875 0.6921016953125 0.43872156875 0.69112429375 0.49159215625 0.720819209375 0.49411764687500004 0.73912711875 0.49411764687500004 0.742937853125 0.45496470625 0.742937853125 0.444647059375
4 0.9893389828125001 0.5647058828125 0.997175140625 0.5647058828125 0.997175140625 0.48471372500000004 0.9536977406249999 0.4680196078125 0.9507683609375001 0.5561372546875 0.9893389828125001 0.5647058828125
4 0 0.007203921875 0.147186440625 0.0112627453125 0.12961016875 0.0275294125 0.022186440625 0.0275294125 0.018282485937500002 0.016686275 0.011446328125 0.028886275 0.048553671874999996 0.0370196078125 0.037813559375 0.0492235296875 0.0339067796875 0.0383764703125 0.03 0.054647059374999994 0.12375141249999999 0.054647059374999994 0.0387881359375 0.06684705937499999 0.0925 0.0763372546875 0.0827344625 0.092603921875 0.0446497171875 0.093960784375 0.10812429374999999 0.0980274515625 0.0983587578125 0.1142941171875 0.0964067796875 0.10345097968750001 0.054415254687500005 0.1129411765625 0.106172315625 0.119717646875 0.100313559375 0.1359882359375 0.058319209375 0.1373411765625 0.10812429374999999 0.1414117640625 0.08761864375 0.15903529375 0.1187146890625 0.1686274515625 0.1229039546875 0.1686274515625 0.12472598906250001 0.1508980390625 0.113008475 0.14276470624999998 0.1383983046875 0.121074509375 0.1383983046875 0.08040392187499999 0.1559774015625 0.0532901953125 0.1442570625 0.0343098046875 0.1618361578125 0.0316 0.1540225984375 0.0153294125 0.1666666671875 0.014160784374999999 0.1666666671875 0.00041960781249999996 0 0.0071843140625 0 0.007203921875
4 0 0.369847059375 0.0052796609375 0.4431372546875 0.010819209375 0.4431372546875 0.059155367187499995 0.42239607812499996 0.0650169484375 0.4332431375 0.1245847453125 0.42646274531249995 0.12263276875 0.40477254843750005 0.1327683609375 0.3977372546875 0.1327683609375 0.39480784375 0.12263276875 0.383082353125 0.130446328125 0.3505450984375 0.1060310734375 0.22717647031250002 0 0.2150196078125 0 0.35874117656250004 0.0171638421875 0.36138823593749997 0 0.36403529375 0 0.369847059375
4 0 0.9941019609374999 0.0797570625 0.99607843125 0.10989830468749999 0.99607843125 0.1751412421875 0.9214901953125001 0.1751412421875 0.8738196078125 0.14636723125 0.736513725 0.1444152546875 0.6633098046875 0.102423728125 0.632125490625 0 0.6768156859375 0 0.9941019609374999
4 0.3125367234375 0.99607843125 0.313559321875 0.9908666671875 0.313559321875 0.9814627453125 0.2087033890625 0.8946588234374999 0.198937853125 0.9543098046875 0.1755 0.9299058828125 0.11983615781250001 0.9936235296874999 0.164929378125 0.99607843125 0.3125367234375 0.99607843125
4 0.43851412500000003 0.7191372546875 0.410194915625 0.763874509375 0.3965225984375 0.8669058828124999 0.3333333328125 0.9891882359374999 0.3333333328125 0.9916470593750001 0.6955960453125 0.99607843125 0.7740113 0.99607843125 0.7740113 0.9860156859375 0.7529689265624999 0.8221686281249999 0.4502344625 0.7191372546875 0.43851412500000003 0.7191372546875
