4 0.5458682171875 0.4949813953125 0.559539534375 0.5067 0.572235659375 0.522813953125 0.5740496125 0.541860465625 0.5757472875 0.541860465625 0.5875969000000001 0.5307511625 0.5875969000000001 0.28549069843749997 0.40524341093749994 0.28404418593749997 0.402313178125 0.49937674374999996 0.4091488375 0.5096302328125 0.4374697671875 0.5023069765625 0.433562790625 0.49058837187500004 0.4374697671875 0.4612906984375 0.4198914734375 0.4554302328125 0.4208682171875 0.32213023281250003 0.5712589140625 0.32213023281250003 0.572235659375 0.45250232500000004 0.49899379843749997 0.4568953484375 0.494110078125 0.4671511625 0.5068062015625 0.49791162812499995 0.5458682171875 0.4949813953125
4 0.3150682171875 0.47209302343750004 0.3185922484375 0.47209302343750004 0.3250217046875 0.44040697656249994 0.3445519375 0.44040697656249994 0.34845891406249996 0.469702325 0.3758031 0.469702325 0.38361550312500003 0.44919534843750003 0.3984496125 0.447886046875 0.3984496125 0.4125465109375 0.3074434109375 0.41110930156250003 0.304513178125 0.4653093015625 0.3150682171875 0.47209302343750004
4 0.6697178296875 0.4932302328125 0.6753658921875 0.4953488375 0.6775193796875 0.4953488375 0.6775193796875 0.4068558140625 0.5935457359375 0.4112 0.5945224812500001 0.4712581390625 0.6609286828125 0.46246976718750005 0.6677658921875 0.46979302343749996 0.6697178296875 0.4932302328125
4 1 0.38804651093750003 0.9993550390625 0.00011860468750000001 0.939784496875 0.004513953125 0.9358790703125001 0.5904511625 0.9461658921874999 0.59302325625 0.9508170546875 0.59302325625 1 0.5875581390625 1 0.38804651093750003
4 0.6728062015625 0.2518813953125 0.6005410859375 0.2518813953125 0.5917519375 0.27092325625 0.59252713125 0.2767441859375 0.6826604656249999 0.2767441859375 0.6884310078125 0.2606697671875 0.7060093015625 0.2518813953125 0.7528837203125 0.1962162796875 0.7782744187499999 0.15227209375 0.89457364375 0.00377441875 0.89457364375 0.0015558140625 0.8466341078124999 0.005786046875 0.6728062015625 0.2518813953125
4 0.94897674375 0.438365115625 0.9421410859374999 0.4661953484375 0.9392108531250001 0.44715348906249996 0.9372573640624999 0.4705906984375 0.9372573640624999 0.5819186046875 0.9552790703125 0.5837209296875 0.9793333328125 0.5837209296875 0.9984496125 0.582034884375 0.9984496125 0.0004 0.9372573640624999 0.0047697671875 0.9431178296875 0.1073093015625 0.9392108531250001 0.12488837187499999 0.9450697671875 0.13367674375 0.9392108531250001 0.142465115625 0.9431178296875 0.157113953125 0.9372573640624999 0.189339534375 0.9372573640624999 0.391488371875 0.940187596875 0.40467209375 0.94897674375 0.40613720937500003 0.9392108531250001 0.411997675 0.9392108531250001 0.4266441859375 0.9440930234374999 0.4222511625 0.94897674375 0.438365115625
4 0.5647426359375001 0.7245697671875 0.5559534890625 0.752402325 0.5452108531250001 0.7480093015625 0.5422806203125 0.664511628125 0.5129844968749999 0.6674418609375 0.50712558125 0.6938093015625 0.5041953484375 0.6689069765625 0.49540620156250004 0.664511628125 0.48173488437499995 0.775839534375 0.474899225 0.7685162796875 0.4729457359375 0.6776953484375 0.4602496125 0.6733 0.4543906984375 0.6938093015625 0.44657829531250004 0.6762302328125 0.4407193796875 0.72017674375 0.43388217031250004 0.718711628125 0.4309534890625 0.6850209296875 0.4172806203125 0.7787697671875 0.40849302343750005 0.765586046875 0.4104449609375 0.6835558140625 0.4036093015625 0.664511628125 0.388961240625 0.66597674375 0.3870077515625 0.7480093015625 0.374313178125 0.758262790625 0.3635705421875 0.7216418609375 0.3625937984375 0.664511628125 0.2981410859375 0.664511628125 0.000288371875 0.9296488374999999 0.0012542640625000001 0.99767441875 0.40297054218749995 0.99767441875 0.717085271875 0.9970325578124999 0.7240310078125 0.9892186046875 0.7240310078125 0.9870720937499999 0.7053674421875 0.9618744187500001 0.703413953125 0.8212511625 0.6926713171875 0.805137209375 0.53739845 0.80367209375 0.639937984375 0.7963488375 0.6770465109375 0.8022069765625 0.685835659375 0.7948837203125 0.6750945734375 0.7553325578125001 0.6536093015625 0.74947209375 0.5891565890625 0.7055279062500001 0.5764604656250001 0.6923441859375 0.56962480625 0.664511628125 0.5627891468749999 0.6689069765625 0.5647426359375001 0.7245697671875
4 0.29492558125 0.5058558140625 0.30077519375 0.289397675 0.30077519375 0.2890488375 0.022463565625 0.0004837203125 0.0000031 0.0019488374999999999 0.0000031 0.91162790625 0.0055922484375 0.91162790625 0.2988310078125 0.6582 0.29492558125 0.5058558140625
4 0.533514728125 0.1125837203125 0.5403503875 0.128697675 0.5452341078125 0.12137209374999999 0.549139534375 0.177037209375 0.5579286828125001 0.19022092968749998 0.577460465625 0.19022092968749998 0.5813658921875 0.2048697671875 0.6223829453125 0.2224465109375 0.6282418609375 0.23416511562500003 0.6553550390625 0.241860465625 0.6685178296875 0.241860465625 0.68097674375 0.23416511562500003 0.7395689921875 0.152134884375 0.8294573640625 0.0028046515625 0.8294573640625 0.0012558140625 0.150702325 0.0012558140625 0.3001162796875 0.21072790624999999 0.3255069765625 0.23416511562500003 0.3860542640625 0.231237209375 0.391913178125 0.20779999999999998 0.475897675 0.20193953437499998 0.4983581390625 0.17117674375 0.492499225 0.162388371875 0.49640620156250004 0.14481162812499998 0.5120310078125 0.1360209296875 0.51007751875 0.018834884375 0.5266790703125 0.0056511625 0.533514728125 0.018834884375 0.533514728125 0.1125837203125
4 0.10742325625 0 0.031117829687499998 0.000962790625 0.28600155 0.2719581390625 0.2957658921875 0.24559069843749998 0.3045550390625 0.2617046515625 0.30162635625 0.2778162796875 0.348500775 0.28074651093749997 0.35240775156250004 0.24559069843749998 0.3738914734375 0.24559069843749998 0.3797503875 0.28074651093749997 0.3957441859375 0.28139534843749997 0.4654170546875 0.28139534843749997 0.682485271875 0.2778162796875 0.6883441859375 0.24559069843749998 0.7215472875 0.2075046515625 0.731313178125 0.2075046515625 0.73717364375 0.186997675 0.7488914734375001 0.186997675 0.7586573640625 0.166488371875 0.809438759375 0.11375581406249999 0.86412558125 0.0434418609375 0.8837209296875 0.0028534890625 0.8837209296875 0.000911628125 0.8673209296875 0 0.8575953484375001 0 0.8465472875 0.008286046875 0.6707658921874999 0.2514511625 0.6082666671875 0.2485209296875 0.59557209375 0.2324069765625 0.5926418609375 0.213365115625 0.557485271875 0.2075046515625 0.5340480624999999 0.21922325625 0.5086573640625 0.21922325625 0.48717364375 0.20457441875 0.4070945734375 0.2075046515625 0.3983054265625 0.21482790624999998 0.4002589140625 0.22947674375 0.3914697671875 0.23387209375 0.31725116249999996 0.23387209375 0.1476945734375 0 0.10742325625 0
