4 0.54687441875 0.021972093749999998 0.562500775 0.0512697671875 0.5703131781249999 0.1274418609375 0.5537116281250001 0.134765115625 0.5048821703125 0.10546976718750001 0.4404294578125 0.1845697671875 0.4248046515625 0.193360465625 0.4101565890625 0.2153325578125 0.412110078125 0.2475581390625 0.41699224843750005 0.25781162812499997 0.45214883749999996 0.2695302328125 0.460937984375 0.28564418593749996 0.45410232500000003 0.295897675 0.42285116250000004 0.295897675 0.40722635625 0.30468837187500003 0.3935550390625 0.30175813906250004 0.3798821703125 0.2812511625 0.3691410859375 0.282713953125 0.397460465625 0.32812558125 0.46386666718749997 0.4013674421875 0.5830077515625 0.3603511625 0.6132806203125 0.4028325578125 0.6201178296875 0.44531162812499997 0.66992248125 0.44384651093749994 0.9990232562499999 0.42773488437499996 1 0.001465115625 0.5498046515625 0 0.54687441875 0.021972093749999998
4 1 0.67822325625 0.9902341078125 0.6752930234375001 1 0.6665046515624999 0.9990232562499999 0.47167907031249995 0.9921875968749999 0.4790046515625 0.9941410859375001 0.49951162812499994 0.9794914734375 0.506834884375 0.9726558140625 0.5024418609375 0.96777364375 0.47167907031249995 0.9287116281250001 0.47167907031249995 0.9248046515624999 0.50097674375 0.9101565890625001 0.4965813953125 0.9111333328125 0.4687511625 0.8935550390625 0.47753953437499996 0.8720697671875 0.4687511625 0.8642573640625001 0.4980465109375 0.851562790625 0.49072325625 0.8525395343750001 0.47167907031249995 0.8251953484375001 0.47167907031249995 0.82617209375 0.48779302343750003 0.8134759687500001 0.4980465109375 0.8076170546875 0.47167907031249995 0.788085271875 0.47167907031249995 0.7841798453125 0.49218837187500003 0.772460465625 0.49218837187500003 0.7773441859375 0.4584953484375 0.772460465625 0.4423837203125 0.6191410859375 0.452637209375 0.6298821703125 0.4687511625 0.6513674421875 0.47167907031249995 0.663085271875 0.48339767499999997 0.708984496875 0.5522465109375 0.708984496875 0.5639651156250001 0.7314449609375 0.5888674421875 0.8251953484375001 0.6298837203125001 0.8525395343750001 0.665039534375 0.954102325 0.6914069765625 0.9775395343750001 0.6826162796874999 1 0.6958 1 0.67822325625
4 1 0.42919999999999997 0.7138666671875 0.4394534890625 0.6191410859375 0.452637209375 0.6298821703125 0.4687511625 0.6503906984375 0.47021395312500003 0.7939457359375 0.45996046562500004 0.8779302328125 0.46582092968750005 0.881835659375 0.45410232500000003 0.9013674421875001 0.45410232500000003 0.90722635625 0.46582092968750005 0.9833984499999999 0.46582092968750005 1 0.46142558125 1 0.42919999999999997
4 0.0908201546875 0 0.087889921875 0.016113953125 0.0937503875 0.0395511625 0.11523410781250001 0.0805674421875 0.1464837203125 0.20068372031249998 0.15234418593750002 0.22705116250000001 0.15234418593750002 0.31787209375000003 0.164062015625 0.3618162796875 0.17187441875 0.3618162796875 0.3095705421875 0.295897675 0.3173829453125 0.3164069765625 0.3310542640625 0.31347674375 0.34472713125 0.2841790703125 0.3720697671875 0.26367209375 0.3955085265625 0.21679767499999997 0.446288371875 0.1669930234375 0.491210853125 0.0996093015625 0.5498046515625 0.1289069765625 0.5673829453125 0.1289069765625 0.5585937984375 0.048339534375 0.5429689921875 0.001465115625 0.33886666718749997 0 0.34277364375 0.014648837500000001 0.383789146875 0.0263674421875 0.3964837203125 0.042481395312499996 0.37597674375 0.04687441875 0.37304651093749996 0.0600581390625 0.36425736406250003 0.06445348906250001 0.3564449609375 0.03222558125 0.34472713125 0.029297675000000002 0.3173829453125 0.043944185937500005 0.312500775 0.00732325625 0.30175813906250004 0 0.0908201546875 0
4 0.3574217046875 0.30322325625 0.366210853125 0.3164069765625 0.383789146875 0.32812558125 0.3935550390625 0.351562790625 0.4482418609375 0.42187441875 0.458984496875 0.423339534375 0.45800775156249995 0.4013674421875 0.37402325625 0.29882790625 0.3574217046875 0.28857441875 0.3574217046875 0.30322325625
4 0.3173829453125 0.5214837203125 0.274413953125 0.5214837203125 0.2695317828125 0.5141604656250001 0.2714837203125 0.423339534375 0.3271488375 0.4248046515625 0.335937984375 0.44677674375 0.334961240625 0.46582092968750005 0.34472713125 0.47460930156250003 0.36425736406250003 0.46582092968750005 0.36425736406250003 0.34277441875000003 0.334961240625 0.322265115625 0.319336434375 0.3251953484375 0.305663565625 0.30468837187500003 0.164062015625 0.37646511562499996 0.162110078125 0.4584953484375 0.193359690625 0.47607441875 0.193359690625 0.5141604656250001 0.1669922484375 0.5185558140625 0.165038759375 0.556639534375 0.1904294578125 0.539062790625 0.2353519375 0.533202325 0.243164340625 0.5478511625 0.334961240625 0.5419930234375 0.34472713125 0.5595697671875 0.35937519375 0.5581046515625 0.367187596875 0.531737209375 0.34472713125 0.50097674375 0.3408201546875 0.51562558125 0.3173829453125 0.5214837203125
4 0.37402325625 0.3398441859375 0.3691410859375 0.3471674421875 0.37304651093749996 0.484862790625 0.3691410859375 0.5551767437499999 0.3896480625 0.5771488375 0.3945317828125 0.5668953484375 0.39160154999999996 0.524413953125 0.40527286875 0.568360465625 0.40917984531249996 0.53027441875 0.4423829453125 0.5273441859375 0.445313178125 0.5815418609375 0.45117209375 0.587402325 0.4570310078125 0.43212790625 0.444336434375 0.42773488437499996 0.3876945734375 0.34277441875000003 0.37402325625 0.3398441859375
4 0.5751953484375 0.5214837203125 0.583984496875 0.5229488375 0.5830077515625 0.36621162812499997 0.460937984375 0.41162092968749997 0.461914728125 0.4248046515625 0.48437519375000004 0.42626976718750004 0.4873054265625 0.4951162796875 0.5273441859375 0.49951162812499994 0.5292961234375 0.58447209375 0.54687441875 0.5961906984375 0.54882790625 0.5727534890625 0.562500775 0.5581046515625 0.5644527125 0.537597675 0.5751953484375 0.5214837203125
4 0.5097658921875 0.654786046875 0.461914728125 0.6269534890624999 0.462889921875 0.6079093015625 0.45214883749999996 0.600586046875 0.40332092968750005 0.62402325625 0.36425736406250003 0.6298837203125001 0.414062015625 0.64892558125 0.4082031 0.725097675 0.399413953125 0.7294930234375 0.3955085265625 0.711913953125 0.36425736406250003 0.7236325578125 0.3544914734375 0.7587883718749999 0.3437503875 0.7514651156250001 0.3457038765625 0.733886046875 0.33886666718749997 0.726562790625 0.335937984375 0.77197209375 0.288085271875 0.8085930234375001 0.2060542640625 0.8466790703125 0.1904294578125 0.8437511625 0.17675813906249999 0.8173837203125001 0.1533209296875 0.7998046515625 0.11523410781250001 0.9887697671875 0.118164340625 0.9990232562499999 0.4980465109375 0.9975581390625001 0.4941410859375 0.7514651156250001 0.5019534890624999 0.7133790703125 0.4980465109375 0.67822325625 0.5097658921875 0.654786046875
4 0.9003906984375 0.9975581390625001 0.8154294578125001 0.9316395343749999 0.8007813953125 0.9418953484375001 0.8544914734375 0.9990232562499999 0.9003906984375 0.9975581390625001
4 0.7236325578125 0.711913953125 0.726562790625 0.6518558140625 0.7451178296875 0.63867209375 0.8417969 0.657713953125 0.829102325 0.632811628125 0.7216790703125 0.5830069765625 0.6669922484375 0.48632790625 0.6191410859375 0.4584953484375 0.6074217046875 0.399902325 0.586914728125 0.3720697671875 0.585937984375 0.6430674421875 0.5996093015625 0.6928720937499999 0.6044914734375 0.68847674375 0.62597674375 0.7236325578125 0.6367193796875 0.7221674421875 0.6591798453125 0.711913953125 0.664062015625 0.6928720937499999 0.6748046515625 0.6826162796874999 0.7236325578125 0.711913953125
