4 0.5541674421875 0.344186046875 0.5685023250000001 0.344186046875 0.57482325625 0.336811628125 0.5806821703125 0.34267209374999996 0.6177922484375 0.336811628125 0.62462790625 0.30312092968750004 0.6129085265625001 0.297260465625 0.6256046515625 0.28700697656249996 0.6402527124999999 0.28847209375 0.63732248125 0.2811488375 0.6011906984375 0.27675348906249997 0.621697675 0.2665 0.614862015625 0.250386046875 0.6285333328125 0.2386674421875 0.6050961234375001 0.2269488375 0.638299225 0.21523023281250003 0.60607286875 0.2079046515625 0.6090031 0.1917930234375 0.5933782953125 0.18007441875000002 0.5953302328125 0.1449162796875 0.6236511625000001 0.12587441875 0.647088371875 0.1288046515625 0.65587751875 0.141988371875 0.65587751875 0.21523023281250003 0.671502325 0.2269488375 0.6656434109375 0.2386674421875 0.6744325578125 0.24013255781249998 0.6832217046875 0.25331627968750003 0.6793147281249999 0.26210465156249996 0.692987596875 0.27675348906249997 0.67052558125 0.28407674374999997 0.6793147281249999 0.2943325578125 0.6744325578125 0.304586046875 0.65392403125 0.3089790703125 0.676386046875 0.3163046515625 0.68419845 0.32802325625 0.70177674375 0.3250930234375 0.7056821703125 0.3104441859375 0.7115410859375 0.319234884375 0.7427922484375 0.3250930234375 0.9966976750000001 0.28407674374999997 0.9984496125 0.11503720937499999 0.9984496125 0.001365115625 0.0035333328125 0.0042930234375 0.0035333328125 0.1244093015625 0.0162294578125 0.1375930234375 0.301386046875 0.260639534375 0.4302914734375 0.3250930234375 0.43712713125 0.32362790625 0.4459162796875 0.2928674421875 0.490838759375 0.289937209375 0.5103705421875 0.237202325 0.5259953484375 0.24013255781249998 0.534784496875 0.27675348906249997 0.5445488375 0.282611628125 0.552361240625 0.3089790703125 0.5541674421875 0.344186046875
4 0.5834434109375 0.22762092968749997 0.5873503875 0.2950046515625 0.6196325578125 0.3348837203125 0.6217441859374999 0.3348837203125 0.6312961234375 0.3257674421875 0.6566868218749999 0.33162558125 0.71332713125 0.3257674421875 0.720162790625 0.3096534890625 0.720162790625 0.2715674421875 0.7255813953125 0.25531162812499997 0.7255813953125 0.25332790625 0.720162790625 0.2452 0.7182093015625 0.21297441875 0.674263565625 0.182211628125 0.66352248125 0.16902790625 0.671334884375 0.1631697671875 0.6664511625 0.152913953125 0.6547333328125 0.149986046875 0.6449674421875 0.1646325578125 0.625435659375 0.17342325625 0.5980930234375 0.16756279062499999 0.5932093015625 0.1778162796875 0.6010217046874999 0.1953953484375 0.5893038765624999 0.207113953125 0.5834434109375 0.22762092968749997
4 0.3881457359375 0.30567441875 0.42090077499999995 0.3186046515625 0.42436434062500006 0.3186046515625 0.41842015468750005 0.30713953437499997 0.3881457359375 0.30567441875
4 0.501337984375 0.2838302328125 0.485713178125 0.280902325 0.477900775 0.2955488375 0.43786201562500005 0.297013953125 0.4329782953125 0.32777674375 0.482589146875 0.34883720937499996 0.48473643437499997 0.34883720937499996 0.48473643437499997 0.30287441875 0.4896201546875 0.29262092968750003 0.51007751875 0.28983023281250003 0.51007751875 0.2804511625 0.5091503875 0.272111628125 0.501337984375 0.2838302328125
4 0.4702573640625 0.3517 0.43119534843749996 0.3399813953125 0.408734884375 0.3883209296875 0.4165472875 0.3941813953125 0.4165472875 0.523086046875 0.3686961234375 0.530411628125 0.36381240312499996 0.5113674421875001 0.3657658921875 0.3795325578125 0.3579534890625 0.3560953484375 0.36381240312499996 0.34437674375 0.36185891406250004 0.32972790625 0.37260155 0.3311930234375 0.3755317828125 0.31800930156249996 0.347210853125 0.3165441859375 0.34525736406249996 0.3077534890625 0.3589302328125 0.3077534890625 0.3599069765625 0.30043023281250003 0.3159798453125 0.28139534843749997 0.315959690625 0.28139534843749997 0.31107907031250004 0.3326558140625 0.31107907031250004 0.6080465109375 0.3494914734375 0.6162790703125001 0.35347907031250003 0.6162790703125001 0.39213333281249996 0.60072325625 0.4077581390625 0.5802162796875 0.46439845 0.594865115625 0.4759689921875 0.5881883718750001 0.4759689921875 0.551962790625 0.4614682171875 0.54652325625 0.46439845 0.5274813953125 0.4759689921875 0.5261465109375 0.4759689921875 0.3749511625 0.4702573640625 0.3517
4 0.4635658921875 0.34942325625000004 0.34339534843749997 0.2941837203125 0.34730232499999997 0.311762790625 0.355114728125 0.3176209296875 0.355114728125 0.3381302328125 0.3668325578125 0.3498488375 0.3678093015625 0.3806093015625 0.40403410781250004 0.38837209375000004 0.415662015625 0.38837209375000004 0.415662015625 0.3791441859375 0.434215503125 0.3718209296875 0.43812248125000003 0.3542418609375 0.449840309375 0.3454534890625 0.4635658921875 0.3495697671875 0.4635658921875 0.34942325625000004
4 0.195900775 0.5562953484375 0.1919953484375 0.7877418609375 0.23398759687499998 0.824362790625 0.234964340625 0.849265115625 0.242240309375 0.855813953125 0.2479038765625 0.855813953125 0.31007751875 0.81192558125 0.31007751875 0.7873674421875 0.3091829453125 0.767234884375 0.29453488437500003 0.7540511624999999 0.2896511625 0.737937209375 0.295511628125 0.6559069765625 0.3091829453125 0.611960465625 0.3091829453125 0.2750465109375 0.19297209375 0.22084651093750002 0.195900775 0.5211395343749999 0.212502325 0.5226046515625 0.22226821718749998 0.5138162796875 0.22910387656250003 0.5416488375 0.2085969 0.551902325 0.20078449687500002 0.543113953125 0.195900775 0.5562953484375
4 0 0.6025441859375 0.1903534890625 0.5835093015624999 0.18937674375 0.7900511625 0.2313689921875 0.8208139531249999 0.234299225 0.85157441875 0.23995193750000002 0.855813953125 0.24447441875 0.855813953125 0.3104713171875 0.8105581390625 0.3104713171875 0.766613953125 0.28898759687500003 0.749034884375 0.2870341078125 0.7138790703125 0.2968 0.640637209375 0.3094945734375 0.60987674375 0.35246356562500003 0.615734884375 0.3934790703125 0.5981558140625001 0.4110573640625 0.5776488375 0.4579317828125 0.5893674421874999 0.4745333328125 0.58497441875 0.476486821875 0.546888371875 0.4735565890625 0.539562790625 0.46965116250000005 0.5512813953125 0.4667209296875 0.532239534375 0.476486821875 0.5205209296875 0.4790697671875 0.41203720937500005 0.4790697671875 0.3558093015625 0.20793178281250002 0.22315581406249999 0.000900775 0.1352674421875 0 0.5663488375 0 0.6025441859375
4 0.5429395343750001 0.78942558125 0.5429395343750001 0.89782325625 0.5380573640625 0.90807674375 0.525361240625 0.89782325625 0.5224325578125 0.787960465625 0.5146201546875 0.7967488375 0.50387751875 0.7923534890624999 0.4980186046875 0.9124720937499999 0.4892294578125 0.9256558140625 0.49215813906249994 0.78942558125 0.4823937984375 0.78942558125 0.4823937984375 0.8333697671875001 0.4716511625 0.8406953484375 0.4589550390625 0.827511628125 0.4570031 0.7806348843750001 0.4452837203125 0.783565115625 0.43747131718750004 0.891962790625 0.43258759687500004 0.8963581390625001 0.4277054265625 0.8861046515625001 0.43161240312500004 0.8157930234374999 0.41696279062499997 0.8875697671875 0.41598604687499996 0.8216511625 0.39157209375 0.7645232562500001 0.384736434375 0.7806348843750001 0.3759472875 0.8582720937499999 0.369111628125 0.8509488375 0.371065115625 0.7952837203125 0.36227596875 0.7821 0.35446356562500003 0.861202325 0.34567441875 0.859737209375 0.3437209296875 0.8216511625 0.3329782953125 0.811397675 0.31930697656249996 0.8436232562500001 0.3134480625 0.8436232562500001 0.305635659375 0.8231162796874999 0.29001085312499997 0.8319046515625 0.2343457359375 0.874386046875 0.23141705468749998 0.9315139531250001 0.1425488375 0.994502325 0.390137984375 0.9953488374999999 0.9984496125 0.9953488374999999 0.9984496125 0.8288441859375 0.8896201546875 0.8026093015625 0.8759472875000001 0.8026093015625 0.8739953484375 0.8231162796874999 0.8661813953124999 0.7967488375 0.61227596875 0.7322953484375 0.5859085265624999 0.751339534375 0.5829782953125 0.837765115625 0.572237209375 0.8362999999999999 0.572237209375 0.7630581390625 0.5673534890624999 0.7528046515625 0.558564340625 0.7601279062499999 0.555635659375 0.8172558140625 0.5429395343750001 0.78942558125
4 0.687637209375 0.5744186046875 0.69232558125 0.5533209296875 0.7050201546875 0.5518558140625001 0.7030682171875 0.522560465625 0.7147286828125 0.5050674421875 0.7147286828125 0.4954162796875 0.7118558140625 0.48593953437500004 0.606387596875 0.48593953437500004 0.6005286828124999 0.500586046875 0.590762790625 0.500586046875 0.5849038765625 0.4888674421875 0.568302325 0.4903325578125 0.575137984375 0.5357441859375001 0.5888093015625 0.518165115625 0.6044341078125 0.5123046515625 0.61517674375 0.5254883718750001 0.6171302328125 0.5518558140625001 0.6259193796875 0.5679697671875 0.6800883718749999 0.5744186046875 0.687637209375 0.5744186046875
4 0.791263565625 0.5316953484375 0.7961472875 0.5214418609375 0.821537984375 0.533160465625 0.8352093015625 0.5683162796875 0.8459519375 0.5609930234375 0.8527875968749999 0.5390209296874999 0.8664589140625001 0.5302302328125 0.8898961234374999 0.5419511625 0.9035689921875001 0.565388371875 0.9152868218749999 0.5536697671875 0.9270062015624999 0.55952790625 0.9357953484375001 0.5316953484375 0.9455612406249999 0.5287674421874999 0.9472868218749999 0.4925209296875 0.9472868218749999 0.48774883750000003 0.7395054265625001 0.486286046875 0.7336465109375 0.500934884375 0.7238806203125 0.500934884375 0.7170449609375 0.5141186046875 0.726810853125 0.5287674421874999 0.726810853125 0.5522046515625 0.7531782953125 0.5536697671875 0.7561069765624999 0.587360465625 0.7621782953125 0.58837209375 0.77442635625 0.58837209375 0.78442790625 0.5624581390625 0.79907596875 0.558062790625 0.79907596875 0.543413953125 0.791263565625 0.5316953484375
4 0.553139534375 0.3767441859375 0.5607534890625 0.3767441859375 0.562838759375 0.376397675 0.5689922484375 0.3566162796875 0.5689922484375 0.354688371875 0.5433069765625 0.3646790703125 0.553139534375 0.3767441859375
4 0.598336434375 0.3720930234375 0.5999705421875 0.3720930234375 0.6189038765625 0.370739534375 0.938240309375 0.33119069843750004 0.951911628125 0.328260465625 0.961240309375 0.3040930234375 0.961240309375 0.300465115625 0.9069906984375 0.3018930234375 0.575936434375 0.3560930234375 0.590584496875 0.3575581390625 0.598336434375 0.3720930234375
