4 0.5758418609375 0.18212558125 0.571934884375 0.12060232500000001 0.5797472875 0.08837674375 0.588536434375 0.07812325625 0.606114728125 0.07226279062499999 0.6256465109375 0.07812325625 0.6305286828125001 0.111813953125 0.65787286875 0.18212558125 0.64420155 0.1909162796875 0.6481069765624999 0.20556511562500002 0.64322480625 0.212888371875 0.6402945734375 0.1909162796875 0.6285767437499999 0.1909162796875 0.6324821703125 0.20263488437500002 0.6246697671875 0.21435348906249999 0.6256465109375 0.23632558124999997 0.7154899218749999 0.2480441859375 0.98697519375 0.05761395312499999 0.9984496125 0.045697675 0.9984496125 0.00048604687500000004 0.21451317812499998 0.00048604687500000004 0.277013953125 0.141111628125 0.3443969 0.26562325625 0.4853162796875 0.2697674421875 0.49393178281249994 0.2697674421875 0.509435659375 0.2377906984375 0.5201782953125 0.2304674421875 0.6188108531250001 0.23486046562500001 0.5963488375 0.23339534843749998 0.59537364375 0.2231418609375 0.603186046875 0.21435348906249999 0.5914666671875 0.20556511562500002 0.59537364375 0.1909162796875 0.5758418609375 0.18212558125
4 0.1880325578125 0 0.1403472875 0.0010999999999999998 0.15402015468750002 0.0362558140625 0.1520666671875 0.053834884375 0.15792558125 0.053834884375 0.1608558140625 0.0377209296875 0.163786046875 0.0450465109375 0.15402015468750002 0.45227209375 0.15597364375 0.5401627906249999 0.1638945734375 0.541860465625 0.171063565625 0.541860465625 0.18819999999999998 0.5269790703125 0.2233550390625 0.5240488375 0.2360511625 0.507937209375 0.181364340625 0.5137953484375 0.1852697671875 0.17102325625 0.19015193749999998 0.1373302328125 0.250699225 0.21057209375000002 0.2624186046875 0.21057209375000002 0.258511628125 0.1988534890625 0.2692542640625 0.20324883749999997 0.2614418609375 0.21789767499999999 0.2692542640625 0.2296162796875 0.2633953484375 0.241334884375 0.2633953484375 0.42297441874999997 0.257534884375 0.4259046515625 0.2526527125 0.4801046515625 0.2624186046875 0.46838604687499996 0.273159690625 0.46985116250000003 0.2770666671875 0.23547441875000003 0.2819488375 0.22815116249999998 0.3161286828125 0.2852790703125 0.31905891406250003 0.47717441875000005 0.3239410859375 0.4757093015625 0.3258945734375 0.3761 0.321989146875 0.3116465109375 0.3364341078125 0.300813953125 0.3364341078125 0.27617674375 0.3258945734375 0.2471930234375 0.20400465156249997 0 0.1880325578125 0
4 0.42379224843749996 0.5024348843750001 0.4482062015625 0.4951093015625 0.46480775156250004 0.5170837203125 0.46937209375 0.5348837203125 0.47548837187500004 0.5348837203125 0.47652713125 0.534660465625 0.5956682171875001 0.5229418609375001 0.585902325 0.440911628125 0.6025038765625 0.4130790703125 0.6232558140625 0.43067441874999995 0.6232558140625 0.4269953484375 0.6191054265625 0.41454418593750003 0.6210589140625 0.300286046875 0.545863565625 0.2988209296875 0.544886821875 0.370597675 0.5673472875 0.37792325625 0.56832403125 0.3852465109375 0.512660465625 0.3984302328125 0.4960589140625 0.38817674375 0.5097302328125 0.37352790625 0.5067999999999999 0.29296279062499997 0.340784496875 0.287102325 0.340784496875 0.3046813953125 0.42183875937500004 0.3120046515625 0.42379224843749996 0.5024348843750001
4 0.2690930234375 0.5610837203125 0.27596899218750004 0.55592790625 0.27596899218750004 0.5481953484375001 0.27202325625 0.5186046515625 0.27202170468750003 0.5186046515625 0.2593286828125 0.5288581390625 0.2612806203125 0.572802325 0.2670093015625 0.5813953484375001 0.267159690625 0.5813953484375001 0.2690930234375 0.5610837203125
4 0 0.7860465109375 0.0077813953125 0.7860465109375 0.2275317828125 0.621960465625 0.23241395312500002 0.5736209296875 0.23729767499999999 0.5662953484375 0.246511628125 0.5700651156250001 0.246511628125 0.5266790703125 0.21385891406250002 0.5252813953125 0.20604651093749998 0.537 0.0009689921875 0.5955930234375 0 0.7859953484375 0 0.7860465109375
4 0.9329085265625 0.5160511624999999 0.9290015500000001 0.5277697671875 0.9231426359375 0.5277697671875 0.921189146875 0.5160511624999999 0.904587596875 0.5175162796875 0.9094697671875001 0.5424186046874999 0.9641581390624999 0.53362790625 0.9705426359375 0.5486790703125 0.9705426359375 0.5260558140625 0.9700170546875 0.49847209374999996 0.9661116281250001 0.5131209296875 0.9329085265625 0.5160511624999999
4 0.8206914734374999 0.5674418609375 0.8260728687500001 0.5674418609375 0.8323922484375 0.557965115625 0.8343441859375 0.5140186046874999 0.8411813953125 0.4979069765625 0.8861023250000001 0.48325813906250004 0.9036806203125 0.49204651093749996 0.9095395343750001 0.4656790703125 0.9720403093750001 0.471539534375 0.9720930234375 0.47002790625 0.9720930234375 0.44373488437499997 0.8216496125000001 0.44810232499999997 0.8206914734374999 0.5674418609375
4 0.7071767437500001 0.6717162796875 0.7110821703125 0.69222558125 0.7249054265625 0.7 0.7267240312500001 0.7 0.7302325578125 0.47103255781250003 0.7302325578125 0.44574883749999994 0.7188961234375 0.434411628125 0.7302325578125 0.41740697656250003 0.7302325578125 0.38647441875 0.7237782953125 0.3684953484375 0.7091302328125 0.3758186046875 0.7071767437500001 0.6717162796875
4 0.7251798453125 0.2735837203125 0.7251798453125 0.308739534375 0.72682480625 0.3186046515625 0.7371286828125 0.3186046515625 0.808187596875 0.2867674421875 0.809164340625 0.25307441875 0.8179534890625 0.2398906984375 0.9077968999999999 0.18422790625000002 0.970297675 0.157860465625 0.9720930234375 0.13182325625 0.9720930234375 0.1160837203125 0.730063565625 0.2662581390625 0.7251798453125 0.2735837203125
4 0.4215829453125 0.3114 0.4215829453125 0.49011162812500003 0.4284186046875 0.49743488437499994 0.43623100781249996 0.4886465109375 0.4479503875 0.49157674374999993 0.46259845000000005 0.5106186046875 0.46925891406250003 0.5348837203125 0.48757984531250004 0.5348837203125 0.49482480625 0.5267325578125 0.5768558140625 0.5325930234375 0.5983410859375 0.5267325578125 0.5856449609375 0.4403069765625 0.6022465109375 0.41247441875 0.6227550390625 0.4403069765625 0.62080155 0.528197675 0.6356589140625 0.5337697671875 0.6356589140625 0.33486744218750003 0.6354496125 0.280639534375 0.6159193796875 0.2982162796875 0.5456062015625001 0.29235813906249997 0.5446294578125 0.36413488437499997 0.549513178125 0.37438837187499996 0.5680666671875 0.381713953125 0.549513178125 0.39782558125 0.5084961234375001 0.39782558125 0.4938480625 0.38757209375 0.50947286875 0.3699953484375 0.5065441859375001 0.29235813906249997 0.33759845 0.2908930234375 0.3405286828125 0.30407674375 0.4215829453125 0.3114
4 0.8134 0.8632627906250001 0.7684775187499999 0.831037209375 0.7616418609375 0.7358209296875 0.7001178296874999 0.6933418609374999 0.398359690625 0.72117441875 0.39250077499999997 0.9907046515625 0.3990062015625 0.99767441875 0.528562790625 0.99767441875 0.9335162796875001 0.9965627906250001 0.9364341078124999 0.99437674375 0.9364341078124999 0.9921511625000001 0.9286341078125 0.9804511625 0.8134 0.8632627906250001
