4 0.6308589140625 0.7104488375 0.6269534890624999 0.7778325578125 0.6357426359375 0.788086046875 1 0.9506837203125 0.9970697671875 0.8466790703125 0.6669922484375 0.711913953125 0.6416015500000001 0.70312558125 0.6308589140625 0.7104488375
4 0.00097674375 0 0 0.23876976718749998 0.039062015625 0.827637209375 0.0439457359375 0.8466790703125 0.071288371875 0.8701162796874999 0.0908201546875 0.8994139531249999 0.0996093015625 0.8979488375000001 0.45800775156249995 0.7060558140625 0.6103519375 0.773437209375 0.6308589140625 0.46435581406250004 0.6201178296875 0.45117209375 0.5742186046875 0.4409186046875 0.587889921875 0.4145511625 0.5917969000000001 0.2065418609375 0.5917969000000001 0.1333 0.5742186046875 0.10400465156250001 0.59472713125 0.0908209296875 0.6376945734375 0.0878906984375 0.8388666671875 0.038086046875 0.9316403093750001 0.001465115625 0.680663565625 0 0.6679689921875 0.0131837203125 0.666015503125 0.06591860468750001 0.65527286875 0.0732418609375 0.6464837203125 0.062988371875 0.6464837203125 0.021972093749999998 0.6396480625 0.0117186046875 0.4482418609375 0.06738372031249999 0.24121085312499999 0 0.00097674375 0
4 0.40332092968750005 0.052734884375 0.4570310078125 0.062988371875 0.62402325625 0.0117186046875 0.6347658921875 0.001465115625 0.26171937968750003 0.001465115625 0.40332092968750005 0.052734884375
4 0.6210930234375 0.812988371875 0.6142573640625 0.8173837203125001 0.6083984499999999 0.779297675 0.46777364375 0.711913953125 0.413085271875 0.7324209296874999 0.087889921875 0.9096674421875001 0.09277364375 0.9990232562499999 1 0.9975581390625001 0.9970697671875 0.9580069765625 0.6357426359375 0.7910162796875 0.62597674375 0.7910162796875 0.6210930234375 0.812988371875
4 0.6425782953125 0.46728604687499997 0.6455085265625 0.48632790625 0.663085271875 0.49218837187500003 0.8007813953125 0.5112302328125 0.8066403093750001 0.49365348906250006 0.7939457359375 0.48339767499999997 0.6533209296875 0.45996046562500004 0.6425782953125 0.46728604687499997
4 0.8154294578125001 0.51562558125 1 0.5493162796875 0.9990232562499999 0.509765115625 0.8271488375 0.4892581390625 0.8144527125 0.4965813953125 0.8154294578125001 0.51562558125
4 0.6308589140625 0.654786046875 0.6289069765625 0.67822325625 0.633789146875 0.68847674375 0.7812496125 0.7456046515625 0.7929689921875 0.7133790703125 0.788085271875 0.7001953484375 0.6357426359375 0.6445302328125 0.6308589140625 0.654786046875
4 0.795897675 0.7529302328125 1 0.8334953484375 0.9990232562499999 0.7705069765625 0.8037116281250001 0.70312558125 0.79492248125 0.7133790703125 0.795897675 0.7529302328125
4 0.687500775 0.5581046515625 0.70312558125 0.5434581390625 0.7021488375 0.524413953125 0.71777364375 0.5361325578125 0.741210853125 0.524413953125 0.741210853125 0.51562558125 0.694336434375 0.506834884375 0.6914062015625 0.5112302328125 0.6992186046875 0.5229488375 0.694336434375 0.524413953125 0.6689457359375 0.5039069765625 0.64062480625 0.49951162812499994 0.6347658921875 0.6049813953125 0.6396480625 0.60937441875 0.662110078125 0.587402325 0.64062480625 0.6225581390625 0.6435550390625 0.6357418609375001 0.7812496125 0.6811534890625001 0.7812496125 0.657713953125 0.7314449609375 0.5625 0.71777364375 0.5478511625 0.687500775 0.5581046515625
4 1 0.7045906984375 0.9833984499999999 0.679688371875 0.9716790703125 0.6767581390624999 0.9638666671875 0.6562511625 0.954102325 0.6562511625 0.9355472875 0.6108395343749999 0.915038759375 0.591797675 0.883789146875 0.6035162796875 0.8466790703125 0.6357418609375001 0.8105472875 0.6840813953125 0.8212883718749999 0.7001953484375 1 0.7573232562500001 1 0.7045906984375
4 0.8994139531249999 0.5419930234375 0.8779302328125 0.5419930234375 0.8828124031250001 0.5581046515625 0.8759767437500001 0.5595697671875 0.8486325578124999 0.5419930234375 0.7939457359375 0.5273441859375 0.7304682171875 0.54052790625 0.73437519375 0.5581046515625 0.7792961234375 0.6284186046875 0.795897675 0.67382790625 0.84472713125 0.6123046515625 0.8701178296875 0.6064441859375 0.8955085265625 0.585937209375 0.898437209375 0.5815418609375 0.89062480625 0.5698232562500001 0.8955085265625 0.5625 0.9091798453125 0.5800790703125001 0.9287116281250001 0.5771488375 0.929686821875 0.5961906984375 1 0.6870116281249999 0.9990232562499999 0.5712883718749999 0.9521488375 0.5742186046875 0.9687503875000001 0.5610348843749999 0.8994139531249999 0.5419930234375
4 0.625 0.780762790625 0.633789146875 0.788086046875 1 0.9536139531250001 0.9990232562499999 0.8437511625 0.6669922484375 0.7089837203125 0.6289069765625 0.7016604656250001 0.625 0.780762790625
