4 0.006762790624999999 0 0.0021550390625 0.0069116281249999995 0.018756589062500002 0.014237209375 0.2160217046875 0.22810465156249998 0.23359999999999997 0.2310325578125 0.242389146875 0.203202325 0.25313178281250004 0.19294651093749998 0.27266201562500003 0.19587674375 0.3586 0.2222441859375 0.37813178281250004 0.28962790625 0.504699225 0.3046511625 0.5148062015625 0.3046511625 0.5578186046875 0.2544697671875 0.6710992250000001 0.1988069765625 0.71797519375 0.1636511625 0.7296930234375 0.1431418609375 0.77852248125 0.11677441875000001 0.8488341078125 0.061111628125 0.8703178296875 0.06989999999999999 0.9523503874999999 0.187088371875 0.9972713171875001 0.1636511625 1 0.0122302328125 1 0.0010534890624999999 0.28643565937500004 0 0.006762790624999999 0
4 0.2250046515625 0.6434139531249999 0.237699225 0.6683162796875 0.249612403125 0.6641930234375 0.249612403125 0.61222790625 0.2113333328125 0.2332581390625 0.0638713171875 0.070660465625 0.00332558125 0.014997674999999999 0.0023488375 0.8627906984375 0.0032465109375 0.8627906984375 0.073637209375 0.8353093015624999 0.08437984531250001 0.8191953484375001 0.088285271875 0.8016186046874999 0.0707069765625 0.6844302328125 0.072660465625 0.66392325625 0.0834031 0.6478093015625 0.1712930234375 0.586286046875 0.216215503125 0.5745674421875 0.2250046515625 0.6434139531249999
4 0.1230589140625 0.9006488375 0.11622325625 0.887465115625 0.0986449609375 0.902113953125 0.076184496875 0.941665115625 0.0966914734375 0.9401999999999999 0.1082093015625 0.9627906984375001 0.11077364375000001 0.9627906984375001 0.1269658921875 0.9358046515625 0.12403565937500001 0.9226209296875 0.1172 0.9240860468750001 0.1230589140625 0.9006488375
4 0.22372713125 0.5804465109375 0.21786666718749997 0.5628697671875 0.1954062015625 0.567262790625 0.2100542640625 0.574588371875 0.21493798437499997 0.5877720937500001 0.2227503875 0.6580837203125001 0.2188434109375 0.6815209296875 0.12216434062499999 0.80017441875 0.10458604687499999 0.8118930234375 0.0870077515625 0.8060325578124999 0.0704062015625 0.830934884375 0.0811488375 0.8353302328125001 0.1416961234375 0.8148232562500001 0.15048372031249999 0.877811628125 0.1578046515625 0.8860465109375 0.15862325625 0.8860465109375 0.20321860468750003 0.8104279062499999 0.2325162796875 0.7342558140625 0.2354449609375 0.7386511625 0.2481410859375 0.71667674375 0.254 0.690311628125 0.25204651093749997 0.6492953484374999 0.23642170468749998 0.6375767437500001 0.23642170468749998 0.6112093015625 0.24423410781250002 0.596560465625 0.23837519375 0.5877720937500001 0.24423410781250002 0.5731232562499999 0.23739845 0.5218534890625001 0.23153953437500002 0.5804465109375 0.22372713125 0.5804465109375
4 0.3003550390625 0.7578627906250001 0.34332248125 0.7402837203125 0.3413705421875 0.66997209375 0.37364341093750003 0.615865115625 0.37364341093750003 0.56457441875 0.36871317812500004 0.3008302328125 0.3560186046875 0.2319837203125 0.24664341093750003 0.2056162796875 0.24273643437499998 0.2378418609375 0.2144170546875 0.2393069765625 0.2222294578125 0.3389162796875 0.25543255781249996 0.678760465625 0.260314728125 0.689013953125 0.2778930234375 0.6831558140625 0.28277674375 0.6904790703125 0.288635659375 0.74907441875 0.29295348906249996 0.7581395343749999 0.299060465625 0.7581395343749999 0.3003550390625 0.7578627906250001
4 0.37894108593750003 0.4552953484375 0.41897984531250004 0.46847907031249997 0.42917519375 0.49767441874999996 0.42944341093749994 0.49767441874999996 0.4219085265625 0.4552953484375 0.43851007812500004 0.4098837203125 0.4590186046875 0.4142790703125 0.46194883750000004 0.4479697671875 0.5078465109375 0.4552953484375 0.51162790625 0.32767674375 0.51162790625 0.3234325578125 0.3721038765625 0.292697675 0.37894108593750003 0.4552953484375
4 0.46623255781250006 0.485997675 0.49147286875 0.48739999999999994 0.49147286875 0.48447209375 0.4799038765625 0.45377209374999994 0.46525581406249994 0.44937674375 0.46623255781250006 0.43619302343750005 0.46037209375000004 0.44791162812499996 0.43107596875 0.4508418609375 0.4261937984375 0.44644651093750004 0.42814573593749994 0.425939534375 0.423263565625 0.42447441875 0.41447441874999996 0.4610953484375 0.424240309375 0.47574418593749995 0.4261937984375 0.4991813953125 0.430013953125 0.5 0.456897675 0.5 0.46623255781250006 0.485997675
4 0 0.860465115625 0.004981395312499999 0.860465115625 0.13562480625 0.8139418609375 0.144412403125 0.818334884375 0.1483193796875 0.8534906984375 0.1545178296875 0.860465115625 0.1564341078125 0.860465115625 0.15808527187500002 0.850562790625 0.1717565890625 0.8388441859375 0.1717565890625 0.82712558125 0.1854294578125 0.8154069765624999 0.1873813953125 0.8007581390625 0.21667907031250003 0.7685302328125 0.2186325578125 0.7509534890625 0.2557410859375 0.6865 0.2682170546875 0.68382558125 0.2682170546875 0.6834069765625 0.2586713171875 0.6821046515625 0.25378759687499997 0.6689209296875 0.21277209375 0.23532790625 0.0223426359375 0.0258558140625 0.0008589140625 0.017065115625 0 0.7600302328125 0 0.860465115625
4 0.767764340625 0.5467325578125 0.7658682171875 0.5837209296875 0.7736728687500001 0.5837209296875 0.7746000000000001 0.5628465109375 0.7999906984375 0.5628465109375 0.8048744187500001 0.5379441859375 0.8195224812499999 0.524760465625 0.8410062015624999 0.5218302328125 0.8488186046875 0.5394093015625 0.8605379843750001 0.5364790703125 0.8624914734375 0.5276906984374999 0.8722558140625001 0.5394093015625 0.876162790625 0.5189 0.8956945734374999 0.5159720937500001 0.9044837203125 0.49399767499999997 0.9472868218749999 0.1904813953125 0.9472868218749999 0.18908139531249998 0.8605379843750001 0.0677302328125 0.8449131781249999 0.0677302328125 0.8234279062500001 0.08237674375000001 0.7492093015625 0.14683023281250002 0.7296790703125 0.173197675 0.673037209375 0.2083534890625 0.6535069765625 0.2083534890625 0.5753813953125 0.24643953437500002 0.5509674421875 0.2713418609375 0.5910062015624999 0.2815953484375 0.6056542640625 0.31528837187500003 0.6144434109375 0.3167534890625 0.8019441859375 0.2024953484375 0.767764340625 0.5467325578125
4 0.778297675 0.8228813953125 0.780539534375 0.8232558140625 0.787813953125 0.8232558140625 0.79392248125 0.8140930234375 0.7997813953125 0.8199534890625 0.8075937984375001 0.8140930234375 0.81247751875 0.803839534375 0.8056418609374999 0.80237441875 0.82712558125 0.7818674421875 0.8329844968750001 0.7877255812499999 0.8368914734375 0.7701488375000001 0.8681410859375 0.7408511625 0.911110078125 0.7760069765625001 0.9257581390625 0.76282325625 0.9491953484375 0.6075511625 0.9984496125 0.351811628125 0.9984496125 0.1698813953125 0.9511488375000001 0.1973930234375 0.9023209296875001 0.5020813953125 0.9023209296875001 0.551886046875 0.8886496125000001 0.6075511625 0.8730248062499999 0.6016906984375 0.8759534890625 0.5181953484374999 0.8447038765625001 0.52112325625 0.8398217046875001 0.5489558140625 0.82712558125 0.5650697671875 0.8095472875 0.568 0.801734884375 0.5416325578125 0.7675550390625 0.551886046875 0.7441178296875 0.7804023250000001 0.778297675 0.8228813953125
4 0.30332403124999996 0.7647418609375001 0.2759798453125 0.7588813953125 0.23886976718750003 0.7911093015625 0.21347907031250002 0.794037209375 0.155862015625 0.8980418609375 0.16367441875 0.983002325 0.17051007812500002 0.9991162796875 0.304299225 0.9976511625000001 0.3335969 0.8511674421875 0.342635659375 0.7888 0.342635659375 0.77542790625 0.3404325578125 0.7500930234375 0.30332403124999996 0.7647418609375001
4 1 0.8363883718749999 0.8741116281249999 0.767588371875 0.85262635625 0.7822372093750001 0.7871969 0.8569441859375001 0.782314728125 0.9345813953125001 0.7452046515624999 0.908213953125 0.750088371875 0.9594837203125 0.7227441859375 0.994639534375 1 0.9975674421875 1 0.8363883718749999
