4 0 0.3237302328125 0.14160155000000002 0.351562790625 0.1464837203125 0.3647465109375 0.1464837203125 0.423339534375 0.1513674421875 0.430665115625 0.25097674375 0.4394534890625 0.26660154999999996 0.42187441875 0.3095705421875 0.413086046875 0.3144527125 0.4028325578125 0.30175813906250004 0.398437209375 0.29882790625 0.3852534890625 0.31152403125 0.375 0.32324186093749996 0.375 0.33007751875 0.399902325 0.3486325578125 0.413086046875 0.352539534375 0.32812558125 0.366210853125 0.31347674375 0.413085271875 0.319334884375 0.491210853125 0.34570232500000003 0.5058589140625 0.37353488437500004 0.49609302343749995 0.399902325 0.49609302343749995 0.48779302343750003 0.5498046515625 0.49218837187500003 0.552734884375 0.399902325 0.6103519375 0.375 0.617187596875 0.3940418609375 0.617187596875 0.484862790625 0.65722635625 0.48632790625 0.662110078125 0.49365348906250006 0.6562496125 0.5170906984375 0.6562496125 0.6020511625 0.6689457359375 0.60937441875 0.6748046515625 0.6269534890624999 0.6982418609375001 0.63867209375 0.70312558125 0.6313465109374999 0.70507751875 0.25927674375 0.8642573640625001 0.17285116250000002 0.8691410859375001 0.18017674374999998 0.8710930234375001 0.30322325625 0.8691410859375001 0.9331046515624999 0.8769534890624999 0.94482325625 0.8828124031250001 0.8452139531249999 0.8828124031250001 0.5141604656250001 0.8857426359374999 0.506834884375 0.9326170546875 0.506834884375 0.945313178125 0.44384651093749994 0.937500775 0.41162092968749997 0.9716790703125 0.380860465625 1 0.3706046515625 0.9990232562499999 0.0117186046875 0.53027286875 0.31347674375 0 0.1596674421875 0 0.3237302328125
4 0.6152341078125 0.49365348906250006 0.6152341078125 0.593262790625 0.62402325625 0.6035162796875 0.64062480625 0.6020511625 0.6533209296875 0.5976558140625 0.6562496125 0.587402325 0.65527286875 0.48632790625 0.6152341078125 0.49365348906250006
4 0.3466790703125 0.556639534375 0.35839845000000004 0.5537116281250001 0.366210853125 0.5625 0.37597674375 0.5449209296874999 0.399413953125 0.5654302328125 0.4423829453125 0.556639534375 0.4482418609375 0.5185558140625 0.45996124062500005 0.5185558140625 0.4687503875 0.5551767437499999 0.4873054265625 0.5654302328125 0.508789146875 0.5449209296874999 0.5283209296875 0.5419930234375 0.5419922484375 0.556639534375 0.54882790625 0.5493162796875 0.552734884375 0.49951162812499994 0.5498046515625 0.49218837187500003 0.40527286875 0.49218837187500003 0.26660154999999996 0.4804697671875 0.257812403125 0.47314418593749996 0.2548821703125 0.4423837203125 0.1503906984375 0.43798837187500006 0.1533209296875 0.5712883718749999 0.211914728125 0.5800790703125001 0.22363255781250002 0.59472558125 0.2470697671875 0.591797675 0.2626945734375 0.6269534890624999 0.287110078125 0.6284186046875 0.352539534375 0.618165115625 0.3574217046875 0.5991209296875 0.34179689999999996 0.5727534890625 0.3466790703125 0.556639534375
4 0.1367193796875 0.9653325578124999 0.1464837203125 0.968262790625 0.16015658906250002 0.9536139531250001 0.1533209296875 0.884765115625 0.13476589218749999 0.8950186046875 0.1367193796875 0.9653325578124999
4 0.0986325578125 0.8906255812499999 0.0976558140625 0.985839534375 0.10058604687499999 0.9960930234375001 0.10937519375 0.9946279062500001 0.12695348906249998 0.9799813953125 0.125 0.9008790703124999 0.11621085312499999 0.8906255812499999 0.0986325578125 0.8906255812499999
4 0.056640309374999996 0.9096674421875001 0.0585937984375 0.9975581390625001 0.087889921875 0.9975581390625001 0.085937984375 0.9038093015625 0.079102325 0.8964837203125 0.06152403125 0.9023441859375 0.056640309374999996 0.9096674421875001
4 0.446288371875 0.8554697671874999 0.5214837203125 0.8950186046875 0.5312496125 0.8305674421875 0.5263674421875 0.7998046515625 0.43945271249999995 0.8422860468750001 0.446288371875 0.8554697671874999
4 0 0.9975581390625001 0.037110078125 0.9975581390625001 0.0351565890625 0.8334953484375 0.0048821703125 0.8378906984375 0 0.8422860468750001 0 0.9975581390625001
4 0.6455085265625 0.9316395343749999 0.62402325625 0.90527441875 0.6191410859375 0.9096674421875001 0.618164340625 0.9990232562499999 0.819336434375 0.9990232562499999 0.8271488375 0.9873046515624999 0.8476558140625 0.9975581390625001 0.8535162796875 0.9917 0.8095705421874999 0.9521488375 0.7060542640625 0.8789069765624999 0.6455085265625 0.9316395343749999
4 0.00097674375 0.3574209296875 0 0.6811534890625001 0.0205085265625 0.7294930234375 0.030272868749999998 0.7412116281250001 0.04687441875 0.7397465109375 0.04687441875 0.8188465109375 0.056640309374999996 0.8217767437499999 0.09472713125 0.8144534890624999 0.12695348906249998 0.7954093015625 0.1289069765625 0.37646511562499996 0.00097674375 0.3574209296875
4 0.40917984531249996 0 0.40429612343750004 0.021972093749999998 0.4179689921875 0.030762790625 0.41992248125 0.054200000000000005 0.4062496125 0.0834953484375 0.4101565890625 0.171386046875 0.397460465625 0.1845697671875 0.3847658921875 0.1684581390625 0.39062480625 0.092286046875 0.37695348906250004 0.042481395312499996 0.37695348906250004 0.0278325578125 0.39062480625 0.016113953125 0.3876945734375 0.005860465625 0.1376945734375 0 0.132812403125 0.0278325578125 0.11621085312499999 0.038086046875 0.0732418609375 0 0 0.001465115625 0.0029302328125 0.15527441875 0.3603519375 0.266602325 0.5312496125 0.3061534890625 0.8408201546875 0.1142581390625 0.9814449609375 0.0205069765625 0.9980465109375001 0.001465115625 0.40917984531249996 0
