4 0.39712429375 0 0.2420875703125 0.0008313718750000001 0.483299434375 0.2190980390625 0.49798022656249996 0.22352941249999997 0.510997175 0.22352941249999997 0.8778305078124999 0.059125490625 0.9067796609375 0.0067607843749999995 0.9067796609375 0.0008196078125000001 0.660443503125 0 0.5027966109374999 0 0.49990112968749995 0.0442117640625 0.513573446875 0.0794627453125 0.5028305078125 0.151313725 0.49208757031249994 0.1445333328125 0.4862288140625 0.10928627500000002 0.4949745765625 0 0.39712429375 0
4 0 0.7202666671875 0.0747316390625 0.705447059375 0.0952401125 0.8423725484375 0.1069576265625 0.858639215625 0.1225819203125 0.8423725484375 0.1264887 0.6254588234375 0.1450451984375 0.5997019609375001 0.2090395484375 0.5916235296875 0.2090395484375 0.57112156875 0.0493418078125 0.559031371875 0.0464124296875 0.48446666718750003 0.000514125 0.4858235296875 0 0.6090274515625 0 0.7202666671875
4 0 0.15043529375 0.028596045312500002 0.14779215625 0.027618643749999998 0.208796078125 0.041290960937499996 0.14643529375 0.222932203125 0.2440431375 0.3410960453125 0.2887843140625 0.343048021875 0.5490196078125 0.35491242968750003 0.5490196078125 0.3987146890625 0.5314549015625001 0.40555084687500004 0.4894274515625 0.40677966093749995 0.34255294062499997 0.40677966093749995 0.2543294125 0.3860169484375 0.1993058828125 0.32058757031249996 0.1383019609375 0.1174632765625 0.008152940625 0.0002768359375 0.0000196078125 0 0.042549020312500005 0 0.15043529375
4 0.498991525 0.4883019609375 0.511686440625 0.45440784375 0.5194971749999999 0.457117646875 0.49605932187499996 0.5113490203125 0.499923728125 0.6078431375 0.50612146875 0.6078431375 0.54488983125 0.6008235296875 0.5508474578125 0.5462274515625001 0.5508474578125 0.507117646875 0.54488983125 0.5005019609375 0.5429350281249999 0.29985882343750003 0.4973474578125 0.282352940625 0.4970395484375 0.282352940625 0.498991525 0.4883019609375
4 0.001446328125 0.99607843125 0.11016949218750001 0.99607843125 0.11016949218750001 0.9920588234375 0.0894689265625 0.9333333328125001 0.089324859375 0.9333333328125001 0.0005790953125 0.9780117640625001 0.001446328125 0.99607843125
4 0.7598870062499999 0.99607843125 0.7598870062499999 0.9822745093749999 0.758070621875 0.9579176468749999 0.726822034375 0.9524941171875 0.7053361578125 0.9199568625 0.6711581921875001 0.9104666671875 0.6721073453125 0.99607843125 0.7598870062499999 0.99607843125
4 0.31274293750000004 0.9982431375 0.46411016875 0.9996 0.6389152546875 0.9982431375 0.6418446328125 0.8911411765624999 0.6320790953125 0.8586039218750001 0.6437966109375 0.8179333328125 0.6751412421875 0.7821019609375 0.6751412421875 0.768360784375 0.6730932203125 0.7555725484375 0.6486807906250001 0.7433725484375 0.6291497171875 0.7569294125 0.6105932203125 0.774552940625 0.6203587578125 0.798952940625 0.5666497171875 0.8464039218750001 0.54711864375 0.8355568625 0.5139152546875 0.8464039218750001 0.49438418124999994 0.8274235296875 0.4787570625 0.8328470593749999 0.4787570625 0.8464039218750001 0.45727401093750003 0.8192901953125 0.28051694843749997 0.9535058828125 0.31274293750000004 0.9982431375
4 0.919497175 0.2498509796875 0.9350282484375001 0.2019372546875 0.9350282484375001 0.1814156859375 0.9282853109375001 0.1346156859375 0.8804350281250001 0.252560784375 0.8893757062500001 0.282352940625 0.8914887 0.282352940625 0.9048474578124999 0.253917646875 0.919497175 0.2498509796875
4 0.8179209046875 0.38823529375 0.8607429375000001 0.3572196078125 0.8607429375000001 0.32739215625 0.8783220343749999 0.29756862812499996 0.870508475 0.2541843140625 0.9209039546875 0.1272196078125 0.9209039546875 0.1050901953125 0.9183615812499999 0.08743529375 0.806056496875 0.1918235296875 0.8157457625 0.38823529375 0.8179209046875 0.38823529375
4 0.7870593218749999 0.1981333328125 0.9198728812500001 0.07883529375000001 0.9462401125 0.039517646875 0.9519774015625 0.011639215625000001 0.9519774015625 0.0014901953125 0.9140141249999999 0.00020392187499999997 0.880810734375 0.05985490156249999 0.5097146890625 0.227960784375 0.48041807968750005 0.2198274515625 0.24018361562499999 0.0056274515625 0.125926553125 0.001560784375 0.32612146875 0.1330627453125 0.45698022656250004 0.2577843140625 0.5785282484375001 0.2666666671875 0.588697740625 0.2666666671875 0.6562005656250001 0.24422745156249998 0.6581525421875 0.22253725468750002 0.677683615625 0.2360941171875 0.7870593218749999 0.1981333328125
