4 1 0.001465115625 0.7978511625 0.005860465625 0.79687441875 0.054200000000000005 0.76562480625 0.11865348906249999 0.76562480625 0.139160465625 0.7714837203125 0.1450186046875 0.76562480625 0.186034884375 0.7714837203125 0.1918953484375 0.7675782953125 0.2065418609375 0.7792961234375 0.2153325578125 0.7753906984375 0.2299813953125 0.7812496125 0.23876976718749998 0.7812496125 0.30322325625 0.789062015625 0.3090813953125 0.7861333328125 0.3251953484375 0.7978511625 0.32812558125 0.805663565625 0.3486325578125 0.8212883718749999 0.351562790625 0.82617209375 0.2915046515625 0.8408201546875 0.2812511625 0.8398434109374999 0.30322325625 0.8535162796875 0.326660465625 0.851562790625 0.35302790625 0.8652341078125 0.3706046515625 0.834961240625 0.36621162812499997 0.8076170546875 0.404297675 0.7832030999999999 0.41162092968749997 0.76562480625 0.5083 0.7675782953125 0.5727534890625 0.8251953484375001 0.5830069765625 0.8310542640625 0.6562511625 0.8417969 0.6459953484375001 0.84472713125 0.60937441875 0.8896480625000001 0.60937441875 0.8935550390625 0.5976558140625 0.915038759375 0.5976558140625 0.9179689921874999 0.6196279062500001 0.9062496124999999 0.6284186046875 0.9287116281250001 0.6357418609375001 0.962889921875 0.67822325625 0.9589844968750001 0.7016604656250001 0.962889921875 0.812988371875 0.9726558140625 0.8393558140625 0.9863286828125 0.780762790625 0.976562790625 0.63427674375 0.962889921875 0.587402325 0.9228511625 0.556639534375 0.9199224812500001 0.537597675 0.9404294578125001 0.5361325578125 0.9658201546875 0.5654302328125 0.9794914734375 0.59472558125 0.9824217046875001 0.5903325578125 0.9804682171874999 0.49365348906250006 0.9550775187499999 0.48779302343750003 0.9580077515625 0.46582092968750005 0.9804682171874999 0.46142558125 0.976562790625 0.41748139531249995 0.9658201546875 0.398437209375 0.9345705421874999 0.3867186046875 0.929686821875 0.3706046515625 1 0.3471674421875 1 0.001465115625
4 0.7812496125 0.5200186046875 0.79492248125 0.5112302328125 0.79492248125 0.49365348906250006 0.789062015625 0.48779302343750003 0.79492248125 0.44384651093749994 0.7832030999999999 0.42919999999999997 0.789062015625 0.4204093015625 0.79492248125 0.35888604687500003 0.820313178125 0.3383790703125 0.8242186046875 0.3090813953125 0.820313178125 0.2622069765625 0.8105472875 0.2534186046875 0.8164062015625 0.23876976718749998 0.8105472875 0.22705116250000001 0.8173829453125 0.2285162796875 0.837889921875 0.2065418609375 0.837889921875 0.1684581390625 0.82617209375 0.1538093015625 0.8300775187499999 0.12451162812500001 0.8417969 0.1127930234375 0.8437503875000001 0.07177674375000001 0.837889921875 0.0512697671875 0.8417969 0.0102534890625 0.819336434375 0.0029302328125 0.586914728125 0.0029302328125 0.5585937984375 0.048339534375 0.5585937984375 0.3706046515625 0.57812558125 0.37353488437500004 0.5810542640625 0.3310558140625 0.586914728125 0.34570232500000003 0.59472713125 0.34277441875000003 0.60937519375 0.37646511562499996 0.6132806203125 0.42919999999999997 0.6103519375 0.4423837203125 0.5976558140625 0.44970697656249997 0.5966790703125 0.46582092968750005 0.5908201546875 0.45410232500000003 0.5888666671875 0.46582092968750005 0.56152403125 0.4687511625 0.5585937984375 0.5112302328125 0.584961240625 0.5419930234375 0.5888666671875 0.556639534375 0.7675782953125 0.5756837203125 0.7773441859375 0.5727534890625 0.7695317828125 0.5551767437499999 0.7812496125 0.537597675 0.7812496125 0.5200186046875
4 0.5742186046875 0.5522465109375 0.5810542640625 0.5800790703125001 0.5908201546875 0.5595697671875 0.6191410859375 0.5551767437499999 0.6074217046875 0.5229488375 0.60937519375 0.41748139531249995 0.5966790703125 0.4101558140625 0.586914728125 0.430665115625 0.572265115625 0.4350581390625 0.57617209375 0.405762790625 0.587889921875 0.4028325578125 0.5917969000000001 0.3413093015625 0.56347596875 0.3339837203125 0.56152403125 0.34277441875000003 0.5585937984375 0.3325186046875 0.5664062015625 0.326660465625 0.56152403125 0.319334884375 0.5048821703125 0.336913953125 0.49902325625 0.3779302328125 0.4570310078125 0.3852534890625 0.458984496875 0.578613953125 0.5332030999999999 0.58447209375 0.568359690625 0.5727534890625 0.5546868218750001 0.5434581390625 0.5576170546875 0.539062790625 0.5742186046875 0.5522465109375
4 0.0214837203125 0.042481395312499996 0.0292961234375 0.0600581390625 0.027344185937499998 0.0747069765625 0.0341798453125 0.0820302328125 0.5048821703125 0.30175813906250004 0.54882790625 0.312011628125 0.5507813953125 0.024902325 0.53222635625 0 0.0214837203125 0.001465115625 0.0214837203125 0.042481395312499996
4 0 0.250488371875 0.0048821703125 0.2548837203125 0.46972713125 0.3779302328125 0.492187596875 0.37646511562499996 0.4980465109375 0.37353488437500004 0.4980465109375 0.3413093015625 0.4892573640625 0.3339837203125 0 0.1596674421875 0 0.250488371875
4 0.023437209375 0.08642558125000001 0.03222635625 0.1669930234375 0.46972713125 0.32812558125 0.5039069765625 0.3325186046875 0.539062015625 0.31787209375000003 0.06542945781250001 0.0966790703125 0.03222635625 0.0820302328125 0.023437209375 0.08642558125000001
4 0 0.7045906984375 0.041015503125000005 0.7104488375 0.039062015625 0.7924813953125 0.0439457359375 0.802734884375 0.056640309374999996 0.8012697671875 0.101562790625 0.780762790625 0.10351627968749999 0.6987302328125 0.15820309999999999 0.6430674421875 0.1669922484375 0.5976558140625 0.28515658906249997 0.58447209375 0.2841798453125 0.3310558140625 0 0.2563465109375 0.0029302328125 0.375 0.1845705421875 0.40722558124999997 0.2548821703125 0.4101558140625 0.26171937968750003 0.42919999999999997 0.26171937968750003 0.46142558125 0.2529302328125 0.47753953437499996 0 0.46435581406250004 0 0.7045906984375
4 0.375 0.3793953484375 0.444336434375 0.3896488375 0.4501953484375 0.4013674421875 0.45507751875 0.38232325624999997 0.43652403125 0.369139534375 0.305663565625 0.336913953125 0.30468682187499996 0.6137697671875 0.32031317812500004 0.63427674375 0.32812558125 0.66357441875 0.32812558125 0.725097675 0.33984341093750003 0.725097675 0.35839845000000004 0.71777441875 0.3613286828125 0.6987302328125 0.37695348906250004 0.6870116281249999 0.375 0.3793953484375
4 0.302734884375 0.587402325 0.30468682187499996 0.3383790703125 0.288085271875 0.3310558140625 0.28515658906249997 0.578613953125 0.302734884375 0.587402325
4 0.8701178296875 0.8876953484375001 0.8613286828125 0.889160465625 0.85937519375 0.9213860468749999 0.8710930234375001 0.9418953484375001 0.868164340625 0.9550790703125 0.7939457359375 0.9111325578124999 0.7695317828125 0.968262790625 0.772460465625 0.9990232562499999 0.9414062015625 0.9975581390625001 0.9492186046875 0.9477534890625 0.9345705421874999 0.9433604656250001 0.9228511625 0.9228511625 0.8701178296875 0.8876953484375001
4 0.383789146875 0.9257813953125 0.3613286828125 0.9008790703124999 0.3652341078125 0.7983395343749999 0.3574217046875 0.7895511625 0.36328062031249997 0.7543953484375 0.3603519375 0.720702325 0.32812558125 0.7368162796875 0.3164062015625 0.7690418609375 0.3154294578125 0.8085930234375001 0.290038759375 0.779297675 0.1533209296875 0.8144534890624999 0.14062480625 0.8247069765624999 0.13476589218749999 0.8540046515625 0.12402325624999999 0.8642581390625 0.11914108593749999 0.859862790625 0.1230465109375 0.8217767437499999 0.10058604687499999 0.7910162796875 0.055663565625 0.805665115625 0.04687441875 0.8159186046875 0.04492248125 0.8627930234375001 0 0.9008790703124999 0.00097674375 0.9990232562499999 0.4648434109375 0.9975581390625001 0.4687503875 0.9917 0.45996124062500005 0.9785162796875 0.42089767499999997 0.9345697671875 0.383789146875 0.9257813953125
4 0.4345705421875 0.6826162796874999 0.382812403125 0.7045906984375 0.40039069843749997 0.7075186046875 0.43652403125 0.70312558125 0.4667969 0.6870116281249999 0.461914728125 0.679688371875 0.4345705421875 0.6826162796874999
