4 0 0.1225186046875 0.1227069765625 0.253988371875 0.1227069765625 0.41219302343750003 0.1363782953125 0.426839534375 0.1480961234375 0.47957441875000006 0.1577705421875 0.48372092968749997 0.161240309375 0.48372092968749997 0.161240309375 0.4049069765625 0.1520031 0.379965115625 0.15004961249999998 0.1631697671875 0.049463565625 0.00057209375 0.000635659375 0.00057209375 0 0.0797465109375 0 0.1225186046875
4 0.342635659375 0.6778953484375 0.342635659375 0.60897441875 0.3395410859375 0.346765115625 0.3317286828125 0.3174674421875 0.31317519374999997 0.3042837203125 0.227237209375 0.29842558124999996 0.1530186046875 0.1929558140625 0.1539953484375 0.3262581390625 0.16278449687500002 0.3423697671875 0.1607565890625 0.2927209296875 0.2134511625 0.3386209296875 0.21478604687499997 0.694313953125 0.21634418593750002 0.7069767437500001 0.21717829531250002 0.7069767437500001 0.23504961249999998 0.6880744187500001 0.342635659375 0.6778953484375
4 0.34587286875 0.6667581390625 0.37907596875 0.669688371875 0.49724030937499997 0.659434884375 0.49767441874999996 0.6314093015625 0.49767441874999996 0.5964511625 0.3468496125 0.597911628125 0.34587286875 0.6667581390625
4 0.5082558140625 0.33197907031249996 0.5072790703125001 0.6000441859375 0.5125829453125 0.6186046515625 0.5196310078125 0.6186046515625 0.5375534890625 0.61322790625 0.5404821703125 0.60297441875 0.5326697671875 0.5853953484375001 0.553488371875 0.5797186046875 0.553488371875 0.5275674421875001 0.55220155 0.4271930234375 0.5502480624999999 0.339302325 0.5082558140625 0.33197907031249996
4 1 0.07848837187499999 0.9990496125 0.0000441859375 0.8857674421875 0.00297441875 0.5566666671875 0.332562790625 0.5576434109374999 0.3750441859375 0.616237209375 0.339888371875 0.6211193796875001 0.40192790624999997 0.6211193796875001 0.4526813953125 0.6289317828125001 0.47318837187499996 0.6211193796875001 0.49369767500000006 0.6211193796875001 0.5610790703124999 0.6279550390625 0.58012325625 0.67287751875 0.5771930234375 0.6855720937500001 0.59037674375 0.6904558140625 0.6123488375 0.7334248062500001 0.6299279062500001 0.7705333328124999 0.6182093015625 0.9406945734375001 0.648837209375 0.941435659375 0.648837209375 0.9453379843749999 0.487837209375 0.9394790703125 0.40287674375 0.9399178296875 0.3992534890625 0.838697675 0.3676674421875 0.8490387593750001 0.34322558124999997 0.8623302328125 0.357465115625 0.92092403125 0.3516069765625 0.9248310078124999 0.37797441875 0.929713178125 0.356002325 0.9375255812500001 0.35307209375 0.9430806203125 0.369734884375 0.942989146875 0.26667674375 0.943384496875 0.23881395312499998 0.943384496875 0.12162558125 1 0.08063023281250001 1 0.07848837187499999
4 0.9430821703125 0.3731418609375 0.9399178296875 0.3992534890625 0.9431069765625001 0.40024883750000007 0.9430821703125 0.3731418609375
4 0.9430806203125 0.369734884375 0.9430821703125 0.3731418609375 0.943384496875 0.3706488375 0.9430806203125 0.369734884375
4 0.5647193796875001 0.5837209296875 0.5658914734375 0.45367209375 0.5658914734375 0.3615534890625 0.5627534890625 0.33330697656249997 0.5578697671875 0.3318418609375 0.5490806203124999 0.3420953484375 0.552987596875 0.5793999999999999 0.56162790625 0.5837209296875 0.5647193796875001 0.5837209296875
4 0.216100775 0.8754488374999999 0.193638759375 0.8857046515624999 0.192663565625 0.913534884375 0.1809441859375 0.90767674375 0.17215503906250001 0.9179302328125001 0.13895193749999998 0.9882418609375 0.1398496125 0.99767441875 0.4440837203125 0.99767441875 0.6819209296875 0.9970325578124999 0.6837209296875 0.9916302328125 0.6837209296875 0.9909534890625 0.5627798453125 0.8183209296875 0.54520155 0.7773046515625001 0.519810853125 0.750937209375 0.51199845 0.674765115625 0.4953969 0.664511628125 0.24539689999999997 0.6908790703125 0.2278186046875 0.702597675 0.2190294578125 0.7157813953125001 0.2268434109375 0.7304302328125 0.21707751874999998 0.7714465109375 0.23660775156249997 0.7890232562499999 0.23660775156249997 0.8066023250000001 0.224889921875 0.8564069765625 0.216100775 0.8754488374999999
4 0.4188434109375 0.2833813953125 0.39345271249999997 0.2804534890625 0.39052403125 0.264339534375 0.40028992187499995 0.232113953125 0.398336434375 0.19402790625 0.41200775156249997 0.1823093015625 0.415914728125 0.1500813953125 0.43251627968750006 0.14275813906249998 0.447164340625 0.1588697671875 0.43739845 0.167660465625 0.4413054265625 0.18816744218749998 0.454 0.21013953437500002 0.4666961234375 0.21453488437499998 0.4745085265625 0.27312790625 0.4559534890625 0.2804534890625 0.45302325625 0.29363720937500004 0.43837519374999995 0.300960465625 0.4354449609375 0.311213953125 0.533359690625 0.3162790703125 0.549462015625 0.3162790703125 0.840310078125 0.002162790625 0.840310078125 0.0006674421875 0.0819302328125 0.0006674421875 0.101460465625 0.0475418609375 0.117086821875 0.062190698437500004 0.15810232500000002 0.13543255781250002 0.150289921875 0.14422325625000001 0.163961240625 0.153011628125 0.18739845 0.21746511562499998 0.2313441859375 0.2833813953125 0.31532868281250004 0.29217209375 0.3641565890625 0.31267907031250003 0.4286093015625 0.31267907031250003 0.4334930234375 0.3082837203125 0.42177364375000004 0.30242558124999996 0.4188434109375 0.2833813953125
