4 1 0.001465115625 0.49902325625 0 0.4873054265625 0.0205069765625 0.47949147343750004 0.0205069765625 0.46972713125 0 0.031249612500000003 0.001465115625 0.44140620156250004 0.312011628125 0.9638666671875 0.20800697656249997 1 0.17431627968750002 1 0.001465115625
4 0.9404294578125001 0.5361325578125 0.947265115625 0.5756837203125 0.9580077515625 0.5830069765625 0.962889921875 0.5727534890625 0.9648434109374999 0.218262790625 0.959961240625 0.210937209375 0.43652403125 0.3164069765625 0.0361333328125 0.008788371875000001 0 0.001465115625 0.00097674375 0.3955069765625 0.0439457359375 0.3339837203125 0.1064449609375 0.290039534375 0.15722635625 0.27539069843749997 0.22949147343749998 0.290039534375 0.28027286875 0.3310558140625 0.32031317812500004 0.3940418609375 0.3457038765625 0.484862790625 0.350586046875 0.5537116281250001 0.38183565937499997 0.5507813953125 0.399413953125 0.533202325 0.41699224843750005 0.533202325 0.4326170546875 0.5712883718749999 0.4501953484375 0.5742186046875 0.4560542640625 0.533202325 0.4814449609375 0.5449209296874999 0.491210853125 0.5625 0.5146480625 0.5625 0.51562480625 0.5493162796875 0.524413953125 0.5419930234375 0.5439457359375 0.5478511625 0.5644527125 0.44970697656249997 0.6044914734375 0.3896488375 0.6611333328125 0.3603511625 0.7080077515625 0.36621162812499997 0.743164340625 0.3867186046875 0.787110078125 0.44384651093749994 0.8085937984375 0.5258790703125 0.8085937984375 0.672362790625 0.8535162796875 0.67822325625 0.8613286828125 0.6606441859375 0.8623054265625001 0.53027441875 0.8701178296875 0.539062790625 0.9404294578125001 0.5361325578125
4 0.7460930234375 0.7133790703125 0.7216790703125 0.7060558140625 0.7187503875 0.7456046515625 0.7138666671875 0.75 0.7060542640625 0.7060558140625 0.6982418609375001 0.7236325578125 0.6904294578125 0.7001953484375 0.6669922484375 0.697265115625 0.681640309375 0.7045906984375 0.6894527125 0.7778325578125 0.693359690625 0.9946279062500001 0.820313178125 0.9975581390625001 0.8242186046875 0.9917 0.79492248125 0.912597675 0.7519534890624999 0.7602534890625 0.7460930234375 0.7133790703125
4 0.5273441859375 0.9389651156250001 0.5205085265625 0.9462883718749999 0.507812403125 0.9389651156250001 0.507812403125 0.7983395343749999 0.556640309375 0.774902325 0.54882790625 0.6958 0.5419922484375 0.6826162796874999 0.5292961234375 0.6870116281249999 0.506835659375 0.75 0.4023441859375 0.8627930234375001 0.40429612343750004 0.9038093015625 0.3955085265625 0.9169930234375 0.3896480625 0.9169930234375 0.3779302328125 0.8906255812499999 0.336914728125 0.8876953484375001 0.28027286875 0.86132790625 0.243164340625 0.8554697671874999 0.22363255781250002 0.8730465109375001 0.212889921875 0.7924813953125 0.20410232499999997 0.7910162796875 0.14062480625 0.8305674421875 0.1757813953125 0.859862790625 0.162110078125 0.9360348843749999 0.164062015625 0.95947209375 0.15527286875 0.9726558140625 0.1503906984375 0.9096674421875001 0.1455085265625 0.9082023250000001 0.1357426359375 0.914062790625 0.1298821703125 0.9316395343749999 0.11621085312499999 0.9257813953125 0.0478511625 0.9726558140625 0.0332031 0.9917 0.040038759374999996 0.9990232562499999 0.66992248125 0.9975581390625001 0.66992248125 0.8540046515625 0.647460465625 0.8408209296875 0.53027286875 0.8144534890624999 0.5273441859375 0.9389651156250001
4 0 0.9038093015625 0.0058589140625 0.9038093015625 0.037110078125 0.8833 0.03222635625 0.8320302328125001 0 0.8481441859375 0 0.9038093015625
4 0.04687441875 0.874511628125 0.054686821875 0.874511628125 0.0957038765625 0.85107441875 0.09472713125 0.802734884375 0.048827906250000004 0.8247069765624999 0.04687441875 0.874511628125
4 0.1142573640625 0.7910162796875 0.1113286828125 0.8393558140625 0.117187596875 0.8393558140625 0.211914728125 0.7851558140625 0.21093798437500003 0.7485348843749999 0.2001953484375 0.7470697671875 0.1142573640625 0.7910162796875
4 0.708984496875 0.6987302328125 0.710937984375 0.6811534890625001 0.704102325 0.67382790625 0.70117209375 0.6958 0.708984496875 0.6987302328125
4 0.5957038765625 0.67822325625 0.59472713125 0.6562511625 0.5810542640625 0.6533209296875 0.5703131781249999 0.672362790625 0.5957038765625 0.67822325625
4 0.662110078125 0.6752930234375001 0.663085271875 0.6914069765625 0.693359690625 0.6928720937499999 0.693359690625 0.67822325625 0.68652403125 0.670897675 0.665038759375 0.6679697671875 0.662110078125 0.6752930234375001
4 0.648437209375 0.6870116281249999 0.6435550390625 0.6591790703125 0.60937519375 0.657713953125 0.6103519375 0.6826162796874999 0.648437209375 0.6870116281249999
4 0.71972713125 0.7001953484375 0.75 0.7045906984375 0.7646480625 0.679688371875 0.7236325578125 0.670897675 0.7167969000000001 0.67822325625 0.71972713125 0.7001953484375
