4 0.2792961234375 0.312011628125 0.2812496125 0.3002930234375 0.2705085265625 0.28710930156250003 0.2636713171875 0.3061534890625 0.2792961234375 0.312011628125
4 0.2626945734375 0 0.2353519375 0.008788371875000001 0.2285162796875 0.024902325 0.2480465109375 0.212402325 0.25 0.3061534890625 0.2539069765625 0.3090813953125 0.26660154999999996 0.27539069843749997 0.2783209296875 0.27539069843749997 0.287110078125 0.28857441875 0.2929689921875 0.3325186046875 0.30371162812499997 0.336913953125 0.306640309375 0.3237302328125 0.2998046515625 0.3251953484375 0.29882790625 0.31787209375000003 0.306640309375 0.3149418609375 0.3105472875 0.2915046515625 0.30468682187499996 0.265137209375 0.31347596875 0.26367209375 0.32324186093749996 0.2460930234375 0.336914728125 0.24902325625000002 0.34960930156250003 0.265137209375 0.3613286828125 0.28857441875 0.3535162796875 0.326660465625 0.36425736406250003 0.322265115625 0.35937519375 0.3325186046875 0.36816434062500003 0.34570232500000003 0.375 0.3354488375 0.38671937968750003 0.484862790625 0.3847658921875 0.546386046875 0.398437209375 0.5551767437499999 0.42187441875 0.537597675 0.4082031 0.43798837187500006 0.414062015625 0.399902325 0.40722635625 0.404297675 0.4082031 0.3881837203125 0.3925782953125 0.3793953484375 0.3955085265625 0.369139534375 0.40527286875 0.380860465625 0.414062015625 0.36767674375000003 0.4082031 0.3559581390625 0.40917984531249996 0.3486325578125 0.41113333281250003 0.3574209296875 0.414062015625 0.35302790625 0.414062015625 0.3237302328125 0.4023441859375 0.00732325625 0.399413953125 0 0.2626945734375 0
4 0 0.1596674421875 0.048827906250000004 0.203613953125 0.039062015625 0.2211906984375 0.056640309374999996 0.344237209375 0.0664062015625 0.36767674375000003 0.18066356562500002 0.34570232500000003 0.187500775 0.3149418609375 0.19433643437499998 0.31054651093749996 0.20312558125 0.3149418609375 0.2080077515625 0.336913953125 0.25 0.3325186046875 0.2480465109375 0.2534186046875 0.243164340625 0.24902325625000002 0.19433643437499998 0.26074186093749996 0.165038759375 0.25781162812499997 0.1513674421875 0.266602325 0.1220697671875 0.26074186093749996 0.1064449609375 0.272460465625 0.0732418609375 0.26074186093749996 0.0585937984375 0.12451162812500001 0.06542945781250001 0.10546976718750001 0.23339845 0.11132790625 0.225586046875 0.0263674421875 0.1748046515625 0.029297675000000002 0 0.00732325625 0 0.1596674421875
4 0.6435550390625 0 0.6386713171875 0.203613953125 0.6503906984375 0.22412092968750003 0.6503906984375 0.2709953484375 0.6669922484375 0.2783209296875 0.6845705421875 0.22265581406249998 0.6923829453125 0.22265581406249998 0.697265115625 0.235839534375 0.6894527125 0.2915046515625 0.6679689921875 0.344237209375 0.6601565890625001 0.44970697656249997 0.75097674375 0.47753953437499996 0.7714837203125 0.47607441875 0.7929689921875 0.46142558125 0.8085937984375 0.19482325625000002 0.8066403093750001 0.0131837203125 0.812500775 0.0131837203125 0.8154294578125001 0.04687441875 0.8164062015625 0.00732325625 0.805663565625 0 0.6435550390625 0
4 0.21093798437500003 0.0278325578125 0.2597658921875 0.001465115625 0 0.001465115625 0.10449147343750001 0.0205069765625 0.21093798437500003 0.0278325578125
4 0.47070387656249996 0.780762790625 0.47070387656249996 0.7543953484375 0.46582015468750004 0.75 0.45507751875 0.7690418609375 0.47070387656249996 0.780762790625
4 0.539062015625 0.6899418609375 0.556640309375 0.7045906984375 0.57617209375 0.6840813953125 0.5732418609375001 0.6679697671875 0.5576170546875 0.6679697671875 0.539062015625 0.6899418609375
4 0.507812403125 0.812988371875 0.507812403125 0.7397465109375 0.49511782968749996 0.7294930234375 0.492187596875 0.7983395343749999 0.507812403125 0.812988371875
4 0.712889921875 0.7895511625 0.7597658921875 0.8100581390625001 0.7812496125 0.77197209375 0.7451178296875 0.744139534375 0.7314449609375 0.744139534375 0.712889921875 0.7895511625
4 0.5644527125 0.774902325 0.562500775 0.8481441859375 0.5751953484375 0.8759767437500001 0.5996093015625 0.889160465625 0.6035162796875 0.7836906984375 0.601562790625 0.766113953125 0.5888666671875 0.7587883718749999 0.5644527125 0.774902325
4 0.6894527125 0.9477534890625 0.7226558140625 0.8803720937499999 0.6279302328125 0.8144534890624999 0.6230465109375001 0.9096674421875001 0.6894527125 0.9477534890625
4 0.802734884375 0.77197209375 0.7666015500000001 0.8378906984375 0.7001953484375 0.802734884375 0.680663565625 0.805665115625 0.64062480625 0.7895511625 0.6533209296875 0.8085930234375001 0.7441410859375 0.8715813953125 0.7382806203125 0.8979488375000001 0.6962883718749999 0.9814441859375 0.62597674375 0.9345697671875 0.616210853125 0.9433604656250001 0.602539534375 0.9404302328125 0.5966790703125 0.914062790625 0.56152403125 0.8906255812499999 0.5507813953125 0.8715813953125 0.5498046515625 0.755860465625 0.523437209375 0.7485348843749999 0.523437209375 0.8247069765624999 0.5107426359375 0.8408209296875 0.49511782968749996 0.8320302328125001 0.47949147343750004 0.8378906984375 0.46777364375 0.805665115625 0.429686821875 0.7690418609375 0.4326170546875 0.7529302328125 0.4687503875 0.7221674421875 0.4687503875 0.6811534890625001 0.429686821875 0.6459953484375001 0.4257813953125 0.5668953484375 0.4189457359375 0.5507813953125 0.305663565625 0.59472558125 0.21972713124999999 0.5214837203125 0.2060542640625 0.5214837203125 0 0.6020511625 0.00097674375 0.9990232562499999 1 0.9975581390625001 0.9990232562499999 0.8378906984375 0.7998046515625 0.7412116281250001 0.79687441875 0.7543953484375 0.802734884375 0.77197209375
