4 0.3789069765625 0.06884651093750001 0.39160154999999996 0.0878906984375 0.8115240312499999 0.0820302328125 0.8398434109374999 0.08935581406250001 0.8955085265625 0.023437209375 0.9042961234375 0.001465115625 0.36328062031249997 0.001465115625 0.3789069765625 0.06884651093750001
4 0.2939457359375 0 0.3242186046875 0.077637209375 0.34179689999999996 0.092286046875 0.34960930156250003 0.1333 0.36328062031249997 0.1420906984375 0.3652341078125 0.095213953125 0.382812403125 0.08935581406250001 0.36328062031249997 0.0043953484375 0.2939457359375 0
4 0.39160154999999996 0.0966790703125 0.430663565625 0.0996093015625 0.812500775 0.09814418593749999 0.8300775187499999 0.095213953125 0.8232418609375 0.0820302328125 0.3847658921875 0.08642558125000001 0.39160154999999996 0.0966790703125
4 1 0.2944325578125 0.9013674421875001 0.3251953484375 0.898437209375 0.2680674421875 0.898437209375 0.22705116250000001 0.9033209296875 0.21972558125 1 0.162597675 0.9990232562499999 0 0.9091798453125 0.0029302328125 0.8339844968750001 0.095213953125 0.8994139531249999 0.0966790703125 0.9111333328125 0.07617209375 0.9423829453125 0.0498046515625 0.9550775187499999 0.057127906250000006 0.9550775187499999 0.092286046875 0.9482418609375 0.11132790625 0.9033209296875 0.1435558140625 0.8974604656249999 0.1230465109375 0.8925782953124999 0.13037209375 0.8964837203125 0.4086906984375 0.851562790625 0.41748139531249995 0.851562790625 0.44970697656249997 0.8603519374999999 0.46582092968750005 0.8964837203125 0.46435581406250004 0.8886713171875 0.48193255781250005 0.89062480625 0.5229488375 0.9179689921874999 0.5288093015625 0.9218744187500001 0.49072325625 0.9101565890625001 0.46435581406250004 0.920897675 0.4570302328125 0.9326170546875 0.46582092968750005 0.937500775 0.44677674375 0.947265115625 0.43798837187500006 0.9521488375 0.4013674421875 0.960937984375 0.405762790625 0.9667969 0.44384651093749994 0.9853519374999999 0.45117209375 0.9882806203125 0.47314418593749996 1 0.48193255781250005 1 0.2944325578125
4 0.68847596875 0.49218837187500003 0.6923829453125 0.45996046562500004 0.7158201546875 0.46289069843749997 0.7187503875 0.49951162812499994 0.7392573640625 0.5039069765625 0.742187596875 0.41748139531249995 0.6728511625 0.413086046875 0.6533209296875 0.42187441875 0.6533209296875 0.351562790625 0.5595705421875 0.3544930234375 0.556640309375 0.3881837203125 0.5644527125 0.405762790625 0.5576170546875 0.41601627968750005 0.3808589140625 0.41748139531249995 0.3876945734375 0.46289069843749997 0.42285116250000004 0.46289069843749997 0.4267581390625 0.48339767499999997 0.4423829453125 0.4804697671875 0.4482418609375 0.46289069843749997 0.44726511562500004 0.4790046515625 0.46777364375 0.4951162796875 0.4648434109375 0.47021395312500003 0.4873054265625 0.46582092968750005 0.4863286828125 0.5141604656250001 0.49316434062500003 0.5214837203125 0.5019534890624999 0.5170906984375 0.522460465625 0.46289069843749997 0.540038759375 0.47167907031249995 0.5478511625 0.46289069843749997 0.552734884375 0.5170906984375 0.54687441875 0.5229488375 0.54687441875 0.5434581390625 0.552734884375 0.546386046875 0.5751953484375 0.5361325578125 0.65527286875 0.5361325578125 0.6582030999999999 0.49951162812499994 0.68847596875 0.49218837187500003
4 0.28027286875 0.49218837187500003 0.2353519375 0.4570302328125 0.21972713124999999 0.4687511625 0.2001953484375 0.44531162812499997 0.197265115625 0.4584953484375 0.20312558125 0.46435581406250004 0.19628837187499998 0.4687511625 0.1835937984375 0.45556744218749995 0.18652403125 0.4101558140625 0.1923829453125 0.42187441875 0.2021488375 0.42187441875 0.20410232499999997 0.43359302343749995 0.209961240625 0.4248046515625 0.21777364375000002 0.430665115625 0.2187503875 0.4204093015625 0.2148434109375 0.36767674375000003 0.1894527125 0.3354488375 0.179686821875 0.282713953125 0.21386666718749997 0.2285162796875 0.23242170468749998 0.218262790625 0.226562790625 0.1127930234375 0.2001953484375 0.0820302328125 0.1445317828125 0.162597675 0.1425782953125 0.1977534890625 0.1562496125 0.20947209375 0.16015658906250002 0.2299813953125 0.15820309999999999 0.4145511625 0.1669922484375 0.41601627968750005 0.17382790625 0.43212790625 0.1669922484375 0.45117209375 0.15820309999999999 0.452637209375 0.166015503125 0.6606441859375 0.334961240625 0.5712883718749999 0.3437503875 0.5024418609375 0.33886666718749997 0.47753953437499996 0.28027286875 0.49218837187500003
4 0.0888666671875 0 0.084961240625 0.023437209375 0.06542945781250001 0.023437209375 0.0439457359375 0 0 0.0043953484375 0.00097674375 0.1142581390625 0.11035193750000001 0.193360465625 0.1367193796875 0.20068372031249998 0.14062480625 0.1977534890625 0.1308589140625 0.1772465109375 0.1298821703125 0 0.0888666671875 0
4 0.148437209375 0.11572325624999999 0.1855472875 0.062988371875 0.1513674421875 0.005860465625 0.1445317828125 0.0190418609375 0.148437209375 0.11572325624999999
4 0.43945271249999995 0.9565418609374999 0.43554728750000005 0.9799813953125 0.42382790625 0.9829093015625 0.4267581390625 0.9990232562499999 0.8867193796875 0.9975581390625001 0.8017581390625 0.8730465109375001 0.41992248125 0.874511628125 0.41992248125 0.906737209375 0.43945271249999995 0.9565418609374999
4 0.33007751875 0.6899418609375 0.2451178296875 0.68847674375 0.2460930234375 0.7924813953125 0.2919922484375 0.78222558125 0.29882790625 0.7163093015625 0.3271488375 0.7148441859375 0.33007751875 0.6899418609375
