4 0.7939457359375 0.08496046562500001 0.8271488375 0.070311628125 0.8525395343750001 0.102539534375 0.9970697671875 0.023437209375 1 0.001465115625 0.47167907031249995 0 0.4902341078125 0.024902325 0.48828062031249997 0.0747069765625 0.47753953437499996 0.079102325 0.46386666718749997 0.070311628125 0.4667969 0.08935581406250001 0.45800775156249995 0.0966790703125 0.437500775 0.0366209296875 0.43945271249999995 0.0190418609375 0.4560542640625 0 0 0.001465115625 0.0048821703125 0.0263674421875 0.22753953437500002 0.1289069765625 0.40527286875 0.225586046875 0.46582015468750004 0.2460930234375 0.5126945734375 0.27539069843749997 0.5273441859375 0.27392558125 0.600586046875 0.23437441875 0.60937519375 0.2065418609375 0.62402325625 0.1875 0.7939457359375 0.08496046562500001
4 0.2978511625 0.539062790625 0.2929689921875 0.5522465109375 0.29492248125 0.67822325625 0.3085937984375 0.6811534890625001 0.42089767499999997 0.6503906984375 0.42382790625 0.5434581390625 0.4189457359375 0.5361325578125 0.2978511625 0.539062790625
4 0.4863286828125 0.6752930234375001 0.5996093015625 0.7221674421875 0.5996093015625 0.6987302328125 0.584961240625 0.6914069765625 0.5185550390625 0.665039534375 0.4863286828125 0.6752930234375001
4 0.8251953484375001 0.8085930234375001 0.8134759687500001 0.829102325 0.8037116281250001 0.829102325 0.6357426359375 0.7470697671875 0.6308589140625 0.8393558140625 0.65527286875 0.8466790703125 0.6582030999999999 0.859862790625 0.6201178296875 0.8496093015625 0.47656279062499995 0.9917 0.47753953437499996 0.9990232562499999 0.7441410859375 0.9975581390625001 0.9990232562499999 0.9960930234375001 1 0.8774418609374999 0.8388666671875 0.802734884375 0.8251953484375001 0.8085930234375001
4 0.4667969 0.282713953125 0.4570310078125 0.3090813953125 0.458984496875 0.36767674375000003 0.45117209375 0.37646511562499996 0.45312558125 0.5815418609375 0.4687503875 0.587402325 0.46972713125 0.632811628125 0.5117193796875 0.6313465109374999 0.5175782953125 0.28564418593749996 0.45996124062500005 0.25781162812499997 0.4667969 0.265137209375 0.4667969 0.282713953125
4 0.208984496875 0.1684581390625 0.211914728125 0.158202325 0.2646480625 0.1699209296875 0.3154294578125 0.20800697656249997 0.397460465625 0.2373046515625 0.4267581390625 0.25781162812499997 0.4492186046875 0.2534186046875 0.4248046515625 0.2373046515625 0.4189457359375 0.243165115625 0.40527286875 0.2373046515625 0.39160154999999996 0.22265581406249998 0.243164340625 0.1435558140625 0.00097674375 0.029297675000000002 0 0.5756837203125 0.0097658921875 0.5903325578125 0.0117193796875 0.7514651156250001 0.0214837203125 0.7543953484375 0.18652403125 0.7148441859375 0.22265581406249998 0.6958 0.2285162796875 0.19482325625000002 0.208984496875 0.1684581390625
4 0.5214837203125 0.28857441875 0.51562480625 0.6049813953125 0.5185550390625 0.63867209375 0.6035162796875 0.66357441875 0.6113286828125 0.3295906984375 0.6083984499999999 0.2373046515625 0.5419922484375 0.2695302328125 0.5214837203125 0.28857441875
4 1 0.0278325578125 0.9951178296875 0.0263674421875 0.8398434109374999 0.11572325624999999 0.8300775187499999 0.7456046515625 0.8544914734375 0.7617186046875 1 0.812988371875 1 0.0278325578125
4 0.8242186046875 0.6987302328125 0.8339844968750001 0.188965115625 0.8398434109374999 0.11572325624999999 0.8251953484375001 0.07617209375 0.62402325625 0.193360465625 0.6132806203125 0.212402325 0.6113286828125 0.28857441875 0.6074217046875 0.6870116281249999 0.631835659375 0.6914069765625 0.633789146875 0.679688371875 0.65722635625 0.6767581390624999 0.670897675 0.6298837203125001 0.709961240625 0.632811628125 0.7187503875 0.6430674421875 0.7167969000000001 0.7016604656250001 0.7373054265625 0.7412116281250001 0.7636713171875 0.7543953484375 0.7519534890624999 0.766113953125 0.7617193796875 0.774902325 0.7539069765625 0.780762790625 0.7558589140625 0.7924813953125 0.7783209296875 0.802734884375 0.7861333328125 0.79687441875 0.7998046515625 0.8173837203125001 0.8085937984375 0.8188465109375 0.812500775 0.774902325 0.820313178125 0.7573232562500001 0.8183596906249999 0.7075186046875 0.8242186046875 0.6987302328125
4 0.7861333328125 0.6562511625 0.7451178296875 0.6357418609375001 0.71777364375 0.632811628125 0.712889921875 0.6372069765624999 0.7138666671875 0.665039534375 0.68652403125 0.6621093015625 0.67187441875 0.654786046875 0.66992248125 0.63427674375 0.6757813953125 0.6225581390625 0.665038759375 0.60937441875 0.6533209296875 0.615234884375 0.6455085265625 0.6123046515625 0.6435550390625 0.600586046875 0.60937519375 0.5991209296875 0.6044914734375 0.7236325578125 0.8105472875 0.8217767437499999 0.8164062015625 0.7895511625 0.8105472875 0.7690418609375 0.8095705421874999 0.6562511625 0.7861333328125 0.6562511625
4 0.8183596906249999 0.7778325578125 0.8271488375 0.79687441875 1 0.8686534890625 0.9990232562499999 0.8144534890624999 0.8408201546875 0.7529302328125 0.829102325 0.755860465625 0.8183596906249999 0.7778325578125
