4 0.2763674421875 0.117188371875 0.3095705421875 0.14062558125 0.3935550390625 0.23437441875 0.4482418609375 0.25781162812499997 0.4560542640625 0.2812511625 0.475586046875 0.295897675 0.5312496125 0.297362790625 0.709961240625 0.2929697671875 0.9921875968749999 0.001465115625 0.179686821875 0.001465115625 0.2763674421875 0.117188371875
4 0.446288371875 0.48632790625 0.4648434109375 0.4965813953125 0.47167907031249995 0.53027441875 0.47753953437499996 0.533202325 0.4824217046875 0.5170906984375 0.47460930156250003 0.3090813953125 0.444336434375 0.2841790703125 0.4326170546875 0.2841790703125 0.42089767499999997 0.26074186093749996 0.3955085265625 0.25195348906250004 0.38671937968750003 0.265137209375 0.3847658921875 0.32080000000000003 0.38671937968750003 0.5756837203125 0.4023441859375 0.578613953125 0.42187441875 0.5522465109375 0.42187441875 0.54052790625 0.43554728750000005 0.5288093015625 0.446288371875 0.48632790625
4 0.8808589140624999 0.7309581390625 0.9160155031249999 0.7221674421875 0.9042961234375 0.7075186046875 0.9091798453125 0.6533209296875 0.9365240312499999 0.6562511625 0.9521488375 0.6767581390624999 1 0.6665046515624999 0.9990232562499999 0.005860465625 0.8759767437500001 0.1289069765625 0.7597658921875 0.25927674375 0.7626945734375 0.2841790703125 0.7666015500000001 0.27539069843749997 0.7763674421875 0.2783209296875 0.79492248125 0.3061534890625 0.79882790625 0.43798837187500006 0.7929689921875 0.44970697656249997 0.7929689921875 0.48779302343750003 0.812500775 0.5434581390625 0.8144527125 0.587402325 0.8310542640625 0.60937441875 0.8583984499999999 0.60937441875 0.8730465109375001 0.6372069765624999 0.8613286828125 0.67822325625 0.8710930234375001 0.6840813953125 0.8544914734375 0.6855465109375001 0.8466790703125 0.665039534375 0.8339844968750001 0.672362790625 0.834961240625 0.679688371875 0.8457038765625 0.6811534890625001 0.8339844968750001 0.6987302328125 0.84472713125 0.7148441859375 0.8583984499999999 0.70312558125 0.8583984499999999 0.726562790625 0.8740232562499999 0.726562790625 0.883789146875 0.75 0.898437209375 0.7485348843749999 0.914062015625 0.7456046515625 0.9033209296875 0.7324209296874999 0.8876945734374999 0.7382813953125 0.8808589140624999 0.7309581390625
4 0.802734884375 0.531737209375 0.8066403093750001 0.5170906984375 0.7998046515625 0.48339767499999997 0.79492248125 0.5200186046875 0.802734884375 0.531737209375
4 0.7539069765625 0.3325186046875 0.7929689921875 0.3061534890625 0.7929689921875 0.297362790625 0.78027286875 0.290039534375 0.773437209375 0.27392558125 0.773437209375 0.24462790625 0.7685550390625 0.240234884375 0.7148434109374999 0.30322325625 0.7167969000000001 0.49951162812499994 0.7666015500000001 0.524413953125 0.7851565890625001 0.5229488375 0.7929689921875 0.5141604656250001 0.79687441875 0.43798837187500006 0.7539069765625 0.42919999999999997 0.7539069765625 0.3325186046875
4 0.9550775187499999 0.8686534890625 1 0.9213860468749999 0.9990232562499999 0.8935558140625 0.9716790703125 0.881834884375 0.9658201546875 0.867188371875 0.9550775187499999 0.8686534890625
4 0.8632806203125 0.7397465109375 0.8417969 0.7104488375 0.8505860468750001 0.7060558140625 0.8710930234375001 0.725097675 0.875 0.6752930234375001 0.866210853125 0.6562511625 0.8457038765625 0.6459953484375001 0.8486325578124999 0.6298837203125001 0.8623054265625001 0.632811628125 0.8632806203125 0.6254883718750001 0.8417969 0.593262790625 0.84277364375 0.585937209375 0.8691410859375001 0.5815418609375 0.84472713125 0.5742186046875 0.8408201546875 0.556639534375 0.829102325 0.5537116281250001 0.8232418609375 0.5712883718749999 0.812500775 0.5756837203125 0.8281255812499999 0.6049813953125 0.8242186046875 0.719237209375 0.89062480625 0.7954093015625 0.8925782953124999 0.7778325578125 0.8759767437500001 0.75 0.8623054265625001 0.7470697671875 0.8632806203125 0.7397465109375
4 0.9316403093750001 0.6694325578125 0.9326170546875 0.6855465109375001 0.9707038765625 0.7104488375 0.96972713125 0.7382813953125 0.9189457359375 0.70312558125 0.915038759375 0.679688371875 0.9062496124999999 0.6840813953125 0.9082031 0.733886046875 0.8974604656249999 0.75 0.8740232562499999 0.7470697671875 0.84277364375 0.7060558140625 0.8281255812499999 0.7045906984375 0.8310542640625 0.7294930234375 1 0.9213860468749999 0.9990232562499999 0.6562511625 0.9794914734375 0.6591790703125 0.9619147281249999 0.679688371875 0.9316403093750001 0.6694325578125
4 0.6289069765625 0.67822325625 0.62597674375 0.670897675 0.6113286828125 0.672362790625 0.6123054265625 0.679688371875 0.6289069765625 0.67822325625
4 0.32128837187500003 0.79687441875 0.289062015625 0.8452139531249999 0.2636713171875 0.906737209375 0.26660154999999996 0.914062790625 0.312500775 0.912597675 0.351562790625 0.8452139531249999 0.350586046875 0.7851558140625 0.3310542640625 0.7851558140625 0.32128837187500003 0.79687441875
4 0.3945317828125 0.8481441859375 0.37695348906250004 0.906737209375 0.38183565937499997 0.9169930234375 0.43359379843749996 0.9213860468749999 0.460937984375 0.85107441875 0.45800775156249995 0.788086046875 0.42285116250000004 0.7939441859375 0.3945317828125 0.8481441859375
4 1 0.9272465109375 0.8388666671875 0.7412116281250001 0.8134759687500001 0.720702325 0.7470697671875 0.71777441875 0.742187596875 0.6928720937499999 0.727539534375 0.6826162796874999 0.670897675 0.6826162796874999 0.648437209375 0.6372069765624999 0.6416015500000001 0.6064441859375 0.6308589140625 0.6196279062500001 0.631835659375 0.63867209375 0.62402325625 0.63867209375 0.6201178296875 0.6269534890624999 0.6074217046875 0.6313465109374999 0.60937519375 0.654786046875 0.6289069765625 0.66357441875 0.632812403125 0.6811534890625001 0.62402325625 0.6855465109375001 0.5146480625 0.6826162796874999 0.5332030999999999 0.6752930234375001 0.5332030999999999 0.6284186046875 0.524413953125 0.6210930234375 0.5185550390625 0.63867209375 0.5107426359375 0.63867209375 0.5058589140625 0.63427674375 0.5117193796875 0.6313465109374999 0.506835659375 0.618165115625 0.49316434062500003 0.615234884375 0.48828062031249997 0.6225581390625 0.4902341078125 0.8159186046875 0.47851627968750005 0.8774418609374999 0.460937984375 0.8950186046875 0.444336434375 0.9404302328125 0.3535162796875 0.9331046515624999 0.3789069765625 0.8452139531249999 0.3789069765625 0.8247069765624999 0.37402325625 0.8232418609375 0.3574217046875 0.8715813953125 0.32324186093749996 0.9316395343749999 0.2353519375 0.9316395343749999 0.23242170468749998 0.9213860468749999 0.25 0.8833 0.2470697671875 0.8759767437500001 0.22753953437500002 0.8789069765624999 0.1308589140625 0.9917 0.1357426359375 0.9990232562499999 1 0.9975581390625001 1 0.9272465109375
4 0.2773441859375 0.1215813953125 0.243164340625 0.0908209296875 0.2441410859375 0.5727534890625 0.273437209375 0.5756837203125 0.2929689921875 0.5698232562500001 0.287110078125 0.1684581390625 0.2792961234375 0.1508790703125 0.2773441859375 0.1215813953125
4 0.5136713171875 0.5083 0.5146480625 0.5214837203125 0.5107426359375 0.506834884375 0.4941410859375 0.5112302328125 0.5 0.5200186046875 0.4980465109375 0.5346674421875 0.5058589140625 0.54052790625 0.5039069765625 0.5288093015625 0.5185550390625 0.524413953125 0.5205085265625 0.506834884375 0.5136713171875 0.5083
4 0.712889921875 0.5083 0.616210853125 0.5039069765625 0.6152341078125 0.5229488375 0.6308589140625 0.5346674421875 0.6308589140625 0.5991209296875 0.6464837203125 0.5991209296875 0.649413953125 0.5449209296874999 0.7080077515625 0.5449209296874999 0.7148434109374999 0.5258790703125 0.712889921875 0.5083
