4 1 0.00202790625 0.5498790703124999 0.000562790625 0.5469488375 0.022534884375 0.56257364375 0.0518325578125 0.570386046875 0.12800465156250002 0.553784496875 0.13532790625 0.5049565890625 0.10603255781250001 0.4405038765625 0.1851325578125 0.42487907031249994 0.19392325625 0.4102310078125 0.2158953484375 0.4121829453125 0.2481209296875 0.41706666718749996 0.25837674375 0.45222325625000004 0.2700953484375 0.46101240312499997 0.2862069765625 0.45417519375 0.29646279062500003 0.42292558125 0.29646279062500003 0.40730077500000006 0.3052511625 0.3936294578125 0.3023209296875 0.37995658906249996 0.281813953125 0.369215503125 0.2832790703125 0.397534884375 0.328688371875 0.46394108593750005 0.40193023281249995 0.5830821703125 0.36091395312499996 0.6133550390625 0.4033953484375 0.6199193796875 0.44418604687499996 0.674589146875 0.44418604687499996 0.999097675 0.42829767500000004 1 0.034444185937499996 1 0.00202790625
4 1 0.613511628125 0.9992914734375 0.4721674421875 0.9924558140625 0.47949069843750003 0.9944093015625001 0.5 0.979759690625 0.5073232562500001 0.97292403125 0.50292790625 0.9680418609375 0.4721674421875 0.9289782953125 0.4721674421875 0.92507286875 0.501462790625 0.91042480625 0.49706976718749996 0.9114015500000001 0.469237209375 0.8938232562499999 0.47802558125 0.8723379843749999 0.469237209375 0.86452558125 0.498534884375 0.8518310078125 0.4912093015625 0.8528077515625 0.4721674421875 0.825463565625 0.4721674421875 0.8264403093749999 0.4882790703125 0.8137441859375001 0.498534884375 0.8078852718749999 0.4721674421875 0.7883534890624999 0.4721674421875 0.7844480625 0.49267441874999995 0.7727286828125 0.49267441874999995 0.777612403125 0.45898372031249995 0.7727286828125 0.4428697671875 0.6194093015625 0.45312325624999994 0.6301503875 0.469237209375 0.651635659375 0.4721674421875 0.6633534890624999 0.48388604687500003 0.7092527125 0.5527325578125 0.7092527125 0.5644511624999999 0.7317131781249999 0.5893534890625001 0.825463565625 0.6303697671874999 0.8528077515625 0.66552558125 0.9543689921875 0.6918930234375 0.9778077515625 0.6831046515625 0.9986682171875 0.6953488375 1 0.6953488375 1 0.6786302328125 0.9905023249999999 0.6757790703125 1 0.6672325578125 1 0.613511628125
4 1 0.4289162796875 0.7141348843750001 0.439160465625 0.6194093015625 0.4523441859375 0.62947441875 0.46744186093750006 0.6853782953125 0.46744186093750006 0.794213953125 0.4596674421875 0.87819845 0.46552790625 0.8821038765625 0.4538093015625 0.901635659375 0.4538093015625 0.9074945734375 0.46552790625 0.9836666671875 0.46552790625 1 0.4612046515625 1 0.4289162796875
4 0.090462015625 0 0.0876201546875 0.01562558125 0.0934790703125 0.039062790624999996 0.11496434062500001 0.0800790703125 0.14621395312500002 0.2001953484375 0.15207286874999998 0.226562790625 0.15207286874999998 0.3173837203125 0.163561240625 0.360465115625 0.1734093015625 0.360465115625 0.309300775 0.295411628125 0.317113178125 0.3159186046875 0.330784496875 0.312988371875 0.3444558140625 0.2836930234375 0.3718 0.2631837203125 0.395237209375 0.2163093015625 0.4460186046875 0.1665046515625 0.49094108593749997 0.09912325625 0.5495348843750001 0.1284186046875 0.5658914734375 0.1284186046875 0.5658914734375 0.11722558125 0.55832403125 0.0478534890625 0.542699225 0.00097674375 0.4064821703125 0 0.33872713125 0 0.34250387656250003 0.014160465624999998 0.3835193796875 0.025879070312500002 0.396213953125 0.0419930234375 0.37570697656249996 0.046388371875 0.37277674375 0.05957209375 0.36398759687500004 0.063965115625 0.35617519375 0.031739534375 0.3444558140625 0.0288093015625 0.317113178125 0.0434581390625 0.3122294578125 0.006837209375 0.30220155000000004 0 0.090462015625 0
4 0.357097675 0.303365115625 0.365886821875 0.31654883749999996 0.383465115625 0.3282674421875 0.3932310078125 0.3517046515625 0.44791782968750005 0.42201860468749997 0.45699534843749995 0.42325581406249996 0.45736434062500003 0.42325581406249996 0.45736434062500003 0.4011209296875 0.373699225 0.29897209375 0.357097675 0.2887162796875 0.357097675 0.303365115625
4 0.3188682171875 0.324765115625 0.3051969 0.3042581390625 0.1635953484375 0.376034884375 0.1616418609375 0.4580674421875 0.1928914734375 0.4756441859375 0.1928914734375 0.5137302328125 0.16652403124999998 0.51812558125 0.1645705421875 0.556211628125 0.189961240625 0.5386325578125 0.2348837203125 0.53277441875 0.24269612343750002 0.54742325625 0.3344930234375 0.541562790625 0.34370232500000003 0.558139534375 0.35427286874999997 0.558139534375 0.35890697656250004 0.55767674375 0.3658914734375 0.5341046515625 0.3658914734375 0.5301744187499999 0.3442589140625 0.5005465109375 0.34035193750000003 0.5151953484375 0.316914728125 0.5210558140625 0.2739457359375 0.5210558140625 0.269063565625 0.5137302328125 0.27101705468750004 0.42291162812499994 0.3266806203125 0.42437441875 0.3354697671875 0.4463488375 0.3344930234375 0.4653906984375 0.3442589140625 0.4741790703125 0.36378914687499997 0.4653906984375 0.36378914687499997 0.3423441859375 0.3344930234375 0.32183720937500004 0.3188682171875 0.324765115625
4 0.45005426406250004 0.5860465109375 0.4511178296875 0.5860465109375 0.455813953125 0.46160697656250005 0.455813953125 0.43140930156249996 0.4442434109375 0.42740465156249996 0.3876031 0.3424418609375 0.3739317828125 0.339513953125 0.3690480625 0.346837209375 0.3729550390625 0.48453255781250004 0.3690480625 0.5548441859375 0.3895565890625 0.5768186046875 0.394438759375 0.566565115625 0.3915085265625 0.5240837203125001 0.4051813953125 0.56802790625 0.409086821875 0.5299418609375001 0.44228992187499994 0.527013953125 0.4452201546875 0.5812116281249999 0.45005426406250004 0.5860465109375
4 0.5829457359375 0.3671953484375 0.4609178296875 0.41259069843749996 0.4618945734375 0.42577441875 0.48435503906250005 0.427237209375 0.487285271875 0.496086046875 0.5273240312499999 0.5004813953125 0.5292775187500001 0.5854418609375001 0.544137984375 0.5953488375 0.5470062015625 0.5953488375 0.5488077515625001 0.57372325625 0.5624806203125 0.5590744187500001 0.5644341078124999 0.538565115625 0.57517519375 0.5224534890625 0.5829457359375 0.5237488375 0.5829457359375 0.3671953484375
4 0.3956046515625 0.7117186046875 0.3643550390625 0.723437209375 0.354589146875 0.7585930234375 0.3438465109375 0.7512697671875 0.3458 0.7336906984375 0.33896434062499997 0.7263674421874999 0.3360341078125 0.77177674375 0.2881829453125 0.8083976749999999 0.2061519375 0.8464837203125001 0.19052713125 0.8435534890625 0.1768542640625 0.8171883718749999 0.1534170546875 0.7996093015625 0.1153317828125 0.9885744187500001 0.11793178281250001 0.99767441875 0.4174465109375 0.99767441875 0.4981441859375 0.997362790625 0.49423720937500004 0.7512697671875 0.5020496125 0.7131837203125 0.4981441859375 0.67802790625 0.509862015625 0.6545906984375 0.46201085312499995 0.6267581390625 0.462987596875 0.607713953125 0.4522449609375 0.6003906984375 0.4034170546875 0.6238279062500001 0.3643550390625 0.629688371875 0.414159690625 0.6487302328125 0.408300775 0.724902325 0.399511628125 0.729297675 0.3956046515625 0.7117186046875
4 0.8002046515625001 0.9409465109375 0.8535379843750001 0.99767441875 0.8665131781250001 0.99767441875 0.89922480625 0.9966302328125 0.89922480625 0.9961558140625 0.8148527124999999 0.9306930234375 0.8002046515625001 0.9409465109375
4 0.6639767437499999 0.6930488375 0.6747178296875 0.6827953484375 0.7235457359375 0.7120906984375 0.72647596875 0.6520325578125 0.7450310078125 0.6388488375 0.840310078125 0.6576162796875 0.840310078125 0.6551441859375 0.829015503125 0.6329906984375 0.7215937984374999 0.5831860468750001 0.6669054265625001 0.4865046515625 0.6190542640625 0.45867441875 0.6073348843749999 0.4000790703125 0.58682790625 0.3722465109375 0.5858511625 0.6432441859375 0.59952248125 0.6930488375 0.6044062015625 0.6886534890625 0.6255519375 0.7232558140625 0.6299550390624999 0.7232558140625 0.6366325578125 0.7223441859374999 0.6590930234375 0.7120906984375 0.6639767437499999 0.6930488375
