4 0 0.09814418593749999 0.006835659375 0.102539534375 0.41699224843750005 0.22265581406249998 0.443359690625 0.2211906984375 0.8183596906249999 0.001465115625 0 0.001465115625 0 0.09814418593749999
4 0.382812403125 0.5581046515625 0.382812403125 0.5434581390625 0.3935550390625 0.539062790625 0.413085271875 0.509765115625 0.4404294578125 0.5361325578125 0.44140620156250004 0.4409186046875 0.4726558140625 0.4350581390625 0.4687503875 0.32080000000000003 0.49511782968749996 0.30468837187500003 0.540038759375 0.3076162796875 0.5419922484375 0.26367209375 0.49511782968749996 0.24902325625000002 0.43652403125 0.25781162812499997 0.431640309375 0.2299813953125 0.42089767499999997 0.22265581406249998 0 0.10400465156250001 0.00097674375 0.48339767499999997 0.069336434375 0.4804697671875 0.1142573640625 0.4892581390625 0.15722635625 0.47753953437499996 0.22363255781250002 0.4804697671875 0.2470697671875 0.46582092968750005 0.30371162812499997 0.46582092968750005 0.32324186093749996 0.47167907031249995 0.3330077515625 0.4980465109375 0.33886666718749997 0.4687511625 0.35839845000000004 0.4687511625 0.3613286828125 0.5053720937499999 0.34960930156250003 0.5141604656250001 0.3457038765625 0.5522465109375 0.37304651093749996 0.5668953484375 0.37695348906250004 0.6196279062500001 0.39062480625 0.6225581390625 0.40039069843749997 0.6196279062500001 0.4023441859375 0.593262790625 0.40039069843749997 0.5756837203125 0.382812403125 0.5581046515625
4 0.6542961234375 0.48779302343750003 0.6386713171875 0.46728604687499997 0.6386713171875 0.44384651093749994 0.64062480625 0.4204093015625 0.65527286875 0.3925790703125 0.68652403125 0.375 0.708984496875 0.3940418609375 0.7167969000000001 0.42919999999999997 0.712889921875 0.47021395312500003 0.7382806203125 0.48193255781250005 0.7382806203125 0.5258790703125 0.75097674375 0.5419930234375 0.7646480625 0.5419930234375 0.7773441859375 0.5288093015625 0.7773441859375 0.48779302343750003 0.7705085265625 0.47167907031249995 0.7480465109375001 0.45556744218749995 0.7382806203125 0.41162092968749997 0.7451178296875 0.4013674421875 0.758789146875 0.4013674421875 0.774413953125 0.413086046875 0.7675782953125 0.37646511562499996 0.772460465625 0.36621162812499997 0.7861333328125 0.3632813953125 0.802734884375 0.3706046515625 0.8007813953125 0.405762790625 0.791015503125 0.423339534375 0.8281255812499999 0.42626976718750004 0.8134759687500001 0.42187441875 0.804686821875 0.4028325578125 0.8105472875 0.37646511562499996 0.804686821875 0.3471674421875 0.8105472875 0.344237209375 0.7626945734375 0.322265115625 0.7460930234375 0.3002930234375 0.7324217046875 0.25927674375 0.7324217046875 0.2153325578125 0.7480465109375001 0.162597675 0.774413953125 0.12597674375 0.8105472875 0.09814418593749999 0.79687441875 0.092286046875 0.79492248125 0.0512697671875 0.7841798453125 0.0351558140625 0.78027286875 0.043944185937500005 0.7666015500000001 0.038086046875 0.7373054265625 0.052734884375 0.54687441875 0.1684581390625 0.54882790625 0.45556744218749995 0.5751953484375 0.3896488375 0.6152341078125 0.5200186046875 0.5917969000000001 0.64892558125 0.60937519375 0.66357441875 0.6074217046875 0.6987302328125 0.625 0.7016604656250001 0.6230465109375001 0.5581046515625 0.617187596875 0.546386046875 0.6542961234375 0.531737209375 0.6542961234375 0.48779302343750003
4 0.8876945734374999 0.7001953484375 0.8310542640625 0.679688371875 0.8173829453125 0.6826162796874999 0.820313178125 0.7016604656250001 0.8457038765625 0.72802790625 0.8554682171874999 0.7573232562500001 0.8535162796875 0.7836906984375 0.8417969 0.812988371875 0.8964837203125 0.8422860468750001 0.914062015625 0.77197209375 0.9326170546875 0.7646488375 0.9335937984375 0.7426767437499999 0.8876945734374999 0.7001953484375
4 0.834961240625 0 0.757812403125 0.048339534375 0.758789146875 0.0908209296875 0.76562480625 0.08935581406250001 0.7675782953125 0.0600581390625 0.7617193796875 0.054200000000000005 0.7705085265625 0.04687441875 0.774413953125 0.0908209296875 0.7832030999999999 0.08642558125000001 0.7792961234375 0.0805674421875 0.7861333328125 0.070311628125 0.790038759375 0.0937511625 0.8564449609375 0.108397675 0.8847658921875 0.139160465625 0.8964837203125 0.1772465109375 0.898437209375 0.203613953125 0.8847658921875 0.2709953484375 0.868164340625 0.29882790625 0.8271488375 0.3339837203125 0.7685550390625 0.3310558140625 0.7402341078125 0.2915046515625 0.7324217046875 0.2680674421875 0.7324217046875 0.203613953125 0.7480465109375001 0.1538093015625 0.757812403125 0.1450186046875 0.7451178296875 0.14062558125 0.7373054265625 0.1611325578125 0.7314449609375 0.1142581390625 0.7236325578125 0.134765115625 0.7226558140625 0.1215813953125 0.7138666671875 0.1142581390625 0.6357426359375 0.117188371875 0.6210930234375 0.1274418609375 0.62402325625 0.1376953484375 0.5908201546875 0.14062558125 0.54882790625 0.17431627968750002 0.54687441875 0.44384651093749994 0.5498046515625 0.45410232500000003 0.5703131781249999 0.39111395312499997 0.5771488375 0.3896488375 0.6152341078125 0.5170906984375 0.60937519375 0.58447209375 0.5937503875 0.640137209375 0.60937519375 0.657713953125 0.60937519375 0.6987302328125 0.6230465109375001 0.7016604656250001 0.6230465109375001 0.5581046515625 0.617187596875 0.546386046875 0.6542961234375 0.5288093015625 0.6523441859375 0.49072325625 0.6386713171875 0.47021395312500003 0.6386713171875 0.423339534375 0.647460465625 0.398437209375 0.6767581390624999 0.375 0.6904294578125 0.375 0.708984496875 0.39111395312499997 0.7187503875 0.43212790625 0.7167969000000001 0.46435581406250004 0.7382806203125 0.48193255781250005 0.7382806203125 0.5258790703125 0.7451178296875 0.539062790625 0.7626945734375 0.5419930234375 0.7773441859375 0.5258790703125 0.7773441859375 0.48779302343750003 0.7685550390625 0.4687511625 0.7480465109375001 0.45556744218749995 0.7382806203125 0.41162092968749997 0.743164340625 0.4013674421875 0.7646480625 0.4013674421875 0.772460465625 0.42187441875 0.7753906984375 0.405762790625 0.7675782953125 0.37353488437500004 0.774413953125 0.3632813953125 0.7919922484375 0.3632813953125 0.79687441875 0.3852534890625 0.791015503125 0.39697209375 0.791015503125 0.423339534375 0.8154294578125001 0.4248046515625 0.82617209375 0.4409186046875 0.8183596906249999 0.47607441875 0.79492248125 0.4965813953125 0.79882790625 0.5258790703125 0.8134759687500001 0.5507813953125 0.829102325 0.556639534375 0.84277364375 0.506834884375 0.8740232562499999 0.50097674375 0.8964837203125 0.5288093015625 0.898437209375 0.546386046875 0.8925782953124999 0.5610348843749999 0.9013674421875001 0.568360465625 0.9199224812500001 0.5581046515625 0.9082031 0.48193255781250005 0.9130852718750001 0.47167907031249995 0.929686821875 0.46728604687499997 0.929686821875 0.43212790625 0.9218744187500001 0.4086906984375 0.92382790625 0.37646511562499996 0.9384759687500001 0.3720697671875 0.9433596906249999 0.3793953484375 0.9404294578125001 0.44531162812499997 0.9492186046875 0.43798837187500006 0.947265115625 0.41162092968749997 0.954102325 0.398437209375 0.9814449609375 0.398437209375 0.9882806203125 0.42919999999999997 0.9746093015625 0.44970697656249997 0.9687503875000001 0.5581046515625 0.9716790703125 0.5712883718749999 0.9941410859375001 0.593262790625 0.9863286828125 0.640137209375 1 0.6284186046875 1 0.5668953484375 0.98437519375 0.546386046875 0.98437519375 0.5024418609375 1 0.47021395312500003 0.9990232562499999 0 0.834961240625 0
4 0.6445317828125 0.719237209375 0.664062015625 0.725097675 0.67382790625 0.6928720937499999 0.670897675 0.6269534890624999 0.6445317828125 0.6372069765624999 0.6445317828125 0.719237209375
4 0.6894527125 0.6899418609375 0.697265115625 0.7104488375 0.697265115625 0.7397465109375 0.712889921875 0.7485348843749999 0.7167969000000001 0.7104488375 0.7666015500000001 0.6621093015625 0.6914062015625 0.6372069765624999 0.6894527125 0.6899418609375
4 0.43359379843749996 0.250488371875 0.45312558125 0.2563465109375 0.5419922484375 0.21386744218749998 0.5429689921875 0.1684581390625 0.4404294578125 0.22265581406249998 0.43359379843749996 0.250488371875
4 1 0.9506837203125 0.9755860468750001 0.9433604656250001 0.9667969 0.9653325578124999 0.9667969 0.9975581390625001 1 0.9975581390625001 1 0.9506837203125
4 0.6591798453125 0.8144534890624999 0.6279302328125 0.8144534890624999 0.6230465109375001 0.8071279062500001 0.625 0.7543953484375 0.6064449609375 0.7353511625 0.5966790703125 0.744139534375 0.5888666671875 0.7236325578125 0.5751953484375 0.720702325 0.5703131781249999 0.7514651156250001 0.5654294578125 0.7529302328125 0.5576170546875 0.7089837203125 0.5498046515625 0.7412116281250001 0.54687441875 0.7045906984375 0.539062015625 0.6928720937499999 0.540038759375 0.63867209375 0.49902325625 0.6445302328125 0.48339845 0.6357418609375001 0.46386666718749997 0.641602325 0.446288371875 0.6357418609375001 0.43847596875 0.6533209296875 0.4189457359375 0.6503906984375 0.40722635625 0.6679697671875 0.397460465625 0.6503906984375 0.383789146875 0.647460465625 0.37695348906250004 0.654786046875 0.3710930234375 0.7016604656250001 0.3603519375 0.7148441859375 0.14746046562499998 0.788086046875 0 0.85107441875 0.00097674375 0.9990232562499999 0.9218744187500001 0.9975581390625001 0.92382790625 0.9887697671875 0.915038759375 0.9785162796875 0.881835659375 0.9638674421875001 0.6591798453125 0.8144534890624999
