4 0.385911628125 0.0265046515625 0.403489921875 0.02357674375 0.40934883749999995 0.00013953437500000002 0.16434108593750002 0.001602325 0.16434108593750002 0.0021813953125 0.18962325625 0.1363697671875 0.2101302328125 0.1993581390625 0.44486201562499994 0.260465115625 0.4528325578125 0.260465115625 0.4689193796875 0.25941627968750003 0.47477829531250004 0.2535558140625 0.47477829531250004 0.23011860468749998 0.5616930234375 0.108537209375 0.5714589140624999 0.09974883749999999 0.5988031 0.108537209375 0.6790697671875 0.0026418609374999997 0.6790697671875 0.0015976750000000002 0.44255193750000005 0.00013953437500000002 0.433762790625 0.0279697671875 0.43962325625 0.054337209374999994 0.433762790625 0.086565115625 0.44743565937499996 0.11879069843750001 0.43083410781250003 0.1349046515625 0.42399845 0.110002325 0.4132558140625 0.09974883749999999 0.4122790703125 0.12172092968749999 0.39372403125 0.14662325625 0.37907596875 0.115860465625 0.3829813953125 0.10121395312499999 0.3732170546875 0.0455488375 0.385911628125 0.0265046515625
4 0.0441705421875 0 0.0490418609375 0.0248441859375 0.1603689921875 0.25336046562500003 0.154510078125 0.3295325578125 0.154510078125 0.48480465156249997 0.16232248124999998 0.5551186046875001 0.000213953125 0.6312906984375 0.000213953125 0.9183999999999999 0.029510078125 0.9242581390625 0.0236511625 0.9535558140625 0.000213953125 0.97992325625 0.000213953125 0.9945720937500001 0.0401426359375 0.9953488374999999 0.15562480625 0.9953488374999999 0.16427596875 0.9916418609375001 0.1818542640625 0.9183999999999999 0.17990077499999999 0.46722790625000005 0.20465116249999998 0.45580465156249994 0.20465116249999998 0.20396511562500003 0.15353333281249998 0.00287209375 0.0463209296875 0 0.0441705421875 0
4 0.2684914734375 0.28741860468749997 0.407162790625 0.313786046875 0.41009302343750004 0.46759302343750003 0.4182821703125 0.47441860468749997 0.4358682171875 0.47441860468749997 0.468686821875 0.47345348906250007 0.47751937968749997 0.4681534890625 0.47751937968749997 0.44520930156249994 0.4745457359375 0.3738441859375 0.43841240312499996 0.3694488375 0.43548372031250004 0.338688371875 0.43841240312499996 0.33136279062499996 0.469663565625 0.3342930234375 0.47649922499999997 0.34747674375000004 0.47356899218750004 0.2639813953125 0.22747596875 0.205386046875 0.205013953125 0.20685116250000002 0.20794418593750003 0.4661302328125 0.25188992187500003 0.46759302343750003 0.2557953484375 0.4207186046875 0.25188992187500003 0.2888837203125 0.2684914734375 0.28741860468749997
4 0.190697675 0.7720930234375001 0.190697675 0.6331162796875 0.1850465109375 0.6149534890624999 0.1821178296875 0.7365348843749999 0.1850465109375 0.7292116281250001 0.18602325625 0.7658325578125 0.1901969 0.7720930234375001 0.190697675 0.7720930234375001
4 0.2507410859375 0.4721953484375 0.184334884375 0.46633720937499995 0.18140465156250002 0.6025674421875 0.18557209375 0.6046511625 0.188435659375 0.6046511625 0.21363100781250002 0.5864534890625 0.3542558140625 0.574734884375 0.356589146875 0.564237209375 0.356589146875 0.5612534890624999 0.3308186046875 0.5483674421875 0.2585534890625 0.551297675 0.2507410859375 0.4721953484375
4 1 0.6465930234374999 0.9993286828124999 0.424265115625 0.85479845 0.4418441859375 0.8518682171874999 0.5312 0.8460093015625001 0.5312 0.8450325578125 0.5092255812500001 0.8401503874999999 0.5136209296875001 0.8440558140625001 0.53412790625 0.8284310078124999 0.5370581390625 0.82452403125 0.6220186046875 0.8118294578125 0.6352023250000001 0.7835085265624999 0.6249488375000001 0.7815565890625 0.5517069765625 0.7893689921875 0.525339534375 0.7815565890625 0.507760465625 0.7835085265624999 0.4726046515625 0.7649550390625001 0.468211628125 0.76300155 0.45942092968750003 0.7571410859375 0.468211628125 0.7473767437500001 0.4564930234375 0.721986046875 0.45942092968750003 0.71612558125 0.4418441859375 0.6399550390625001 0.4506325578125 0.630189146875 0.4740697671875 0.598937984375 0.4799302328125 0.596986046875 0.4916488375 0.5481581390625 0.4916488375 0.5354620156250001 0.5165511625 0.5344852718750001 0.5502418609374999 0.519837209375 0.54877674375 0.5237426359375 0.5106906984374999 0.5169069765625001 0.48285813906249997 0.41534418593750005 0.477 0.4065565890625 0.5429186046875001 0.37921240312500004 0.5546372093749999 0.380189146875 0.5707488374999999 0.4700325578125 0.5678209296875 0.505189146875 0.5766093015625 0.9960186046875 0.746511628125 1 0.746511628125 1 0.6465930234374999
4 1 0.42691860468750004 0.8938310078124999 0.43422325624999997 0.788362790625 0.4547302328125 0.7219565890624999 0.4547302328125 0.716097675 0.443011628125 0.6985193796875 0.443011628125 0.6418790703125 0.4518 0.6282062015625 0.47816744218749996 0.521761240625 0.4854930234375 0.521761240625 0.506 0.5285968999999999 0.5191837203125 0.54617519375 0.51332325625 0.5510589140625 0.5294372093749999 0.5598480625 0.5338325578124999 0.5950031 0.530902325 0.602815503125 0.51332325625 0.6223472875 0.51332325625 0.630159690625 0.5016046515625 0.6965658921875 0.5162534890625 0.7297689921875 0.51332325625 0.7366046515625 0.5206488375 0.7366046515625 0.5499465109375 0.741865115625 0.560465115625 0.7425426359375 0.560465115625 0.7453937984375 0.5162534890625 0.7805503875 0.5162534890625 0.7844573640625 0.5426209296875 0.977815503125 0.536762790625 0.9836759687500001 0.5191837203125 1 0.514862790625 1 0.42691860468750004
4 0.669210853125 0.22864883749999998 0.66432713125 0.2183953484375 0.6662806203125 0.18909767500000002 0.67702325625 0.1729837203125 0.702413953125 0.16712558125000002 0.7131550390625 0.1392930234375 0.7147286828125 0.04962558125 0.7147286828125 0.025797675 0.71022635625 0.0001325578125 0.686789146875 0.0001325578125 0.6037798453125001 0.104137209375 0.6047565890625 0.11439069843750001 0.6428434109375 0.136362790625 0.6350310078125 0.1803093015625 0.6350310078125 0.446511628125 0.6622806203125 0.446511628125 0.7147286828125 0.43527209375 0.7147286828125 0.3935790703125 0.7131550390625 0.22132325625 0.700460465625 0.1993511625 0.6828821703125 0.22278837187499997 0.669210853125 0.22864883749999998
4 0.2824434109375 0.691586046875 0.30077519375 0.6611930234375001 0.30077519375 0.6168976749999999 0.2121302328125 0.624202325 0.20529457343750002 0.6344558140625 0.2072480625 0.701839534375 0.22974108593749998 0.7046511625 0.2311488375 0.7046511625 0.2824434109375 0.691586046875
4 0.21319689999999997 0.8162790703124999 0.23664030937499997 0.8162790703124999 0.2976961234375 0.799511628125 0.29922480625 0.765102325 0.29922480625 0.733402325 0.26839845 0.729197675 0.262539534375 0.7174790703125 0.2098046515625 0.723339534375 0.20882790624999997 0.81562325625 0.21319689999999997 0.8162790703124999
4 0.1782945734375 0.9922581390625 0.17869612343750002 0.99767441875 0.353638759375 0.99767441875 0.48372092968749997 0.9970511625 0.48372092968749997 0.9751372093749999 0.460984496875 0.929665115625 0.44535969062499997 0.9179465109375 0.4434062015625 0.74802325625 0.43852403124999995 0.7436302328125 0.41020310000000004 0.756813953125 0.41020310000000004 0.82712558125 0.4053209296875 0.8344511625000001 0.331102325 0.85202790625 0.30375813906250004 0.86667674375 0.297899225 0.8022232562499999 0.213914728125 0.8227302328125001 0.20317209374999998 0.850562790625 0.1782945734375 0.9826046515625 0.1782945734375 0.9922581390625
