4 0.00097674375 0 0.00097674375 0.04687441875 0.1396480625 0.0966790703125 0.1591798453125 0.1142581390625 0.17871162812500002 0.1142581390625 0.26074263593749997 0.1464837203125 0.3320310078125 0.1831046515625 0.32812558125 0.326660465625 0.3320310078125 0.725097675 0.34277364375 0.7587883718749999 0.3574217046875 0.7602534890625 0.3886713171875 0.7456046515625 0.3964837203125 0.672362790625 0.3964837203125 0.587402325 0.4013674421875 0.5742186046875 0.524413953125 0.5595697671875 0.5517581390624999 0.5595697671875 0.56347596875 0.5712883718749999 0.601562790625 0.5639651156250001 0.5986325578125 0.506834884375 0.5908201546875 0.51562558125 0.40332092968750005 0.5126953484375 0.398437209375 0.5053720937499999 0.4013674421875 0.290039534375 0.600586046875 0.34277441875000003 0.6035162796875 0.3061534890625 0.6123054265625 0.29882790625 0.711914728125 0.25781162812499997 0.772460465625 0.22265581406249998 0.8740232562499999 0.1845697671875 0.9111333328125 0.1611325578125 0.9345705421874999 0.15527441875 0.9404294578125001 0.1611325578125 0.959961240625 0.14062558125 0.9814449609375 0.1376953484375 1 0.11865348906249999 1 0.06591860468750001 0.6533209296875 0.2548837203125 0.6416015500000001 0.2548837203125 0.5126945734375 0.1875 0.336914728125 0.1142581390625 0.1201178296875 0 0.00097674375 0
4 0.102539534375 0.0820302328125 0.040038759374999996 0.0585930234375 0.007812403125000001 0.057127906250000006 0.0107426359375 0.1611325578125 0.019531782812500002 0.1420906984375 0.0205085265625 0.10546976718750001 0.023437209375 0.162597675 0.030272868749999998 0.17285116250000002 0.1669922484375 0.20800697656249997 0.17382790625 0.218262790625 0.181640309375 0.282713953125 0.086914728125 0.26367209375 0.0732418609375 0.2695302328125 0.06542945781250001 0.243165115625 0.0576170546875 0.24902325625000002 0.0507813953125 0.24169999999999997 0.0585937984375 0.23290930156249998 0.0517581390625 0.21679767499999997 0.040038759374999996 0.22265581406249998 0.03222635625 0.210937209375 0.027344185937499998 0.2299813953125 0.04492248125 0.24169999999999997 0.040038759374999996 0.2695302328125 0.0439457359375 0.25781162812499997 0.0595705421875 0.25781162812499997 0.062500775 0.2622069765625 0.0507813953125 0.27392558125 0.0664062015625 0.279786046875 0.062500775 0.2915046515625 0.0673829453125 0.30175813906250004 0.0732418609375 0.295897675 0.0771488375 0.30468837187500003 0.19433643437499998 0.3339837203125 0.195313178125 0.3706046515625 0.20410232499999997 0.3779302328125 0.2714837203125 0.38232325624999997 0.32617209375 0.28857441875 0.3320310078125 0.1918953484375 0.3271488375 0.17871162812500002 0.102539534375 0.0820302328125
4 0 0.2915046515625 0.048827906250000004 0.297362790625 0.04687441875 0.28857441875 0.0595705421875 0.272460465625 0.06542945781250001 0.2783209296875 0.0732418609375 0.2695302328125 0.0742186046875 0.2563465109375 0.027344185937499998 0.1684581390625 0.039062015625 0.1596674421875 0.0292961234375 0.11865348906249999 0.0185550390625 0.11132790625 0.0126945734375 0.0937511625 0.00097674375 0.0937511625 0 0.186034884375 0.007812403125000001 0.1977534890625 0 0.20068372031249998 0 0.2915046515625
4 0.3271488375 0.7587883718749999 0.33007751875 0.6899418609375 0.274413953125 0.60937441875 0.24121085312499999 0.6064441859375 0.2382806203125 0.6225581390625 0.2216790703125 0.6269534890624999 0.2158201546875 0.647460465625 0.1904294578125 0.6503906984375 0.1748046515625 0.6621093015625 0.1123054265625 0.670897675 0.10546821718749999 0.6665046515624999 0.102539534375 0.6445302328125 0.0908201546875 0.6533209296875 0.071288371875 0.6503906984375 0.062500775 0.6840813953125 0.0507813953125 0.7954093015625 0.0058589140625 0.8715813953125 0.0175782953125 0.8774418609374999 0.1142573640625 0.8496093015625 0.125 0.8393558140625 0.1279302328125 0.8232418609375 0.3271488375 0.7587883718749999
4 0.00097674375 0.9550790703125 0 0.9975581390625001 0.007812403125000001 0.9975581390625001 0.030272868749999998 0.9960930234375001 0.041992248437500004 0.9843744187500001 0.0507813953125 0.9418953484375001 0.00097674375 0.9550790703125
4 1 0.9741209296875001 0.9755860468750001 0.9375 0.6748046515625 0.7763674421875 0.65722635625 0.7851558140625 0.6376945734375 0.697265115625 0.5810542640625 0.71777441875 0.5478511625 0.70312558125 0.3564449609375 0.773437209375 0.32324186093749996 0.7617186046875 0.1396480625 0.82617209375 0.1201178296875 0.8496093015625 0 0.8862302328125 0.00097674375 0.9375 0.0498046515625 0.9169930234375 0.072265115625 0.9184581390625001 0.0742186046875 0.9331046515624999 0.056640309374999996 0.985839534375 0.0576170546875 0.9990232562499999 1 0.9975581390625001 1 0.9741209296875001
4 0.32324186093749996 0.40722558124999997 0.302734884375 0.41162092968749997 0.302734884375 0.5581046515625 0.3085937984375 0.6108395343749999 0.3085937984375 0.5698232562500001 0.33007751875 0.5610348843749999 0.33007751875 0.452637209375 0.32324186093749996 0.40722558124999997
4 0.24902325625000002 0.46582092968750005 0.2382806203125 0.47021395312500003 0.23632868281250002 0.5053720937499999 0.23632868281250002 0.5668953484375 0.2441410859375 0.5727534890625 0.2558589140625 0.5083 0.2548821703125 0.48632790625 0.2441410859375 0.5024418609375 0.24902325625000002 0.46582092968750005
4 0.19824186093750001 0.3779302328125 0.19628837187499998 0.413086046875 0.2353519375 0.413086046875 0.23925736406250003 0.4248046515625 0.26171937968750003 0.42919999999999997 0.2636713171875 0.4965813953125 0.2539069765625 0.5493162796875 0.274413953125 0.5507813953125 0.2792961234375 0.58447209375 0.28222635625 0.5742186046875 0.287110078125 0.58447209375 0.28515658906249997 0.3793953484375 0.2783209296875 0.375 0.2705085265625 0.3867186046875 0.19824186093750001 0.3779302328125
4 0.085937984375 0.48779302343750003 0.085937984375 0.47607441875 0.0966790703125 0.46582092968750005 0.1113286828125 0.47314418593749996 0.11621085312499999 0.506834884375 0.1435550390625 0.49218837187500003 0.15722635625 0.4980465109375 0.1611333328125 0.48632790625 0.1689457359375 0.5214837203125 0.17382790625 0.5200186046875 0.17187441875 0.5024418609375 0.17675813906249999 0.4951162796875 0.193359690625 0.5053720937499999 0.193359690625 0.47021395312500003 0.1904294578125 0.46289069843749997 0 0.4584953484375 0.0029302328125 0.5039069765625 0.028320929687500003 0.509765115625 0.030272868749999998 0.524413953125 0.041992248437500004 0.524413953125 0.04687441875 0.4965813953125 0.053711628125 0.49218837187500003 0.06152403125 0.524413953125 0.07812558124999999 0.5229488375 0.102539534375 0.5214837203125 0.10742170468750001 0.5083 0.102539534375 0.47753953437499996 0.085937984375 0.48779302343750003
4 0.9199224812500001 0.3647465109375 0.9355472875 0.37353488437500004 0.9345705421874999 0.44531162812499997 0.8691410859375001 0.44677674375 0.8691410859375001 0.3881837203125 0.9013674421875001 0.380860465625 0.898437209375 0.36767674375000003 0.915038759375 0.369139534375 0.915038759375 0.3603511625 0.8398434109374999 0.3647465109375 0.84277364375 0.53027441875 0.8583984499999999 0.5214837203125 0.8798821703125 0.533202325 0.9248046515624999 0.524413953125 0.9658201546875 0.533202325 0.9707038765625 0.5903325578125 1 0.593262790625 0.9990232562499999 0.322265115625 0.9462883718749999 0.336913953125 0.9404294578125001 0.3544930234375 0.9199224812500001 0.3647465109375
4 0.8173829453125 0.380860465625 0.805663565625 0.3779302328125 0.7695317828125 0.3881837203125 0.7695317828125 0.5639651156250001 0.79882790625 0.5698232562500001 0.79882790625 0.5346674421875 0.82617209375 0.5288093015625 0.82617209375 0.405762790625 0.8173829453125 0.380860465625
4 0.8251953484375001 0.2373046515625 0.7187503875 0.282713953125 0.7285162796875 0.3881837203125 0.7363286828125 0.39111395312499997 0.7998046515625 0.380860465625 0.8017581390625 0.3632813953125 0.82617209375 0.36767674375000003 0.8251953484375001 0.2373046515625
4 0.9228511625 0.3398441859375 0.9365240312499999 0.32812558125 0.944336434375 0.3486325578125 0.9560542640625 0.3339837203125 0.9990232562499999 0.3251953484375 1 0.162597675 0.8408201546875 0.2314441859375 0.837889921875 0.30322325625 0.8437503875000001 0.3647465109375 0.883789146875 0.3603511625 0.9033209296875 0.34277441875000003 0.9111333328125 0.319334884375 0.9228511625 0.3398441859375
4 1 0.001465115625 0.132812403125 0.001465115625 0.334961240625 0.11132790625 0.508789146875 0.1845697671875 0.6279302328125 0.2460930234375 0.6523441859375 0.250488371875 0.991210853125 0.06738372031249999 1 0.0600581390625 1 0.001465115625
