4 0.616210853125 0 0.42089767499999997 0.11132790625 0.41992248125 0.12451162812500001 0.430663565625 0.131834884375 0.45507751875 0.1772465109375 0.4482418609375 0.19628837187499998 0.4404294578125 0.19628837187499998 0.42285116250000004 0.1699209296875 0.4101565890625 0.2153325578125 0.399413953125 0.21679767499999997 0.3925782953125 0.17431627968750002 0.3779302328125 0.1699209296875 0.37304651093749996 0.1479488375 0.3623054265625 0.1435558140625 0.26074263593749997 0.1992186046875 0.23632868281250002 0.2299813953125 0.3720697671875 0.322265115625 0.3945317828125 0.32080000000000003 0.41503875937499995 0.31054651093749996 0.42089767499999997 0.29882790625 0.444336434375 0.29882790625 0.4501953484375 0.31054651093749996 0.46386666718749997 0.31054651093749996 0.602539534375 0.27539069843749997 0.618164340625 0.25781162812499997 0.6533209296875 0.25781162812499997 0.6689457359375 0.24902325625000002 0.6845705421875 0.2548837203125 0.7841798453125 0.23437441875 0.89062480625 0.00732325625 0.8857426359374999 0 0.616210853125 0
4 0.5888666671875 0.023437209375 0.6113286828125 0.001465115625 0 0.001465115625 0.0029302328125 0.0878906984375 0.1533209296875 0.17871162812500002 0.164062015625 0.188965115625 0.170897675 0.21679767499999997 0.18652403125 0.2285162796875 0.1992186046875 0.22705116250000001 0.2646480625 0.21386744218749998 0.2685550390625 0.19628837187499998 0.2998046515625 0.1757813953125 0.5888666671875 0.023437209375
4 0.048827906250000004 0.7778325578125 0.0498046515625 0.5273441859375 0.1845705421875 0.5185558140625 0.1894527125 0.531737209375 0.1894527125 0.7133790703125 0.1826170546875 0.726562790625 0.149413953125 0.7382813953125 0.14062480625 0.7514651156250001 0.23242170468749998 0.7104488375 0.23437519375 0.6694325578125 0.2470697671875 0.6767581390624999 0.257812403125 0.6606441859375 0.26171937968750003 0.5522465109375 0.28320310000000004 0.5434581390625 0.28320310000000004 0.37646511562499996 0.29687441875 0.3295906984375 0.30371162812499997 0.3251953484375 0.31152403125 0.336913953125 0.3164062015625 0.31787209375000003 0.30371162812499997 0.30175813906250004 0.2373054265625 0.2695302328125 0.23242170468749998 0.23290930156249998 0.22363255781250002 0.225586046875 0.1826170546875 0.2314441859375 0.164062015625 0.212402325 0.1591798453125 0.1875 0.0048821703125 0.0908209296875 0 0.092286046875 0.00097674375 0.210937209375 0.257812403125 0.31787209375000003 0.26171937968750003 0.48193255781250005 0.00097674375 0.48339767499999997 0.0019534890625 0.8247069765624999 0.1367193796875 0.7543953484375 0.1201178296875 0.75 0.079102325 0.773437209375 0.048827906250000004 0.7778325578125
4 0.334961240625 0.3574209296875 0.34277364375 0.34570232500000003 0.35937519375 0.36767674375000003 0.351562790625 0.3793953484375 0.3613286828125 0.3793953484375 0.367187596875 0.3413093015625 0.3251953484375 0.319334884375 0.32617209375 0.3471674421875 0.334961240625 0.3574209296875
4 0.412110078125 0.3852534890625 0.4101565890625 0.45556744218749995 0.3876945734375 0.4570302328125 0.3847658921875 0.44677674375 0.382812403125 0.5112302328125 0.416015503125 0.5112302328125 0.41992248125 0.3325186046875 0.36816434062500003 0.336913953125 0.3701178296875 0.375 0.412110078125 0.3852534890625
4 0.74902325625 0.539062790625 0.7851565890625001 0.5083 0.7861333328125 0.2373046515625 0.6923829453125 0.2548837203125 0.6562496125 0.279786046875 0.6611333328125 0.3867186046875 0.666015503125 0.3559581390625 0.6728511625 0.3486325578125 0.726562790625 0.3471674421875 0.7236325578125 0.4570302328125 0.6669922484375 0.4570302328125 0.664062015625 0.399902325 0.6582030999999999 0.4028325578125 0.6562496125 0.5698232562500001 0.663085271875 0.585937209375 0.66992248125 0.58447209375 0.68652403125 0.5830069765625 0.7021488375 0.5625 0.7314449609375 0.5742186046875 0.74902325625 0.539062790625
4 0.9013674421875001 0.4570302328125 0.8847658921875 0.452637209375 0.8847658921875 0.35302790625 0.8759767437500001 0.34277441875000003 0.8408201546875 0.36621162812499997 0.835937984375 0.35888604687500003 0.8339844968750001 0.212402325 0.8574217046875001 0.1684581390625 0.8466790703125 0.149413953125 0.8408201546875 0.1611325578125 0.8369147281249999 0.1464837203125 0.8242186046875 0.1596674421875 0.789062015625 0.235839534375 0.787110078125 0.49951162812499994 0.79492248125 0.5053720937499999 0.8603519374999999 0.4980465109375 0.8876945734374999 0.48632790625 0.9023441859375 0.46435581406250004 0.9013674421875001 0.4570302328125
4 0.96972713125 0.43359302343749995 1 0.423339534375 0.9990232562499999 0 0.8955085265625 0.005860465625 0.820313178125 0.17431627968750002 0.8232418609375 0.19628837187499998 0.829102325 0.1875 0.8388666671875 0.19628837187499998 0.9248046515624999 0.04687441875 0.9404294578125001 0.0263674421875 0.9570310078125001 0.0278325578125 0.9550775187499999 0.279786046875 0.868164340625 0.34570232500000003 0.8564449609375 0.3632813953125 0.837889921875 0.3706046515625 0.8730465109375001 0.37646511562499996 0.8730465109375001 0.41748139531249995 0.8525395343750001 0.4248046515625 0.851562790625 0.4409186046875 0.835937984375 0.44970697656249997 0.837889921875 0.46142558125 0.84277364375 0.4570302328125 0.8398434109374999 0.46435581406250004 0.84472713125 0.46582092968750005 0.8486325578124999 0.4570302328125 0.8486325578124999 0.46582092968750005 0.8867193796875 0.48193255781250005 0.9033209296875 0.46289069843749997 0.9189457359375 0.46289069843749997 0.9384759687500001 0.430665115625 0.96972713125 0.43359302343749995
4 0.42382790625 0.63427674375 0.44140620156250004 0.6372069765624999 0.445313178125 0.5756837203125 0.41699224843750005 0.5712883718749999 0.416015503125 0.6108395343749999 0.42382790625 0.63427674375
4 0.583984496875 0.7426767437499999 0.5888666671875 0.68847674375 0.40527286875 0.6503906984375 0.3876945734375 0.670897675 0.34472713125 0.67382790625 0.3095705421875 0.70312558125 0.28222635625 0.7089837203125 0.272460465625 0.720702325 0.2451178296875 0.7148441859375 0.2353519375 0.7353511625 0 0.859862790625 0.00097674375 0.9990232562499999 0.523437209375 0.9975581390625001 0.5292961234375 0.874511628125 0.541015503125 0.8334953484375 0.556640309375 0.8159186046875 0.583984496875 0.7426767437499999
