4 0 0.2561162796875 0.013324031250000002 0.2732465109375 0.0562930234375 0.4197302328125 0.06117519375 0.4270534890625 0.07680000000000001 0.4211953484375 0.0807069765625 0.40068604687500003 0.1109798453125 0.39043255781249997 0.11000309999999999 0.3801790703125 0.098285271875 0.3831093015625 0.0963317828125 0.3713906984375 0.145159690625 0.368460465625 0.148089921875 0.3816441859375 0.1412527125 0.3772488375 0.132463565625 0.387502325 0.1353937984375 0.39482790625 0.15883100781249998 0.40068604687500003 0.155902325 0.40801162812499997 0.1685969 0.415334884375 0.1803162796875 0.43877209375000004 0.2037534890625 0.4446325578125 0.21156589218750002 0.465139534375 0.23402635625 0.47246511562500004 0.23012092968750003 0.487111628125 0.2379333328125 0.49590232500000003 0.23207441874999998 0.5105511625 0.23988682187500002 0.5164093015625 0.23402635625 0.533988371875 0.2379333328125 0.5398465109374999 0.23207441874999998 0.5544953484375 0.23402635625 0.575002325 0.208635659375 0.5837930234375001 0.21449612343750002 0.58672325625 0.21351937968749998 0.59697674375 0.2193782953125 0.5852581390625 0.2359798453125 0.5896511624999999 0.231097675 0.602834884375 0.21156589218750002 0.602834884375 0.2125426359375 0.6218790703125 0.18519845 0.657034884375 0.1871519375 0.674611628125 0.1930945734375 0.6790697671875 0.196339534375 0.6790697671875 0.2193782953125 0.6555697671875 0.24867596875000003 0.6438511625000001 0.2525813953125 0.6321325578125 0.270159690625 0.629202325 0.28383100781250004 0.6086953484375 0.3053162796875 0.602834884375 0.3160573640625 0.5925813953125 0.3150821703125 0.5852581390625 0.3326589140625 0.58232790625 0.3365658921875 0.5618209296875001 0.363910078125 0.5588906984374999 0.3629333328125 0.5398465109374999 0.380511628125 0.533988371875 0.381488371875 0.5208046515625 0.37562790625 0.5208046515625 0.37367596875000003 0.53252325625 0.366838759375 0.519339534375 0.3766046515625 0.5105511625 0.367815503125 0.49736744218749995 0.3531674421875 0.49297209375 0.35707441875 0.487111628125 0.3473085265625 0.47246511562500004 0.34340155 0.446097675 0.35512092968750003 0.4197302328125 0.3619565890625 0.3713906984375 0.38930077500000004 0.37432092968749997 0.397113178125 0.418265115625 0.405902325 0.3962930234375 0.40930232499999997 0.3223302328125 0.40930232499999997 0.305262790625 0.40394883750000005 0.24101860468749997 0.1412527125 0.0081093015625 0.00062790625 0.0051790703125 0 0.1663488375 0 0.2561162796875
4 0.1422589140625 0.3951790703125 0.1168682171875 0.3805302328125 0.0563209296875 0.38639069843749996 0.049485271875 0.39957441875 0.1178449609375 0.7511372093750001 0.128489921875 0.7697674421875 0.1312558140625 0.7697674421875 0.17448527187500001 0.721839534375 0.175462015625 0.6998674421875 0.1891333328125 0.7086558140625 0.19889922499999999 0.702797675 0.2201550390625 0.6570511625 0.2201550390625 0.6213813953125 0.19987596875 0.5577767437500001 0.20671162812500002 0.53287441875 0.19108682187499998 0.5358046515625 0.1715550390625 0.5768209296875 0.16276589218749998 0.5694953484374999 0.17448527187500001 0.5226209296875 0.160813953125 0.4962534890625 0.160813953125 0.4728162796875 0.175462015625 0.44791395312500004 0.190110078125 0.4405906984375 0.17448527187500001 0.43179999999999996 0.1783906984375 0.42008139531250005 0.1715550390625 0.3981093015625 0.1422589140625 0.3951790703125
4 0.3440201546875 0.511065115625 0.353784496875 0.5198558140625 0.353784496875 0.5579418609375 0.3420666671875 0.569660465625 0.3420666671875 0.5767441859375 0.35026511562499996 0.5767441859375 0.3821054265625 0.5535465109375 0.39382480625 0.5594046515625 0.418238759375 0.534502325 0.4123782953125 0.5052069765625 0.4279069765625 0.487737209375 0.4279069765625 0.48721627968750003 0.416285271875 0.43782325625 0.4201906984375 0.3909488375 0.4094496125 0.3162418609375 0.40651937968749996 0.3880186046875 0.39382480625 0.4217093015625 0.3899178296875 0.374834884375 0.3615969 0.3792302328125 0.36257364375 0.3894837203125 0.3733162796875 0.3880186046875 0.3908945734375 0.43782325625 0.3762465109375 0.439288371875 0.3664806203125 0.46858604687499994 0.34597209375000004 0.446611628125 0.3440201546875 0.511065115625
4 0.1819069765625 0.3901325578125 0.1760480625 0.4604465109375 0.183860465625 0.48974186093750005 0.18874263593750001 0.48827674375 0.1975317828125 0.5131790703125 0.20925116250000003 0.5219697671875 0.19362635625 0.55712558125 0.2033922484375 0.565913953125 0.2033922484375 0.5805627906249999 0.22292248125 0.6245093015625 0.22292248125 0.65087441875 0.229889921875 0.653488371875 0.23109612343750002 0.653488371875 0.2590558140625 0.628902325 0.2610093015625 0.6083953484375 0.28737519375 0.604 0.2834697671875 0.58642325625 0.2893286828125 0.5512651156249999 0.2834697671875 0.5102511625 0.29302325625000003 0.44719767499999996 0.29302325625000003 0.4432534890625 0.2893286828125 0.39892325624999997 0.277610853125 0.3813441859375 0.2737038765625 0.3286093015625 0.261984496875 0.3110325578125 0.2580790703125 0.26122790625 0.24147751875 0.253902325 0.21901705468750002 0.26122790625 0.215110078125 0.308102325 0.20632092968750002 0.3242162796875 0.199485271875 0.3198209296875 0.20925116250000003 0.331539534375 0.1975317828125 0.34325813906249997 0.1975317828125 0.3579069765625 0.1819069765625 0.3901325578125
4 0.15392558125 0.0006232562500000001 0.1646682171875 0.019665115625 0.40880930156249995 0.23353255781249999 0.43029302343750003 0.2481813953125 0.4674031 0.251111628125 0.5301069765624999 0.3046511625 0.531537984375 0.3046511625 0.536737984375 0.2994511625 0.521113178125 0.29359069843749996 0.6236527125 0.2628302328125 0.9966992250000001 0.2891953484375 0.9984496125 0.1167906984375 0.9984496125 0.0006232562500000001 0.15392558125 0.0006232562500000001
4 0 0.99767441875 0.155038759375 0.99767441875 0.155038759375 0.9627883718750001 0.060376743749999996 0.44987907031249996 0.0447519375 0.3912837203125 0.0008062015625 0.28435116250000003 0 0.8738279062500001 0 0.99767441875
4 0.456635659375 0.255813953125 0.42792558124999996 0.25930465156250004 0.42987751875 0.3061813953125 0.436714728125 0.3135046515625 0.46273023281250003 0.3139534890625 0.520700775 0.3139534890625 0.46492403125 0.255813953125 0.456635659375 0.255813953125
4 1 0.384188371875 0.9993302328125001 0.29082325625 0.628237209375 0.2644558140625 0.5540186046875 0.2878930234375 0.550111628125 0.31719069843750003 0.5296046515625 0.3186558140625 0.8118310078125001 0.378713953125 0.8548 0.37578372031249996 0.8665178296875 0.387502325 0.9192527125 0.393362790625 0.9221829453125 0.40947674375 0.93292403125 0.4168 0.9906294578124999 0.4255813953125 1 0.4255813953125 1 0.384188371875
4 0.919838759375 0.6696209296875 0.9061674421875001 0.6608325578125 0.9090961234374999 0.6359302328124999 0.935463565625 0.65497209375 0.9374170546875 0.6344651156250001 0.919838759375 0.6256767437499999 0.9325333328125 0.6212813953125 0.9305813953125 0.6154209296875 0.886635659375 0.5934488375 0.91202635625 0.4850511625 0.934486821875 0.483586046875 0.9374170546875 0.4733325578125 0.9227689921875 0.46893720937500005 0.9061674421875001 0.444034884375 0.9032372093750001 0.41327441875000004 0.8798 0.4103441859375 0.7889798453125 0.8102465109375 0.7967922484375001 0.8102465109375 0.8124170546875 0.7516511625 0.8192527125 0.7472581390624999 0.8202294578125 0.7750906984375 0.833900775 0.8102465109375 0.8065581390625001 0.8161046515624999 0.800697675 0.8805581390624999 0.888589146875 0.9508720937499999 0.9217922484375001 0.868839534375 0.9217922484375001 0.845402325 0.9335100781250001 0.84247209375 0.937984496875 0.822339534375 0.937984496875 0.817939534375 0.9227689921875 0.8380790703125 0.9090961234374999 0.791202325 0.8934713171875 0.797062790625 0.8524558140625 0.7677651156249999 0.8417131781249999 0.757511628125 0.8417131781249999 0.742862790625 0.8524558140625 0.7150302328125 0.8739395343749999 0.7208906984375 0.8837054265625 0.7326093015625 0.8944480625000001 0.728213953125 0.8573379843750001 0.70477674375 0.8700341078125 0.6535069765625 0.9149550390625001 0.6740162796875 0.919838759375 0.6696209296875
4 1 0.6199813953125 0.9992434109375001 0.4394302328125 0.9347891468749999 0.4365 0.9328372093749999 0.4511488375 0.9015860468750001 0.4511488375 0.8996341078125001 0.4657953484375 0.887914728125 0.4628674421875 0.8986573640625 0.47019069843750005 0.886937984375 0.4760511625 0.887914728125 0.492162790625 0.9328372093749999 0.48337441875 0.9904542640624999 0.49948837187499995 0.965063565625 0.599097675 0.95627441875 0.6210697671875 0.9211178296875 0.6093511625 0.8976806203125 0.618139534375 0.8927968999999999 0.6137465109375 0.8957271312499999 0.600562790625 0.863500775 0.5844488375 0.8752201546875 0.5639418609375 0.8752201546875 0.5492930234375 0.872289921875 0.544897675 0.8683829453125 0.5595465109375 0.8625240312500001 0.553686046875 0.8527581390625001 0.5595465109375 0.8508062015625001 0.54782790625 0.830297675 0.63132325625 0.8576418609375001 0.6371837203124999 0.8488527124999999 0.6386488375 0.8488527124999999 0.6503674421875 0.8420170546874999 0.648902325 0.8429922484375 0.6386488375 0.8351798453124999 0.64157674375 0.8166263562499999 0.686988371875 0.806860465625 0.73972325625 0.83127441875 0.7529046515625 0.8420170546874999 0.7426511625 0.8420170546874999 0.7074953484375001 0.8556883718750001 0.69577674375 0.8595937984375001 0.68112790625 0.8556883718750001 0.6635511625 0.8625240312500001 0.64157674375 0.8781488375000001 0.6532953484374999 0.8859612406249999 0.6386488375 0.903539534375 0.64157674375 0.8996341078125001 0.65622558125 0.886937984375 0.654760465625 0.9377193796875 0.686988371875 0.9240480625 0.7309325578125 0.9123286828125 0.73972325625 0.918187596875 0.7455813953125 0.916235659375 0.7690186046874999 0.9064697671875 0.7778069765625 0.9015860468750001 0.7968511625 0.8605705421875 0.7968511625 0.856665115625 0.7851325578125 0.8498294578125 0.786597675 0.854711628125 0.7763441859375 0.8293209296875 0.7675534890625 0.830297675 0.7924558140625 0.8381100781249999 0.7924558140625 0.8371333328125001 0.7792720937500001 0.8439689921875001 0.786597675 0.8439689921875001 0.8246837203125 0.854711628125 0.8261488375000001 0.8556883718750001 0.8393325578124999 0.8410403093750001 0.8407953484374999 0.8351798453124999 0.820288371875 0.824438759375 0.8246837203125 0.8254155031250001 0.8407953484374999 0.8127193796875 0.8393325578124999 0.8097891468749999 0.88767209375 0.8254155031250001 0.8906000000000001 0.839086821875 0.9140395343750001 0.8508062015625001 0.9140395343750001 0.86447751875 0.9345465109375001 0.880499225 0.941860465625 0.88857209375 0.941860465625 0.9064697671875 0.9096441859375 0.9123286828125 0.874488371875 0.9377193796875 0.8305418609374999 1 0.6728953484375 1 0.6199813953125
4 0.745959690625 0.9704558140625 0.76792558125 0.99767441875 0.81052713125 0.99767441875 0.8682170546875 0.996834884375 0.8682170546875 0.9861744187499999 0.8680294578125001 0.9836395343750001 0.7840449609375 0.9103976749999999 0.77232558125 0.936765115625 0.75377209375 0.9382279062500001 0.745959690625 0.9704558140625
4 0.2877782953125 0.8822465109375001 0.2575054265625 0.8280488374999999 0.2282077515625 0.869062790625 0.20672403125 0.8807813953125001 0.19891162812500002 0.866134884375 0.183286821875 0.8632046515624999 0.1471534890625 0.8968953484375 0.1656542640625 0.99767441875 0.19307286875000002 0.99767441875 0.3014511625 0.9965046515625 0.32391162812499996 0.9891813953125 0.3255813953125 0.983334884375 0.3255813953125 0.9758093015625 0.2877782953125 0.8822465109375001
4 0.6976744187499999 0.8508581390625001 0.6976744187499999 0.839197675 0.51057209375 0.6748790703124999 0.48518139531250004 0.6778093015625 0.45783875937499996 0.6602302328125 0.45686201562499995 0.6763441859375 0.48713488437499997 0.710034884375 0.5222914734375 0.742260465625 0.5467054265625 0.7525162796875 0.5467054265625 0.8404069765625 0.4920186046875 0.9077883718749999 0.4861581390625 0.9195069765625 0.4899069765625 0.9232558140625 0.49823100781249996 0.9232558140625 0.6687751937499999 0.8653093015625 0.6976744187499999 0.8508581390625001
4 0.46768217031250003 0.60697674375 0.4692511625 0.60697674375 0.47441860468749997 0.581137209375 0.47441860468749997 0.5667069765625 0.47097364375 0.47628837187500006 0.44891627968750003 0.46046511562500003 0.448485271875 0.46046511562500003 0.44558294531250003 0.490937209375 0.4533953484375 0.584688371875 0.4553488375 0.5964069765625 0.46768217031250003 0.60697674375
4 0.46754728749999996 0.4302325578125 0.4697674421875 0.4302325578125 0.4697674421875 0.3230325578125 0.4344945734375 0.31302325625 0.43937674375 0.41702790624999997 0.46754728749999996 0.4302325578125
