4 0.8913488375 0.9847465109375 0.9125519375 0.9953488374999999 0.9378806203125001 0.9953488374999999 0.9450589140625001 0.995002325 0.9528728687499999 0.9598441859375001 0.9984496125 0.29327441875 0.9984496125 0.00037209375 0.9518961234375001 0.00037209375 0.9431069765625001 0.0223441859375 0.884513178125 0.9598441859375001 0.8913488375 0.9847465109375
4 0.2171286828125 0.00039302343750000004 0.21419844999999998 0.0077186046875 0.2210341078125 0.0238325578125 0.24056589218750002 0.0238325578125 0.2503317828125 0.0384790703125 0.285488371875 0.0414093015625 0.299159690625 0.05312790625 0.301113178125 0.0414093015625 0.314784496875 0.0619162796875 0.34017519375 0.0619162796875 0.3597069765625 0.08242558125 0.40462790625 0.091213953125 0.4309953484375 0.12197674375 0.4056046515625 0.177639534375 0.3977922484375 0.47353953437499996 0.4358790703125 0.48965116249999996 0.440761240625 0.4999046515625 0.4309953484375 0.5233441859375 0.4309953484375 0.5555697671875001 0.44466821718749994 0.7958046515625 0.45345736406250003 0.8060581390625 0.47103410781250005 0.7943395343749999 0.48275348906250004 0.7972697671875 0.6663472875 0.8880883718750001 0.6695519375 0.8883720937499999 0.683013953125 0.8883720937499999 0.70052713125 0.5672883718749999 0.70052713125 0.3827186046875 0.7178294578125 0.0655046515625 0.7178294578125 0.060362790624999996 0.6956434109375 0.05312790625 0.65072248125 0.06777674375000001 0.4788465109375 0.0941441859375 0.44564341093750004 0.076565115625 0.41830077499999996 0.050197675 0.408534884375 0.050197675 0.40267596875 0.0707069765625 0.3831441859375 0.0707069765625 0.37240155 0.048734884374999995 0.37240155 0.02822558125 0.3460341078125 0.012111628125 0.32845736406250003 0.0238325578125 0.32845736406250003 0.009183720312500001 0.2171286828125 0.00039302343750000004
4 0.514289921875 0.0813953484375 0.6839488375 0.0521906984375 0.7737937984375 0.058051162499999996 0.8382465109374999 0.04047209375 0.912465115625 0.0375441859375 0.9364341078124999 0.0015906984375 0.9364341078124999 0.0009209296875 0.40172248125000004 0.0009209296875 0.40660620156249994 0.0375441859375 0.482615503125 0.0813953484375 0.514289921875 0.0813953484375
4 0.34237364375 0.001986046875 0.3784573640625 0.020930232812499998 0.3813953484375 0.020930232812499998 0.3813953484375 0.0005581390625 0.34237364375 0.001986046875
4 0.4022961234375 0.0277186046875 0.4149922484375 0.0438325578125 0.478237209375 0.0790697671875 0.5312108531249999 0.0790697671875 0.6806170546875 0.0526209296875 0.8114759687499999 0.046762790625 0.8915550390625 0.0350441859375 0.895460465625 0.0262558140625 0.911085271875 0.032113953125 0.9333333328125001 0.0040813953125000005 0.9333333328125001 0.0013534890625 0.4022961234375 0.0013534890625 0.4022961234375 0.0277186046875
4 0.4195317828125 0.4627906984375 0.41578294531250004 0.4290488375 0.42457209375 0.41000465156250004 0.43255813906249996 0.41133720937499996 0.43255813906249996 0.41101860468750007 0.417734884375 0.4026813953125 0.4216418609375 0.3938930234375 0.417734884375 0.35287674375 0.42554883749999994 0.33822790625 0.41968837187499997 0.3323674421875 0.41480620156250003 0.28402790625 0.40797054218750006 0.28842325625 0.41382945781249997 0.297211628125 0.4060170546875 0.3323674421875 0.41187596875 0.37045348906250003 0.40797054218750006 0.4173302328125 0.41382945781249997 0.42318837187499997 0.4100573640625 0.4627906984375 0.4195317828125 0.4627906984375
4 0.39957364375000004 0.5624 0.37125271249999997 0.587302325 0.37418294531249996 0.6004837203125 0.4174697671875 0.648837209375 0.419987596875 0.648837209375 0.4171503875 0.5594697671875 0.39957364375000004 0.5624
4 0.28269302343749997 0.5627906984375 0.40386046562500005 0.538462790625 0.41362635625 0.5355325578125 0.4155038765625 0.5270837203125 0.4155038765625 0.52217209375 0.390189146875 0.5179534890624999 0.2749550390625 0.538462790625 0.2739782953125 0.560434884375 0.27868992187499997 0.5627906984375 0.28269302343749997 0.5627906984375
4 0.29407286875 0.81162790625 0.30108837187500004 0.81162790625 0.4225069765625 0.7499627906249999 0.4248062015625 0.723513953125 0.4248062015625 0.7162209296875 0.4068806203125 0.7148069765625 0.28969302343750003 0.7704697671875 0.284810853125 0.7924441859375 0.28871782968750004 0.8100209296875001 0.29407286875 0.81162790625
4 0.0478542640625 0.5739348843750001 0.037209301562500005 0.5782906984375 0.037209301562500005 0.58007441875 0.038962790625 0.6116279062500001 0.0488170546875 0.6116279062500001 0.21582325624999998 0.5797953484375 0.26269767499999996 0.5651465109375 0.26356589218750004 0.553434884375 0.26356589218750004 0.551960465625 0.22168217031249998 0.550497675 0.10254263593749999 0.576865115625 0.0478542640625 0.5739348843750001
4 0.3104093015625 0.7418604656250001 0.410787596875 0.6974069765625 0.4170542640625 0.6853209296875 0.4170542640625 0.683165115625 0.3932093015625 0.638813953125 0.3565488375 0.60697674375 0.3558511625 0.60697674375 0.3121550390625 0.675434884375 0.29262325625 0.739888371875 0.30314418593750003 0.7418604656250001 0.3104093015625 0.7418604656250001
4 0.014799999999999999 0.58022325625 0.0030806203125 0.58022325625 0.0001519375 0.99477209375 0.038759690624999996 0.99477209375 0.038759690624999996 0.98557441875 0.0196821703125 0.599265115625 0.014799999999999999 0.58022325625
4 0.0394170546875 0.6430581390625 0.0472294578125 0.795402325 0.05454573593749999 0.8255813953125 0.056010853125 0.8255813953125 0.09801085312499999 0.7368093015625 0.151937984375 0.6559162796875 0.151937984375 0.6521162796875 0.1497689921875 0.6445232562500001 0.100939534375 0.6328046515625 0.061877518750000006 0.6328046515625 0.0394170546875 0.6430581390625
4 0.20616124062500002 0.6208418609375 0.18760620156250002 0.6457441859374999 0.277702325 0.7348837203125 0.2800821703125 0.7348837203125 0.318465115625 0.639886046875 0.339534884375 0.6054093015625 0.339534884375 0.6032767437500001 0.3370201546875 0.59447674375 0.315536434375 0.585686046875 0.253035659375 0.5915465109375 0.20616124062500002 0.6208418609375
4 0.0616480625 0.87287441875 0.054812403125 0.8802 0.054812403125 0.9153558140625 0.057516279687500005 0.9302325578125 0.07377984531250001 0.9302325578125 0.2608666671875 0.8347906984375 0.2774682171875 0.8216069765625 0.2774682171875 0.7864488374999999 0.2550077515625 0.7849837203125001 0.0616480625 0.87287441875
4 0.46096744218749997 0.4345813953125 0.4599906984375 0.4506930234375 0.4463193796875 0.42432558125000003 0.43850697656250004 0.42432558125000003 0.43362325625000003 0.46387674375000004 0.4375302328125 0.47559534843750007 0.43264806250000004 0.46534186093749996 0.4219054265625 0.48145581406250004 0.4346 0.4887790703125 0.4472961234375 0.48145581406250004 0.441437209375 0.5107534890625 0.4297178296875 0.5195418609375 0.4453426359375 0.8066511625 0.47952248124999997 0.7934674421875 0.5342093015625 0.81397441875 0.5400697671875 0.8256930234375 0.5801612406250001 0.8372093015625 0.585665115625 0.8372093015625 0.583038759375 0.822765115625 0.5576480625 0.8198348843750001 0.551787596875 0.8110441859374999 0.5400697671875 0.8169046515625 0.5303038765625 0.7963976749999999 0.4853813953125 0.7846790703125001 0.5000294578125 0.7773534890625 0.47659224843750003 0.7714953484375 0.47659224843750003 0.548837209375 0.4707333328125 0.484386046875 0.47464030937499996 0.44922790625 0.4619441859375 0.42725581406249996 0.4531550390625 0.42579069843750006 0.46096744218749997 0.4345813953125
4 0.17122325625 0.6563790703125 0.11751317812499999 0.7281558140625 0.08626356562500001 0.7867488375 0.068685271875 0.83362558125 0.08626356562500001 0.8394837203125001 0.2376310078125 0.7764953484375 0.2610682171875 0.7647767437499999 0.2651162796875 0.7538465109375 0.2651162796875 0.750397675 0.2220046515625 0.6886046515625 0.1907550390625 0.662237209375 0.17122325625 0.6563790703125
4 0.3819922484375 0.7852953484375 0.06949147343749999 0.9522860468750001 0.058914728125 0.9652674421875 0.058914728125 0.9706674421875 0.05969767499999999 0.9953488374999999 0.13806511562499998 0.9953488374999999 0.1896093015625 0.9947674421875 0.42691317812499996 0.829239534375 0.43100775156250004 0.8206418609374999 0.43100775156250004 0.8089279062499999 0.427889921875 0.7691813953125 0.42337364375000003 0.7651162796875 0.42234883749999996 0.7651162796875 0.3819922484375 0.7852953484375
4 0.44587751875 0.8186930234375 0.44587751875 0.8802162796875 0.44099379843750003 0.887539534375 0.42732248124999994 0.83187674375 0.19783100781250001 0.99447441875 0.4073689921875 0.9953488374999999 0.896334884375 0.9953488374999999 0.8628697671875001 0.9695720937500001 0.6773224812499999 0.89632790625 0.47810387656250003 0.7996488375 0.44587751875 0.8186930234375
