4 0.5898434109374999 0.1538093015625 0.5908201546875 0 0.398437209375 0.001465115625 0.4013674421875 0.15527441875 0.5898434109374999 0.1538093015625
4 0.2080077515625 0.15527441875 0.3886713171875 0.1538093015625 0.3896480625 0 0.0664062015625 0.001465115625 0.13378914687500001 0.0820302328125 0.2080077515625 0.15527441875
4 0.64062480625 0.1538093015625 0.6425782953125 0.23290930156249998 0.6562496125 0.23876976718749998 0.6562496125 0.2915046515625 0.6591798453125 0.30175813906250004 0.666015503125 0.3002930234375 0.9062496124999999 0.001465115625 0.600586046875 0 0.601562790625 0.1450186046875 0.64062480625 0.1538093015625
4 0.587889921875 0.1596674421875 0.5830077515625 0.15234418593750002 0.40039069843749997 0.1596674421875 0.4062496125 0.2065418609375 0.42382790625 0.22705116250000001 0.42285116250000004 0.25195348906250004 0.48828062031249997 0.2534186046875 0.56347596875 0.25195348906250004 0.5664062015625 0.22705116250000001 0.583984496875 0.20068372031249998 0.587889921875 0.1596674421875
4 0.19824186093750001 0.5039069765625 0.20117209374999998 0.4965813953125 0.20117209374999998 0.3940418609375 0.181640309375 0.3706046515625 0.181640309375 0.2622069765625 0.18652403125 0.2548837203125 0.36816434062500003 0.2548837203125 0.37304651093749996 0.250488371875 0.3652341078125 0.23876976718749998 0.3652341078125 0.22412092968750003 0.382812403125 0.2065418609375 0.39062480625 0.1684581390625 0.3798821703125 0.15234418593750002 0.2021488375 0.15527441875 0.06542945781250001 0.005860465625 0.00097674375 0 0.00097674375 0.038086046875 0.117187596875 0.1420906984375 0.117187596875 0.6108395343749999 0.1289069765625 0.6167 0.15429612343750002 0.6049813953125 0.1386713171875 0.5756837203125 0.1367193796875 0.5112302328125 0.19824186093750001 0.5039069765625
4 0.8730465109375001 0.27392558125 0.8671875968749999 0.1362302328125 0.9658201546875 0.029297675000000002 0.9990232562499999 0.023437209375 0.9990232562499999 0.0117186046875 0.98437519375 0.016113953125 0.991210853125 0 0.9091798453125 0.005860465625 0.6503906984375 0.326660465625 0.6503906984375 0.3706046515625 0.6669922484375 0.369139534375 0.67187441875 0.37646511562499996 0.6748046515625 0.44531162812499997 0.681640309375 0.4350581390625 0.6757813953125 0.42626976718750004 0.687500775 0.4145511625 0.681640309375 0.4028325578125 0.687500775 0.3881837203125 0.6796868218750001 0.3793953484375 0.687500775 0.3706046515625 0.6855472875 0.3559581390625 0.704102325 0.3339837203125 0.7167969000000001 0.3354488375 0.7167969000000001 0.47607441875 0.7216790703125 0.48339767499999997 0.725586046875 0.4687511625 0.7460930234375 0.46142558125 0.7460930234375 0.30322325625 0.7783209296875 0.2783209296875 0.7812496125 0.46435581406250004 0.7929689921875 0.4584953484375 0.7919922484375 0.44531162812499997 0.8388666671875 0.44531162812499997 0.834961240625 0.4570302328125 0.8281255812499999 0.452637209375 0.8281255812499999 0.46728604687499997 0.8408201546875 0.46289069843749997 0.8574217046875001 0.47314418593749996 0.8574217046875001 0.5610348843749999 0.8632806203125 0.58447209375 0.8652341078125 0.38232325624999997 0.8730465109375001 0.3706046515625 0.8671875968749999 0.326660465625 0.8730465109375001 0.27392558125
4 0.8486325578124999 0.3486325578125 0.8457038765625 0.32080000000000003 0.8388666671875 0.3164069765625 0.835937984375 0.3383790703125 0.8232418609375 0.34277441875000003 0.8173829453125 0.3603511625 0.8076170546875 0.3603511625 0.8017581390625 0.38378837187500003 0.791015503125 0.3471674421875 0.7812496125 0.39111395312499997 0.7812496125 0.452637209375 0.774413953125 0.46582092968750005 0.7460930234375 0.46435581406250004 0.7460930234375 0.41162092968749997 0.7363286828125 0.3940418609375 0.7314449609375 0.3632813953125 0.7187503875 0.37646511562499996 0.7167969000000001 0.46435581406250004 0.7080077515625 0.47460930156250003 0.6962883718749999 0.47460930156250003 0.6914062015625 0.46435581406250004 0.6845705421875 0.351562790625 0.64062480625 0.3940418609375 0.6435550390625 0.404297675 0.6542961234375 0.4028325578125 0.64062480625 0.4145511625 0.6425782953125 0.46435581406250004 0.665038759375 0.46289069843749997 0.6748046515625 0.5039069765625 0.7236325578125 0.506834884375 0.742187596875 0.531737209375 0.7451178296875 0.5625 0.7861333328125 0.5654302328125 0.789062015625 0.6079093015625 0.7939457359375 0.6123046515625 0.8632806203125 0.6167 0.8671875968749999 0.39697209375 0.8623054265625001 0.3310558140625 0.8583984499999999 0.34570232500000003 0.8486325578124999 0.3486325578125
4 0.33886666718749997 0.5039069765625 0.366210853125 0.5039069765625 0.3691410859375 0.48779302343750003 0.36328062031249997 0.46728604687499997 0.37597674375 0.4423837203125 0.39160154999999996 0.4423837203125 0.3955085265625 0.45117209375 0.40722635625 0.4423837203125 0.4189457359375 0.4482418609375 0.41992248125 0.5024418609375 0.4560542640625 0.5039069765625 0.460937984375 0.46142558125 0.47167907031249995 0.4423837203125 0.53027286875 0.4394534890625 0.5419922484375 0.41601627968750005 0.5605472875 0.44677674375 0.562500775 0.46728604687499997 0.583984496875 0.4790046515625 0.586914728125 0.5039069765625 0.6142573640625 0.5039069765625 0.617187596875 0.484862790625 0.6386713171875 0.46435581406250004 0.6386713171875 0.3940418609375 0.633789146875 0.3867186046875 0.20410232499999997 0.3867186046875 0.20312558125 0.45556744218749995 0.209961240625 0.4482418609375 0.2646480625 0.4482418609375 0.2714837203125 0.46435581406250004 0.26562480625 0.5024418609375 0.2792961234375 0.5053720937499999 0.3095705421875 0.5039069765625 0.31347596875 0.4687511625 0.3330077515625 0.4687511625 0.33886666718749997 0.5039069765625
4 0.45117209375 0.9975581390625001 0.45312558125 0.9272465109375 0.444336434375 0.9228511625 0.44140620156250004 0.9946279062500001 0.45117209375 0.9975581390625001
4 1 0.9477534890625 0.9990232562499999 0.9257813953125 0.9667969 0.93017674375 0.9746093015625 0.9946279062500001 0.9980465109375001 0.9917 1 0.962402325 0.9941410859375001 0.9565418609374999 1 0.9477534890625
4 0.8144527125 0.9946279062500001 0.8164062015625 0.9272465109375 0.78222635625 0.9257813953125 0.7812496125 0.9917 0.8144527125 0.9946279062500001
4 0.23339845 0.9199209296875 0.226562790625 0.9272465109375 0.226562790625 0.9946279062500001 0.2539069765625 0.9975581390625001 0.2597658921875 0.9917 0.2597658921875 0.93017674375 0.2548821703125 0.9199209296875 0.23339845 0.9199209296875
4 0.851562790625 0.9389651156250001 0.8476558140625 0.9829093015625 0.8525395343750001 0.993165115625 0.9355472875 0.9946279062500001 0.9335937984375 0.94482325625 0.9267581390625 0.9257813953125 0.8457038765625 0.93017674375 0.851562790625 0.9389651156250001
4 0.0029302328125 0.9960930234375001 0.0664062015625 0.9946279062500001 0.0742186046875 0.985839534375 0.071288371875 0.914062790625 0 0.91552790625 0.0029302328125 0.9960930234375001
4 0.1992186046875 0.9243162796875 0.18847596875 0.9169930234375 0.11621085312499999 0.9169930234375 0.10937519375 0.9917 0.14062480625 0.9975581390625001 0.19628837187499998 0.9960930234375001 0.197265115625 0.9389651156250001 0.1894527125 0.93017674375 0.1992186046875 0.9243162796875
4 0.5664062015625 0.9975581390625001 0.5654294578125 0.9199209296875 0.47656279062499995 0.9243162796875 0.47753953437499996 0.9960930234375001 0.5664062015625 0.9975581390625001
4 0.617187596875 0.9272465109375 0.618164340625 0.993165115625 0.7460930234375 0.9946279062500001 0.7558589140625 0.9829093015625 0.7548821703125 0.9257813953125 0.6689457359375 0.9199209296875 0.617187596875 0.9272465109375
4 0.2773441859375 0.9272465109375 0.28027286875 0.9990232562499999 0.42382790625 0.9975581390625001 0.42285116250000004 0.9169930234375 0.32128837187500003 0.914062790625 0.28027286875 0.9199209296875 0.2773441859375 0.9272465109375
4 0.5996093015625 0.16552790625 0.6054682171875 0.212402325 0.6230465109375001 0.22705116250000001 0.62402325625 0.25195348906250004 0.6386713171875 0.250488371875 0.6386713171875 0.1596674421875 0.633789146875 0.15234418593750002 0.6083984499999999 0.15527441875 0.5996093015625 0.16552790625
