4 1 0.001465115625 0.0517581390625 0 0.048827906250000004 0.00732325625 0.102539534375 0.164062790625 0.1396480625 0.17285116250000002 0.1513674421875 0.1904302328125 0.1748046515625 0.1992186046875 0.41503875937499995 0.25195348906250004 0.42382790625 0.2475581390625 0.4248046515625 0.2285162796875 0.43652403125 0.2285162796875 0.445313178125 0.23876976718749998 0.446288371875 0.2548837203125 0.4648434109375 0.2563465109375 0.670897675 0.1376953484375 0.7236325578125 0.15527441875 0.7763674421875 0.131834884375 0.8232418609375 0.210937209375 0.993164340625 0.1611325578125 1 0.156737209375 0.9990232562499999 0.12011627968750001 0.920897675 0.14062558125 0.8964837203125 0.06884651093750001 0.991210853125 0.023437209375 1 0.016113953125 1 0.001465115625
4 0.1445317828125 0.531737209375 0.149413953125 0.42187441875 0.15429612343750002 0.423339534375 0.1562496125 0.44677674375 0.1562496125 0.531737209375 0.163085271875 0.533202325 0.1835937984375 0.5112302328125 0.1855472875 0.46728604687499997 0.17187441875 0.44677674375 0.17187441875 0.423339534375 0.1835937984375 0.405762790625 0.17382790625 0.39111395312499997 0.1748046515625 0.36621162812499997 0.193359690625 0.36767674375000003 0.193359690625 0.4028325578125 0.208984496875 0.42626976718750004 0.208984496875 0.44384651093749994 0.197265115625 0.46142558125 0.2070310078125 0.49072325625 0.195313178125 0.5200186046875 0.209961240625 0.5361325578125 0.35839845000000004 0.539062790625 0.40332092968750005 0.53027441875 0.40527286875 0.4892581390625 0.28222635625 0.49218837187500003 0.2812496125 0.37353488437500004 0.413085271875 0.3779302328125 0.41699224843750005 0.4482418609375 0.43652403125 0.4248046515625 0.45410232500000003 0.43359302343749995 0.458984496875 0.423339534375 0.458984496875 0.265137209375 0.4482418609375 0.26074186093749996 0.44140620156250004 0.27392558125 0.443359690625 0.3002930234375 0.45117209375 0.312011628125 0.44726511562500004 0.3295906984375 0.45117209375 0.3647465109375 0.444336434375 0.375 0.430663565625 0.375 0.42187441875 0.3618162796875 0.416015503125 0.312011628125 0.4257813953125 0.27685581406250004 0.42089767499999997 0.2548837203125 0.170897675 0.1992186046875 0.15527286875 0.1992186046875 0.1513674421875 0.21386744218749998 0.1396480625 0.1757813953125 0.0957038765625 0.171386046875 0.0937503875 0.1508790703125 0.0439457359375 0.005860465625 0.00097674375 0.005860465625 0.0029302328125 0.3925790703125 0.0097658921875 0.3354488375 0.0097658921875 0.1831046515625 0.028320929687500003 0.1757813953125 0.0742186046875 0.250488371875 0.068359690625 0.48779302343750003 0.0498046515625 0.5039069765625 0.008789146875 0.51562558125 0.0058589140625 0.44970697656249997 0 0.44677674375 0.0039069765625 0.5200186046875 0 0.6665046515624999 0.007812403125000001 0.6752930234375001 0.0966790703125 0.5449209296874999 0.10839845 0.5478511625 0.1142573640625 0.53027441875 0.1445317828125 0.531737209375
4 0.7607426359375 0.25781162812499997 0.79882790625 0.2622069765625 0.79882790625 0.41748139531249995 0.8017581390625 0.4248046515625 0.804686821875 0.41748139531249995 0.8085937984375 0.23290930156249998 0.8144527125 0.2065418609375 0.7783209296875 0.1376953484375 0.727539534375 0.15527441875 0.670897675 0.14062558125 0.460937984375 0.265137209375 0.460937984375 0.47021395312500003 0.4667969 0.48193255781250005 0.462889921875 0.4965813953125 0.46777364375 0.5273441859375 0.4824217046875 0.49951162812499994 0.47460930156250003 0.47314418593749996 0.48437519375000004 0.46435581406250004 0.4863286828125 0.2944325578125 0.5712883718749999 0.26074186093749996 0.572265115625 0.46435581406250004 0.57812558125 0.49072325625 0.586914728125 0.48632790625 0.6113286828125 0.4965813953125 0.6152341078125 0.5581046515625 0.6279302328125 0.5976558140625 0.697265115625 0.6049813953125 0.70312558125 0.399902325 0.71777364375 0.3779302328125 0.7558589140625 0.37646511562499996 0.7607426359375 0.25781162812499997
4 0.7353519375 0.48339767499999997 0.7304682171875 0.48779302343750003 0.73437519375 0.587402325 0.7353519375 0.48339767499999997
4 0.710937984375 0.6284186046875 0.7207038765625 0.6167 0.7236325578125 0.591797675 0.7070310078125 0.5961906984375 0.710937984375 0.6284186046875
4 0.7539069765625 0.63427674375 0.7480465109375001 0.6840813953125 0.7558589140625 0.6899418609375 0.7529302328125 0.7001953484375 0.7617193796875 0.7016604656250001 0.7617193796875 0.6020511625 0.7451178296875 0.600586046875 0.7441410859375 0.6196279062500001 0.7539069765625 0.63427674375
4 0.7617193796875 0.5903325578125 0.7617193796875 0.484862790625 0.7451178296875 0.47753953437499996 0.742187596875 0.5815418609375 0.7617193796875 0.5903325578125
4 0.7246093015625 0.587402325 0.726562790625 0.48193255781250005 0.709961240625 0.46582092968750005 0.7070310078125 0.5815418609375 0.7246093015625 0.587402325
4 0.791015503125 0.66357441875 0.7792961234375 0.54052790625 0.7861333328125 0.5273441859375 0.804686821875 0.5229488375 0.8037116281250001 0.48632790625 0.7695317828125 0.49072325625 0.7695317828125 0.6958 0.773437209375 0.6958 0.773437209375 0.67822325625 0.7841798453125 0.68847674375 0.7832030999999999 0.672362790625 0.791015503125 0.66357441875
4 0.8398434109374999 0.774902325 0.8281255812499999 0.7631837203125 0.8115240312499999 0.6855465109375001 0.802734884375 0.6899418609375 0.7939457359375 0.71777441875 0.7832030999999999 0.7104488375 0.78222635625 0.697265115625 0.7753906984375 0.7016604656250001 0.7685550390625 0.773437209375 0.7597658921875 0.766113953125 0.758789146875 0.744139534375 0.7451178296875 0.7412116281250001 0.742187596875 0.7836906984375 0.7353519375 0.7851558140625 0.7294914734375 0.7705069765625 0.704102325 0.8232418609375 0.6826170546875 0.8349604656249999 0.6416015500000001 0.8349604656249999 0.6044914734375 0.820311628125 0.568359690625 0.7778325578125 0.5517581390624999 0.679688371875 0.4814449609375 0.6298837203125001 0.461914728125 0.62402325625 0.336914728125 0.6503906984375 0.3105472875 0.66357441875 0.3466790703125 0.7412116281250001 0.3798821703125 0.7382813953125 0.42382790625 0.7866209296875 0.429686821875 0.8159186046875 0.429686821875 0.9008790703124999 0.42187441875 0.91552790625 0.4179689921875 0.9741209296875001 0.4267581390625 0.9960930234375001 0.8535162796875 0.9975581390625001 0.85937519375 0.9917 0.85937519375 0.9536139531250001 0.8476558140625 0.8071279062500001 0.8398434109374999 0.774902325
