4 0 0.33557441875 0.0223317828125 0.3370302328125 0.039910078125 0.3516790703125 0.0535829453125 0.33410232500000003 0.065300775 0.33410232500000003 0.088737984375 0.36632790625 0.1028480625 0.3674418609375 0.10729612343749999 0.3674418609375 0.1092465109375 0.06896511562499999 0.182488371875 0.0235534890625 0.2098325578125 0.0176953484375 0.2155038765625 0.009188371875 0.2155038765625 0.0061930234374999995 0.2098325578125 0.00011627968749999999 0.198113178125 0.00597674375 0.01842635625 0.00011627968749999999 0.0125658921875 0.0089069765625 0.0008480625000000001 0.00011627968749999999 0 0.291362790625 0 0.33557441875
4 0.26471162812500004 0 0.261885271875 0.009893023437499999 0.263838759375 0.5343069765624999 0.2882527125 0.5504209296875 0.309736434375 0.5474906984375 0.3204790703125 0.5343069765624999 0.3204790703125 0.5167302328125001 0.31266666718749997 0.5079418609374999 0.3146201546875 0.4317697671875 0.327314728125 0.4156558140625 0.342939534375 0.43616279062499996 0.34977519375 0.42883953437500005 0.34977519375 0.335088371875 0.35661240312500003 0.31897674375 0.3634480625 0.3380186046875 0.3614945734375 0.42005116249999996 0.373213953125 0.443488371875 0.373213953125 0.3380186046875 0.38200310000000004 0.310186046875 0.388838759375 0.32923023281249997 0.388838759375 0.405402325 0.40446356562499997 0.43469767499999995 0.3966511625 0.537237209375 0.421065115625 0.544562790625 0.42399534843750003 0.5636046515625 0.3761426359375 0.568 0.3458697671875 0.5811837203125 0.36637674374999996 0.58557674375 0.37223720937500004 0.6002255812499999 0.4249705421875 0.5943674421875 0.4952837203125 0.606086046875 0.4923534890625 0.7891906984375 0.42301860468749997 0.8609674421875001 0.4171581390625 0.8785465109375 0.3058310078125 0.8433906984374999 0.29704186093749996 0.82727674375 0.29508837187500003 0.6339162796875 0.2989953484375 0.6192697671875 0.31266666718749997 0.6075511625 0.311689921875 0.5826488375000001 0.23747131718749998 0.591437209375 0.23161240312500003 0.606086046875 0.14176744218749998 0.6090139531250001 0.1407922484375 0.7013 0.1720418609375 0.707160465625 0.1720418609375 0.7423162796875 0.1642294578125 0.7686837203125 0.170088371875 0.7804023250000001 0.1573937984375 0.8258116281250001 0.108564340625 0.8433906984374999 0.1036821703125 0.803839534375 0.0958697671875 0.7979790703125 0.09098759687499999 0.77307674375 0.0480186046875 0.77307674375 0.044111628125 0.7877255812499999 0.036299225000000004 0.7877255812499999 0.0392294578125 0.7804023250000001 0.0343457359375 0.7760069765625001 0.026533332812499998 0.80237441875 0.0187209296875 0.7994441859375 0.012862015625 0.7818674421875 0.0001658921875 0.7891906984375 0.0001658921875 0.9930232562500001 0.1267782953125 0.9930232562500001 0.2218465109375 0.9195627906249999 0.2511426359375 0.91077209375 0.27848682187499996 0.91077209375 0.3683302328125 0.94592790625 0.39567441875 0.9371395343750001 0.4171581390625 0.9078441859374999 0.52067441875 0.94592790625 0.5426356593749999 0.9387674421875 0.5426356593749999 0.458237209375 0.5421596906249999 0 0.26471162812500004 0
4 0.2433286828125 0.457 0.248212403125 0.487762790625 0.256302325 0.50232558125 0.257364340625 0.50232558125 0.257364340625 0.2589441859375 0.1359069765625 0.199188371875 0.1349302328125 0.3119813953125 0.1739937984375 0.32663023281250003 0.1739937984375 0.47311395312500004 0.19450077500000001 0.4745790703125 0.20035969062499998 0.457 0.20817209375 0.457 0.21891472812499999 0.47311395312500004 0.221697675 0.50232558125 0.2231069765625 0.50232558125 0.23258759687500002 0.49069302343750004 0.2364930234375 0.458465115625 0.2433286828125 0.457
4 0.1346434109375 0.092688371875 0.1356201546875 0.193762790625 0.21179224843750002 0.2377069765625 0.2567426359375 0.253488371875 0.257364340625 0.253488371875 0.257364340625 0.039058139062500004 0.1346434109375 0.092688371875
4 0.547286821875 0.09335348906249999 0.5820558140625 0.168686046875 0.5840093015625001 0.233139534375 0.6215829453125 0.28372092968749996 0.6353969 0.28372092968749996 0.650415503125 0.28294418593750004 0.8564697671875001 0.2521813953125 0.858914728125 0.045560465625000005 0.858914728125 0.0046162796875000005 0.54787596875 0.0002302328125 0.547286821875 0.055883720312499996 0.547286821875 0.09335348906249999
4 0.6072325578125 0.34624651093750003 0.6072325578125 0.47222325625000006 0.5818418609375 0.4751534890625 0.579888371875 0.5249581390625 0.5828186046875 0.54107209375 0.603337984375 0.541860465625 0.6201550390625 0.541860465625 0.6201550390625 0.28359999999999996 0.58477209375 0.23052325625 0.579888371875 0.308160465625 0.6072325578125 0.34624651093750003
4 0.8569581390625001 0.9968209296874999 0.857364340625 0.8669441859375 0.857364340625 0.6850930234375 0.8491457359375 0.689202325 0.843285271875 0.7448674421875 0.828637209375 0.7551209296875 0.8208248062499999 0.7375441859375 0.8110589140625001 0.734613953125 0.60207441875 0.7053162796875 0.5923100781249999 0.74047209375 0.5835209296875 0.7272883718750001 0.579613953125 0.7683046515624999 0.546410853125 0.826897675 0.5493410859375001 0.9455511624999999 0.7037813953125001 0.99767441875 0.768714728125 0.99767441875 0.8569581390625001 0.9968209296874999
4 0.41341860468749997 0.9252767437499999 0.3909581390625 0.9589674421875 0.394863565625 0.99412558125 0.401964340625 0.99767441875 0.6629085265625 0.99767441875 0.69457364375 0.9970744187499999 0.69457364375 0.9966767437499999 0.5501379843749999 0.9457837203125001 0.526700775 0.9516441859375 0.42513798437499994 0.9194186046875 0.41341860468749997 0.9252767437499999
4 0 0.9953488374999999 0.1245193796875 0.9953488374999999 0.14037519375000002 0.9799581390625001 0.1364682171875 0.8657 0.16967286875 0.8334744187500001 0.1667426359375 0.7968534890625001 0.162835659375 0.8202906984375 0.1081488375 0.84372790625 0.10717209375 0.763162790625 0.1608837203125 0.738260465625 0.1677193796875 0.780739534375 0.17162480625 0.73972558125 0.163812403125 0.7250767437500001 0.1844961234375 0.6855906984375 0.1844961234375 0.683460465625 0.17748527187500002 0.6782 0.1813906984375 0.669411628125 0.17553178281249998 0.6635534890625 0.1833441859375 0.66062325625 0.1735782953125 0.654762790625 0.17260155 0.6093534890625001 0 0.6342186046875 0 0.9953488374999999
4 0.863913178125 0 0.860984496875 0.9945720937500001 0.8832821703124999 0.9953488374999999 0.9464031 0.9953488374999999 0.94887441875 0.9916418609375001 0.94692248125 0.26800930156249997 0.971336434375 0.2577534890625 0.9791488375 0.272402325 0.9984496125 0.2599953484375 0.9984496125 0.0013930234375 0.8692806203125001 0 0.863913178125 0
