4 0.8603502828125 0 0.875 0.10710196093749999 0.768553671875 0.1681058828125 0.7324209046875 0.10167843125 0.85937570625 0.0094901953125 0.66113276875 0 0.664062146875 0.036603921875 0.6933587578125 0.08540784375 0.7646497171875 0.18437647031249998 0.7929689265625 0.202 0.9990225984375 0.1165882359375 1 0.0013568625 0.8759774015625 0.010847059374999999 0.8603502828125 0
4 0.7792966109374999 0.2155568625 0.7753898312499999 0.6548039218749999 0.8457033890625001 0.6737803921875 0.8437514125 0.27520784374999996 0.9990225984375 0.21962352968749999 0.9990225984375 0.1220117640625 0.7792966109374999 0.2155568625
4 0.4824209046875 0.7985058828125 0.48437570625 0.733431371875 0.5087881359375 0.7293647062499999 0.51562429375 0.7144549015625 0.513672315625 0.603286275 0.58886723125 0.5965058828124999 0.60937570625 0.581596078125 0.6132824859375 0.5219450984375 0.5947259890625001 0.5205882359375 0.5937514125 0.5002509796875 0.57812429375 0.494831371875 0.581053671875 0.47720784375 0.5996101687500001 0.4731372546875 0.581053671875 0.46636078437500006 0.5507824859375 0.42162352968750005 0.5351553671875 0.353839215625 0.5410169484375 0.2616509796875 0.5654293781249999 0.21962352968749999 0.5927740109374999 0.2114901953125 0.6220706218750001 0.2304705875 0.648437853125 0.280631371875 0.6660169484375 0.3592588234375 0.638672315625 0.4595803921875 0.611327684375 0.4758509796875 0.638672315625 0.5002509796875 0.6230480218750001 0.5219450984375 0.6269519781249999 0.578882353125 0.70312429375 0.581596078125 0.7099604515625 0.7158078437500001 0.7695310734375 0.6602235296875001 0.7353502828125 0.6507372546875 0.7246101687500001 0.6141333328125 0.7490225984375 0.607352940625 0.7666016953125 0.6290431375 0.773437853125 0.6141333328125 0.7714830515625 0.47856078437500005 0.73437570625 0.4731372546875 0.737305084375 0.43653333281249995 0.762694915625 0.43653333281249995 0.768553671875 0.455513725 0.7714830515625 0.44602352968750003 0.7714830515625 0.3077450984375 0.737305084375 0.3118117640625 0.7226553671875 0.27520784374999996 0.729491525 0.249447059375 0.770508475 0.2575843140625 0.773437853125 0.2155568625 0.6679689265625 0.063717646875 0.6416016953125 0.0054235296874999995 0.4550790953125 0.0067803921875000004 0.4570310734375 0.32130196093749996 0.4697259890625 0.3470588234375 0.4833983046875 0.3470588234375 0.487305084375 0.32807843124999997 0.512694915625 0.3470588234375 0.5312514125 0.40264313749999997 0.51562429375 0.413486275 0.512694915625 0.47720784375 0.45898305156249997 0.47856078437500005 0.4550790953125 0.9367882359375 0.46679661093749997 0.9367882359375 0.51562429375 0.8879843140625001 0.513672315625 0.7849490203125 0.49902259843749996 0.8052862749999999 0.4824209046875 0.7985058828125
4 0.0839830515625 0.9964392156249999 0.0898446328125 0.0067803921875000004 0.0009774015625 0 0 0.9964392156249999 0.0839830515625 0.9964392156249999
4 0.6884774015625 0.7483450984375 0.67187570625 0.77139215625 0.6933587578125 0.782239215625 0.6884774015625 0.7483450984375
4 0.5595706218750001 0.8730705875 0.5332033890625001 0.8906941171874999 0.5566412421875 0.920517646875 0.5595706218750001 0.8730705875
4 0.576172315625 0.91780784375 0.6855480218750001 0.8012196078124999 0.65136723125 0.7863058828125 0.575194915625 0.8540901953125 0.576172315625 0.91780784375
4 0.7050790953125 0.7361450984375 0.7050790953125 0.7985058828125 0.6943361578125 0.8161294124999999 0.5693361578125 0.9517019609374999 0.5146497171875 0.9028941171874999 0.40429661093749997 0.993725490625 0.435548021875 0.9991490203125 0.9990225984375 0.9977960781249999 1 0.7225882359375 0.77636723125 0.6724274515625 0.7050790953125 0.7361450984375
4 0.6679689265625 0.7605450984375 0.695313559375 0.73072156875 0.6845706218750001 0.6019294125 0.6601553671875 0.6222666671875 0.6679689265625 0.7605450984375
4 0.523437853125 0.8581568624999999 0.5332033890625001 0.8744274515624999 0.5605480218750001 0.8500235296875 0.5605480218750001 0.6358235296875 0.52636723125 0.6236196078125 0.523437853125 0.8581568624999999
4 0.576172315625 0.8364666671875 0.6523446328125 0.77139215625 0.6494152546875 0.6100627453125 0.5683587578125 0.6385333328125 0.576172315625 0.8364666671875
