4 0 0.0013568625 0.0009774015625 0.2006431375 0.382813559375 0.29960784375 0.5771497171875 0.2060666671875 0.5957033890625001 0.177596078125 0.36230508437500003 0 0 0.0013568625
4 0.15722598906250002 0.50160784375 0.1835932203125 0.467717646875 0.1708983046875 0.4094196078125 0.23437570624999998 0.413486275 0.236327684375 0.37823921562499996 0.215819209375 0.3687490203125 0.20898305156250002 0.34299215625 0.257813559375 0.280631371875 0.0009774015625 0.2087764703125 0 0.50296470625 0.0625 0.50296470625 0.08886723125 0.50160784375 0.10058474531249999 0.452803921875 0.1240225984375 0.50160784375 0.15722598906250002 0.50160784375
4 0.2792966109375 0.755125490625 0.3027344625 0.7605450984375 0.31445197812500003 0.709031371875 0.2900395484375 0.6724274515625 0.2773446328125 0.681917646875 0.2792966109375 0.755125490625
4 0.541991525 0.653447059375 0.534180790625 0.69140784375 0.479491525 0.69140784375 0.4267570625 0.6642941171875 0.414062146875 0.692760784375 0.4208983046875 0.7754588234375 0.4023446328125 0.706317646875 0.3867175140625 0.709031371875 0.3916016953125 0.829686275 0.37304802187499997 0.71716470625 0.3535169484375 0.7144549015625 0.34863276875000004 0.767325490625 0.3271497171875 0.721231371875 0.3183587578125 0.7985058828125 0.3037118640625 0.8215529406250001 0.26269491562499997 0.8459568624999999 0.2207033890625 0.8391764703125 0.22363276875000002 0.9354313718749999 0.21288983125 0.9286549015625001 0.1972655375 0.7903725484375 0.1806638421875 0.7863058828125 0.164062146875 0.795796078125 0.15331920937500002 0.859513725 0.148437853125 0.7985058828125 0.11718644062500001 0.806639215625 0.0898446328125 0.9449215687500001 0.0771497171875 0.9571215687500001 0.09961016875 0.7985058828125 0.076172315625 0.8256196078125001 0.0800790953125 0.7849490203125 0.06738418125 0.7347882359375 0 0.7524117640625 0.0009774015625 0.9977960781249999 0.3007824859375 0.9964392156249999 0.612305084375 0.7646156859375 0.601562146875 0.7442784312499999 0.6035169484375 0.6304000000000001 0.541991525 0.653447059375
4 0.3164067796875 0.993725490625 1 0.9964392156249999 0.9990225984375 0.881203921875 0.6943361578125 0.7591921562499999 0.6259774015625 0.7619019609375 0.3164067796875 0.993725490625
4 0.15722598906250002 0.50160784375 0.1835932203125 0.465003921875 0.166991525 0.4121333328125 0.23437570624999998 0.413486275 0.236327684375 0.37823921562499996 0.215819209375 0.3687490203125 0.20898305156250002 0.34027843125 0.257813559375 0.2833411765625 0.0009774015625 0.2087764703125 0 0.50296470625 0.0527344625 0.50296470625 0.08886723125 0.50160784375 0.10058474531249999 0.4500901953125 0.1240225984375 0.50160784375 0.15722598906250002 0.50160784375
4 1 0.6629372546875001 0.9697259890625001 0.6561568624999999 0.9599604515625 0.6182000000000001 0.9111327687499999 0.6154862750000001 0.9082033890625001 0.6493803921875 0.8505847453125 0.7402117640625 0.695313559375 0.695474509375 0.7041016953125 0.7591921562499999 1 0.8744274515624999 1 0.6629372546875001
4 0.596680790625 0.18437647031249998 0.583008475 0.2060666671875 0.40429661093749997 0.3077450984375 0.40918079062499996 0.393152940625 0.42285028281250003 0.35519215625 0.4824209046875 0.34299215625 0.4824209046875 0.51380784375 0.42285028281250003 0.5124549015625 0.40918079062499996 0.4284 0.40625141249999996 0.581596078125 0.450194915625 0.5775294125 0.5097655375000001 0.5978627453125 0.5097655375000001 0.305031371875 0.604491525 0.2602941171875 0.6054689265625 0.191152940625 0.596680790625 0.18437647031249998
4 0.62988418125 0 0.54687570625 0.0013568625 0.6777344624999999 0.1342156859375 0.914062146875 0.0013568625 0.7666016953125 0 0.6806638421875 0.056941176562499994 0.62988418125 0
4 0.757813559375 0.0013568625 0.632813559375 0.0013568625 0.679686440625 0.055584314062499994 0.757813559375 0.0013568625
4 1 0.0203372546875 0.6982429375 0.16268235312499998 0.6972655375000001 0.3348588234375 0.7460932203125 0.34027843125 0.7568361578125 0.325368628125 0.7744152546875 0.338925490625 0.9990225984375 0.3063882359375 1 0.0203372546875
4 0.5371101687500001 0.31316470625 0.5371101687500001 0.41890980468750005 0.5605480218750001 0.4324666671875 0.5625 0.3565490203125 0.6054689265625 0.3592588234375 0.6025395484375 0.290117646875 0.5371101687500001 0.31316470625
4 0.695313559375 0.353839215625 0.695313559375 0.565325490625 0.7167966109374999 0.565325490625 0.7255847453125 0.5260117640625 0.7675790953125 0.519231371875 0.762694915625 0.34163529375 0.695313559375 0.353839215625
