4 0.2666666671875 0.1591511625 0.158759690625 0.006039534375 0.080635659375 0.0001813953125 0.0738 0.007504651562500001 0.0738 0.622739534375 0.0767286828125 0.630062790625 0.13532248125 0.6417813953125 0.167137984375 0.6837209296875 0.16887286875000002 0.6837209296875 0.17829147343750001 0.6798674421875 0.206612403125 0.6403162796874999 0.208564340625 0.47039534843749997 0.26520620156249997 0.46746511562500004 0.2666666671875 0.2373511625 0.2666666671875 0.1591511625
4 0.8325581390625001 0.000765115625 0.163860465625 0.000765115625 0.258587596875 0.1428534890625 0.27276744218750004 0.153488371875 0.6089209296875 0.153488371875 0.726361240625 0.1531069765625 0.8325581390625001 0.002502325 0.8325581390625001 0.000765115625
4 0.73297209375 0.5374255812500001 0.725159690625 0.5667209296875 0.8081674421875 0.6033441859375 0.8157488374999999 0.648837209375 0.8574046515625 0.648837209375 0.8599240312499999 0.6487534890625 0.8666666671875 0.6436976750000001 0.8666666671875 0.5021186046875 0.805237209375 0.49347907031249993 0.8071906984374999 0.2532465109375 0.79840155 0.240062790625 0.7935178296875 0.2766837203125 0.7935178296875 0.4964093015625 0.740784496875 0.49347907031249993 0.740784496875 0.262034884375 0.7446899218749999 0.2444558140625 0.76617519375 0.215160465625 0.7319953484374999 0.2049046515625 0.7271116281250001 0.20929999999999999 0.73297209375 0.2737534890625 0.73492403125 0.47297209375 0.73297209375 0.5374255812500001
4 0.9169085265625 0.66247209375 0.934486821875 0.7152069765625 0.9955038765625 0.7302325578125 0.9984496125 0.7302325578125 0.9984496125 0.62682325625 0.9823379843750001 0.6053418609375 0.9764790703124999 0.584834884375 0.9901503875 0.5526093015625 0.9842914734375 0.523311628125 0.9984496125 0.5153488375 0.9984496125 0.001813953125 0.840736434375 0.000362790625 0.730386046875 0.1571 0.7284325578125 0.17760930156250002 0.733314728125 0.187862790625 0.7919085265625 0.20251162812499998 0.80362790625 0.2230186046875 0.8085100781250001 0.1834674421875 0.8153457359375 0.17321395312500001 0.8719875968749999 0.1175488375 0.886635659375 0.11608604687499999 0.886635659375 0.4969441859375 0.8788232562499999 0.5057325578125 0.8788232562499999 0.649288371875 0.9169085265625 0.66247209375
4 0.6834837203124999 0.19767441875 0.694635659375 0.19767441875 0.725438759375 0.18787441875 0.7271317828125 0.173486046875 0.7271317828125 0.16292790625 0.68637674375 0.1615069765625 0.6834837203124999 0.19767441875
4 0.7301503874999999 0.5728674421875 0.7348837203125 0.504239534375 0.7348837203125 0.4076488375 0.7321038765625001 0.20958604687500001 0.7135488375000001 0.20519069843749999 0.68132248125 0.227165115625 0.6832759687500001 0.552360465625 0.7194093015624999 0.5743325578125 0.7301503874999999 0.5728674421875
4 0.9033054265624999 0.9930232562500001 0.9131782953125 0.9930232562500001 0.9131782953125 0.95602325625 0.89299845 0.937286046875 0.8920217046875001 0.9914837203125 0.9033054265624999 0.9930232562500001
4 0.49126821718749997 0.805365115625 0.4756434109375 0.773137209375 0.393612403125 0.773137209375 0.3750573640625 0.7951093015625 0.36626821718749997 0.8288023250000001 0.361386046875 0.827337209375 0.3652914734375 0.7775325578125 0.3604093015625 0.7702069765624999 0.33697209375 0.7614186046875 0.317440309375 0.740911628125 0.3057209296875 0.7438418609374999 0.29302635625 0.7892511625 0.30279224843749997 0.9122976749999999 0.2959565890625 0.9372 0.2861906984375 0.9342697671875 0.27935503906250003 0.91522790625 0.2754480625 0.827337209375 0.26568217031249997 0.8244069765625 0.2715426359375 0.8156186046875 0.26665891406250003 0.805365115625 0.2588465109375 0.805365115625 0.2490806203125 0.8317325578125001 0.2354093015625 0.8082930234375001 0.22173643437499999 0.8112232562499999 0.21880775156249999 0.8771418609375001 0.21197209374999998 0.8844651156250001 0.2012294578125 0.883 0.19927596875 0.8244069765625 0.1797457359375 0.8331953484374999 0.1631441859375 0.966497675 0.144589146875 0.9650325578125001 0.1494713171875 0.86102790625 0.1162682171875 0.8903255812499999 0.0996666671875 0.935734884375 0.0996666671875 0.9914 0.1071969 0.99767441875 0.4561069765625 0.99767441875 0.5938077515625 0.9972581390625 0.60357364375 0.9826093015625 0.6152914734375 0.8976488375 0.5918542640625 0.883 0.58892403125 0.8434511625000001 0.5615813953125001 0.8434511625000001 0.5488852718749999 0.8331953484374999 0.5371674421875 0.74237674375 0.550838759375 0.72772790625 0.5381441859375 0.7233325578125 0.5000573640625 0.72772790625 0.5156821703125 0.751165115625 0.4902914734375 0.77167209375 0.49126821718749997 0.805365115625
4 0.10017054218749999 0.7118465109375001 0.101136434375 0.8813953484375 0.10143565937500001 0.8813953484375 0.1162790703125 0.786765115625 0.1162790703125 0.77992790625 0.11091317812499998 0.7396790703125 0.10017054218749999 0.7118465109375001
4 0.155038759375 0.8175488375000001 0.1510914734375 0.81162790625 0.1506589140625 0.81162790625 0.1246806203125 0.8159581390625 0.1110527125 0.8860465109375 0.117085271875 0.8860465109375 0.15397674374999998 0.8481837203125 0.155038759375 0.832262790625 0.155038759375 0.8175488375000001
