4 1 0.0013568625 0.273437853125 0.0013568625 0.37597740156250004 0.12743529375 0.8164067796875001 0.1315019609375 0.8583983046875 0.089474509375 0.9013672312500001 0.08405490156249999 0.9619152546875 0.0216901953125 1 0.0013568625
4 0.0009774015625 0.037960784375 0.065429378125 0.078631371875 0.23437570624999998 0.08540784375 0.2460932203125 0.063717646875 0.24511581875 0 0 0.0013568625 0.0009774015625 0.037960784375
4 0.083008475 0.1545490203125 0.24511581875 0.1572627453125 0.24511581875 0.0054235296874999995 0.2324209046875 0.07456470625 0.215819209375 0.08134117656249999 0.0615225984375 0.078631371875 0 0.0420274515625 0.001951978125 0.7442784312499999 0.01562429375 0.7361450984375 0.0214830515625 0.11523529375 0.0380847453125 0.11116862812499999 0.083008475 0.1545490203125
4 0.8173841812499999 0.13828235312499998 0.45214971718749997 0.13556862812499998 0.372070621875 0.1328588234375 0.3300790953125 0.077274509375 0.333008475 0.7022509796875 0.33788983125 0.5734588234375 0.41113276875000004 0.52872156875 0.418946328125 0.48534117656250003 0.4570310734375 0.4839843140625 0.456053671875 0.216913725 0.57812429375 0.22098039218749999 0.57812429375 0.4758509796875 0.5625 0.4839843140625 0.590819209375 0.50432156875 0.64062429375 0.4866941171875 0.6210932203125 0.465003921875 0.6230480218750001 0.22098039218749999 0.7412118640625 0.216913725 0.7460932203125 0.4758509796875 0.7724604515625 0.48262745156250003 0.7880847453125 0.52872156875 0.8574209046875 0.568039215625 0.8574209046875 0.6981843140625 0.882813559375 0.7117411765625 0.89062429375 0.695474509375 0.8916016953125 0.0921882359375 0.8603502828125 0.0921882359375 0.8173841812499999 0.13828235312499998
4 0.7353502828125 0.50160784375 0.7802740109374999 0.4880509796875 0.7812514125 0.4595803921875 0.7949209046875 0.45144705937499996 0.7832033890625001 0.440603921875 0.7949209046875 0.4324666671875 0.7832033890625001 0.41890980468750005 0.7949209046875 0.405352940625 0.7832033890625001 0.3945098046875 0.7949209046875 0.3863725484375 0.7666016953125 0.37688235312499996 0.757813559375 0.3863725484375 0.76562429375 0.3999294125 0.7529293781249999 0.401286275 0.7480480218750001 0.3701058828125 0.7412118640625 0.4717843140625 0.6259774015625 0.4717843140625 0.6230480218750001 0.22098039218749999 0.6552740109374999 0.216913725 0.6582033890625001 0.1965764703125 0.673827684375 0.191152940625 0.673827684375 0.14234902031250002 0.6816412421875 0.13963529375 0.46581920937500004 0.13828235312499998 0.45312429375 0.1559058828125 0.4541016953125 0.216913725 0.57812429375 0.22098039218749999 0.57812429375 0.465003921875 0.4599604515625 0.4717843140625 0.450194915625 0.37959607812499996 0.44726553750000003 0.41890980468750005 0.43164124218750005 0.4270431375 0.41601694843750003 0.4731372546875 0.458008475 0.50160784375 0.5712881359375 0.49076470624999996 0.6054689265625 0.5083882359375 0.6279293781249999 0.49076470624999996 0.6708983046875 0.50160784375 0.7041016953125 0.4880509796875 0.7353502828125 0.50160784375
4 0.6210932203125 0.9069607843749999 0.7675790953125 0.9503450984375 0.7666016953125 0.77003529375 0.7519519781249999 0.7849490203125 0.7490225984375 0.8703568625000001 0.6210932203125 0.9069607843749999
4 0.393553671875 0.7727490203125 0.3789067796875 0.8039294124999999 0.3789067796875 0.9476313718749999 0.388672315625 0.95847843125 0.5351553671875 0.9123843140625001 0.40918079062499996 0.8784941171874999 0.40625141249999996 0.793082353125 0.393553671875 0.7727490203125
4 0.42187570625 0.7741019609374999 0.4267570625 0.8622235296874999 0.5839830515625 0.8988274515624999 0.7333983046875 0.8568 0.7382824859375 0.77139215625 0.6572259890625001 0.7619019609375 0.42187570625 0.7741019609374999
4 1 0.8147764703125 0.9697259890625001 0.8161294124999999 0.8896497171875 0.7320784312499999 0.8642570624999999 0.7320784312499999 0.854491525 0.77003529375 0.7978502828125 0.7727490203125 0.789062146875 0.7849490203125 0.7822259890625001 0.97067843125 0.5771497171875 0.9191647062499999 0.37011581875 0.9761019609374999 0.3652344625 0.7768156859375 0.33886723124999996 0.7727490203125 0.331053671875 0.7402117640625 0.2724604515625 0.8161294124999999 0.24511581875 0.8134196078124999 0.2412118640625 0.6317568625 0.1240225984375 0.6995411765624999 0.08788983125 0.77139215625 0.0839830515625 0.8039294124999999 0.0322259890625 0.8459568624999999 0.01562429375 0.8446 0.013672315625 0.7741019609374999 0 0.779525490625 0.0009774015625 0.9977960781249999 1 0.9964392156249999 1 0.8147764703125
4 0.2070310734375 0.23182352968750003 0.210937853125 0.6249764703125 0.2460932203125 0.603286275 0.2460932203125 0.191152940625 0.143553671875 0.189796078125 0.2070310734375 0.23182352968750003
