4 0.6531255812500001 0 0.5946310078125 0.038020929687499996 0.5897488375 0.0512046515625 0.5877953484375 0.268002325 0.6180682171874999 0.2636069765625 0.6356465109375 0.2723953484375 0.6405302328125 0.2826511625 0.6385767437500001 0.31487674375 0.644789146875 0.3186046515625 0.6578310078125 0.3186046515625 0.8504899218749999 0.27532558125 0.9364341078124999 0.0044581390625 0.9364341078124999 0.0013953484375 0.6657674421875 0 0.6531255812500001 0
4 0.148837209375 0.0015209296875 0.2837441859375 0.10697674374999999 0.289759690625 0.10697674374999999 0.38604651093750003 0.0021953484375 0.38604651093750003 0.001313953125 0.148837209375 0.001313953125 0.148837209375 0.0015209296875
4 0.7208480625 0.5436093015625 0.7091302328125 0.5318906984375 0.7091302328125 0.5055232562499999 0.75112248125 0.5011302328125 0.7540511624999999 0.5348209296875 0.7403798453125 0.5406813953125 0.7442868218750001 0.5875558140625 0.7892077515625 0.605134884375 0.78627751875 0.6183162796875 0.775536434375 0.622711628125 0.7726062015624999 0.65347441875 0.7638170546875 0.6168534890624999 0.7638170546875 0.67837674375 0.8299829453124999 0.6976744187499999 0.834162790625 0.6976744187499999 0.8360821703125 0.6256418609375001 0.84780155 0.6109930234375 0.849612403125 0.559388371875 0.849612403125 0.5149581390625 0.8487798453125001 0.2790697671875 0.846310078125 0.2790697671875 0.588035659375 0.34146279062499996 0.5909658921875 0.45425581406250004 0.6124496125000001 0.45425581406250004 0.62612248125 0.4483953484375 0.62807441875 0.4396069765625 0.637840309375 0.44546511562499996 0.6456527125 0.43667674375 0.6866682171875 0.44546511562499996 0.6935054265625 0.4586488375 0.6954573640625 0.5641186046875 0.7022945734375 0.5860906984375001 0.7179193796875001 0.583160465625 0.7208480625 0.5670488375 0.7208480625 0.5436093015625
4 0.8610480624999999 0.561562790625 0.8649550390625 0.29496279062499997 0.9001116281250001 0.2129302328125 0.9023255812500001 0.140965115625 0.9023255812500001 0.11992558125 0.853235659375 0.27152325624999996 0.8493302328125001 0.48539069843749993 0.8532093015625 0.5813953484375001 0.8534930234375 0.5813953484375001 0.8610480624999999 0.561562790625
4 0.896437209375 0.516562790625 0.89767441875 0.38844883750000003 0.89767441875 0.2176162796875 0.865186046875 0.29976511562499997 0.8632341078125 0.578086046875 0.8756186046875 0.5860465109375 0.8768434109375001 0.5860465109375 0.8749519375 0.5605069765625 0.896437209375 0.516562790625
4 0.5824992250000001 0.77437441875 0.58347286875 0.99767441875 0.753911628125 0.99767441875 0.887186046875 0.9970325578124999 0.8883720937499999 0.9116790703125 0.8883720937499999 0.8543348843749999 0.8793736437499999 0.8300395343750001 0.8520310078125 0.8007418609375 0.83347596875 0.7055279062500001 0.763162790625 0.6908790703125 0.7553503874999999 0.7113860468750001 0.747537984375 0.6762302328125 0.714334884375 0.664511628125 0.700663565625 0.6938093015625 0.69382790625 0.689413953125 0.6928511625 0.6733 0.6869906984374999 0.6762302328125 0.6244914734375 0.7846302328125 0.5912883718749999 0.7670511624999999 0.5824992250000001 0.77437441875
4 0.1162790703125 0.9920418609375 0.1162790703125 0.954137209375 0.1159813953125 0.937588371875 0.0232077515625 0.9917860468749999 0.1013317828125 0.9976465109375001 0.1162790703125 0.9920418609375
4 0.31226821718750003 0.99767441875 0.33759379843750004 0.997365115625 0.3798449609375 0.95127441875 0.3798449609375 0.926302325 0.28388217031249996 0.8259790703125001 0.22724186093749998 0.85527674375 0.2135705421875 0.878713953125 0.2038046515625 0.8757837203125 0.15693023281250001 0.9050813953124999 0.15497674374999998 0.9138697671875 0.1422806203125 0.9153348843750001 0.14521085312499998 0.9929720937500001 0.1844062015625 0.99767441875 0.1963519375 0.99767441875 0.20868837187499997 0.9915069765625001 0.2135705421875 0.8845720937499999 0.21743720937500002 0.99767441875 0.31226821718750003 0.99767441875
4 0.1302325578125 0.072734884375 0.093086821875 0.07702092968749999 0.0657426359375 0.0682302328125 0.001289921875 0.015497674999999999 0.000313178125 0.80797674375 0.013984496874999999 0.8284837203125001 0.02179845 0.860711628125 0.013984496874999999 0.9310232562499999 0.000313178125 0.9632511625 0.000313178125 0.990697675 0.013262015625000002 0.990697675 0.11847751875000001 0.9295581390625 0.125313178125 0.91637441875 0.1302325578125 0.20800697656249997 0.1302325578125 0.072734884375
4 0.378237209375 0.0115162796875 0.2883937984375 0.11405581406250001 0.2258930234375 0.0671813953125 0.20831472812500001 0.0290953484375 0.190736434375 0.034953489062499996 0.1477689921875 0.008586046875 0.13897984531250002 0.9065372093749999 0.143862015625 0.9109302328125001 0.28448682187499996 0.8201093015625001 0.37784806249999997 0.9139534890625001 0.37923100781249997 0.9139534890625001 0.390697675 0.025304651562500002 0.390697675 0.007202325 0.378237209375 0.0115162796875
4 0.39721395312499996 0.5634790703125 0.395260465625 0.616213953125 0.40014263593750005 0.623537209375 0.5117922484374999 0.658139534375 0.5178294578125 0.658139534375 0.5178294578125 0.5822953484375 0.39721395312499996 0.5634790703125
4 0.51567751875 0.8674418609375 0.5176170546875001 0.8034000000000001 0.512734884375 0.7902162796875001 0.3945705421875 0.7242976750000001 0.39261705468749997 0.779962790625 0.39750077500000003 0.7902162796875001 0.515038759375 0.8674418609375 0.51567751875 0.8674418609375
4 0.42539689999999997 1 0.3819038765625 0.9526418609375 0.341865115625 0.9980511625 0.40889767499999996 1 0.42539689999999997 1
