4 0 0.156737209375 0.0185550390625 0.21972558125 0.086914728125 0.243165115625 0.0917969 0.27392558125 0.0986325578125 0.2812511625 0.26660154999999996 0.32812558125 0.2841798453125 0.32812558125 0.291015503125 0.3090813953125 0.28515658906249997 0.28564418593749996 0.3154294578125 0.2548837203125 0.3105472875 0.27392558125 0.29687441875 0.28564418593749996 0.29492248125 0.3061534890625 0.31152403125 0.3398441859375 0.4326170546875 0.3779302328125 0.458984496875 0.37646511562499996 0.46582015468750004 0.375 0.47070387656249996 0.35888604687500003 0.46777364375 0.164062790625 0.4814449609375 0.164062790625 0.4824217046875 0.186034884375 0.50097674375 0.19628837187499998 0.5146480625 0.1904302328125 0.5214837203125 0.171386046875 0.53027286875 0.1669930234375 0.5351565890625001 0.20947209375 0.5478511625 0.21386744218749998 0.68847596875 0.131834884375 0.6982418609375001 0.117188371875 0.7158201546875 0.1142581390625 0.8720697671875 0.023437209375 0.8886713171875 0.0043953484375 0 0.001465115625 0 0.156737209375
4 0.9130852718750001 0 0.7158201546875 0.117188371875 0.7148434109374999 0.139160465625 0.7324217046875 0.2065418609375 0.7441410859375 0.19482325625000002 0.7460930234375 0.2944325578125 0.7392573640625 0.30175813906250004 0.7060542640625 0.15234418593750002 0.6962883718749999 0.15234418593750002 0.6904294578125 0.131834884375 0.6425782953125 0.16552790625 0.687500775 0.46728604687499997 0.709961240625 0.47167907031249995 0.7216790703125 0.509765115625 0.7294914734375 0.50097674375 0.7685550390625 0.50097674375 0.772460465625 0.5185558140625 0.805663565625 0.5214837203125 0.8085937984375 0.5698232562500001 0.8164062015625 0.5756837203125 0.82617209375 0.537597675 0.822265115625 0.5170906984375 0.8388666671875 0.51562558125 0.8457038765625 0.49951162812499994 0.8476558140625 0.3647465109375 0.8574217046875001 0.25927674375 0.9658201546875 0.225586046875 0.976562790625 0.2153325578125 0.9736325578124999 0 0.9130852718750001 0
4 0.5644527125 0.212402325 0.5712883718749999 0.22265581406249998 0.6269534890624999 0.28564418593749996 0.6269534890624999 0.3149418609375 0.633789146875 0.32812558125 0.647460465625 0.32812558125 0.6542961234375 0.3383790703125 0.6562496125 0.3647465109375 0.67187441875 0.37353488437500004 0.6425782953125 0.1684581390625 0.6357426359375 0.164062790625 0.5673829453125 0.2050790703125 0.5644527125 0.212402325
4 0.48437519375000004 0.37646511562499996 0.4902341078125 0.37646511562499996 0.4892573640625 0.2285162796875 0.4824217046875 0.235839534375 0.4824217046875 0.35888604687500003 0.48437519375000004 0.37646511562499996
4 0.522460465625 0.20800697656249997 0.49609302343749995 0.22412092968750003 0.4980465109375 0.37353488437500004 0.5039069765625 0.37353488437500004 0.5205085265625 0.36621162812499997 0.524413953125 0.3720697671875 0.5273441859375 0.3618162796875 0.522460465625 0.20800697656249997
4 0.5537116281250001 0.21386744218749998 0.5341798453125 0.22265581406249998 0.5312496125 0.24169999999999997 0.537110078125 0.36767674375000003 0.6347658921875 0.3325186046875 0.62402325625 0.31347674375 0.5576170546875 0.2548837203125 0.5537116281250001 0.21386744218749998
4 0.92382790625 0.7368162796875 0.9228511625 0.6621093015625 0.8857426359374999 0.665039534375 0.8798821703125 0.6533209296875 0.8740232562499999 0.6855465109375001 0.8330077515625 0.697265115625 0.795897675 0.679688371875 0.7773441859375 0.657713953125 0.774413953125 0.63867209375 0.75097674375 0.6357418609375001 0.7402341078125 0.672362790625 0.7138666671875 0.6855465109375001 0.712889921875 0.6928720937499999 0.7226558140625 0.6987302328125 0.7080077515625 0.7001953484375 0.6914062015625 0.7426767437499999 0.687500775 0.874511628125 0.677734884375 0.9243162796875 0.6728511625 0.9316395343749999 0.65722635625 0.9257813953125 0.6562496125 0.95947209375 0.6513674421875 0.9638674421875001 0.6464837203125 0.91552790625 0.6132806203125 0.8950186046875 0.6132806203125 0.9946279062500001 0.6220697671875 0.9990232562499999 0.9667969 0.9975581390625001 0.9726558140625 0.9565418609374999 0.9726558140625 0.7690418609375 0.9326170546875 0.75 0.92382790625 0.7368162796875
4 0.5654294578125 0.8935558140625 0.562500775 0.8803720937499999 0.5419922484375 0.858397675 0.537110078125 0.859862790625 0.537110078125 0.9829093015625 0.5292961234375 0.9829093015625 0.522460465625 0.773437209375 0.4804682171875 0.8042 0.4824217046875 0.9243162796875 0.47753953437499996 0.9287116281250001 0.4726558140625 0.912597675 0.46972713125 0.79687441875 0.4501953484375 0.7998046515625 0.446288371875 0.788086046875 0.437500775 0.7866209296875 0.437500775 0.874511628125 0.4326170546875 0.8789069765624999 0.4248046515625 0.75 0.4189457359375 0.75 0.41113333281250003 0.7705069765625 0.40429612343750004 0.766113953125 0.4023441859375 0.8393558140625 0.397460465625 0.8437511625 0.3925782953125 0.7778325578125 0.3779302328125 0.773437209375 0.37304651093749996 0.8042 0.366210853125 0.8085930234375001 0.35839845000000004 0.7617186046875 0.305663565625 0.7148441859375 0.2929689921875 0.7133790703125 0.288085271875 0.670897675 0.23339845 0.68847674375 0.1289069765625 0.7456046515625 0.15429612343750002 0.8862302328125 0.15820309999999999 0.9799813953125 0.165038759375 0.9990232562499999 0.5917969000000001 0.9975581390625001 0.601562790625 0.9946279062500001 0.601562790625 0.8979488375000001 0.5751953484375 0.884765115625 0.5654294578125 0.8935558140625
4 0.2939457359375 0.47167907031249995 0.28320310000000004 0.47314418593749996 0.288085271875 0.4892581390625 0.2714837203125 0.4965813953125 0.2636713171875 0.6167 0.2539069765625 0.6108395343749999 0.2460930234375 0.452637209375 0.258789146875 0.4248046515625 0.26660154999999996 0.4248046515625 0.288085271875 0.45410232500000003 0.32128837187500003 0.44531162812499997 0.40527286875 0.45117209375 0.4101565890625 0.46435581406250004 0.4082031 0.5581046515625 0.430663565625 0.5654302328125 0.446288371875 0.585937209375 0.45117209375 0.578613953125 0.45117209375 0.4409186046875 0.4492186046875 0.4145511625 0.437500775 0.3881837203125 0.09472713125 0.2841790703125 0.0917969 0.35302790625 0.0966790703125 0.38378837187500003 0.102539534375 0.375 0.12402325624999999 0.375 0.18652403125 0.3867186046875 0.193359690625 0.41748139531249995 0.195313178125 0.54052790625 0.1845705421875 0.5507813953125 0.10839845 0.556639534375 0.101562790625 0.546386046875 0.0957038765625 0.39697209375 0.0976558140625 0.5903325578125 0.1230465109375 0.725097675 0.1386713171875 0.72802790625 0.291015503125 0.657713953125 0.291015503125 0.5639651156250001 0.30468682187499996 0.5493162796875 0.2939457359375 0.47167907031249995
4 0.4560542640625 0.40722558124999997 0.4492186046875 0.4145511625 0.45117209375 0.58447209375 0.4667969 0.5903325578125 0.4726558140625 0.5815418609375 0.47460930156250003 0.42626976718750004 0.46777364375 0.40722558124999997 0.4560542640625 0.40722558124999997
4 0.6191410859375 0.3647465109375 0.617187596875 0.3940418609375 0.6152341078125 0.6167 0.6230465109375001 0.6167 0.64062480625 0.6108395343749999 0.64062480625 0.36767674375000003 0.633789146875 0.3603511625 0.6191410859375 0.3647465109375
