4 0.874012403125 0.0324488375 0.90852713125 0.003065115625 0.90852713125 0.0016837203125 0.041981395312499996 0.0002209296875 0.037099225 0.007546510937500001 0.04002790625 0.047095348437500004 0.0829969 0.061744185937499994 0.10252868281250001 0.08225348906249999 0.45799690000000004 0.23166744218750002 0.48045891406249996 0.2331325578125 0.48729457343749993 0.1847906984375 0.514637209375 0.1847906984375 0.52147441875 0.1950465109375 0.5175674421875 0.23020232499999999 0.5250263562499999 0.24418604687499998 0.5264697671875 0.24418604687499998 0.874012403125 0.0324488375
4 0.0272031 0.27953488437499996 0.03892248125 0.282465115625 0.04282790625 0.48461395312500005 0.047710078125 0.49193720937499996 0.056499225 0.4875441859375 0.05259379843749999 0.44652790624999994 0.059429457812499996 0.4245558140625 0.080913178125 0.398188371875 0.10239845 0.398188371875 0.1297426359375 0.3542418609375 0.1453674421875 0.3483837203125 0.15610852656250002 0.36449534843750003 0.15610852656250002 0.41723023281250005 0.1395069765625 0.43041395312499997 0.11606976718749999 0.42162558125 0.11118759687499999 0.4289488375 0.11509302343750001 0.46410465156249997 0.1053286828125 0.49340232500000003 0.0936093015625 0.5051209296875 0.0936093015625 0.5197697671875 0.11509302343750001 0.5578558140625 0.11997674375 0.5651790703125 0.190288371875 0.5651790703125 0.198100775 0.5974069765625 0.24693023281249998 0.6061953484375 0.25767131718749997 0.5959418609375 0.26743720937500004 0.5168395343750001 0.2781798453125 0.5065860468750001 0.297710078125 0.5065860468750001 0.313336434375 0.5183046515624999 0.32212558125 0.5373488375 0.312359690625 0.5900813953124999 0.3104062015625 0.6486767437500001 0.32020775156250003 0.6767441859375001 0.33829612343750004 0.6767441859375001 0.345562790625 0.6603953484375 0.3416558140625 0.5988720937500001 0.345562790625 0.5519953484375 0.3748589140625 0.5373488375 0.3836480625 0.49193720937499996 0.4109922484375 0.49193720937499996 0.42075813906250004 0.53002325625 0.44517209375 0.54027674375 0.44517209375 0.5578558140625 0.437359690625 0.5725046515625001 0.43833643437500003 0.60912558125 0.4793519375 0.59447674375 0.502789146875 0.51537441875 0.5682186046875 0.5168395343750001 0.57017209375 0.282465115625 0.7156790703125 0.2136162796875 0.72739845 0.2136162796875 0.7322806203125001 0.2297302328125 0.7342341078125 0.5021906984375 0.7293519374999999 0.5095162796875 0.641460465625 0.5095162796875 0.6121643406249999 0.5183046515624999 0.60239845 0.5124465109375 0.5955627906250001 0.5197697671875 0.6004449609375 0.5329534890625001 0.782085271875 0.5563906984375 0.8113829453125 0.5563906984375 0.8406790703125001 0.5270930234375 0.8543519375 0.5270930234375 0.860210853125 0.538811628125 0.9012263562499999 0.5329534890625001 0.909038759375 0.51537441875 0.9344294578125 0.524165115625 0.9402883718749999 0.5358837203125 0.9844961234375 0.5358837203125 0.9844961234375 0.48764418593750003 0.9842341078124999 0.469965115625 0.9725147281250001 0.46410465156249997 0.9656790703125001 0.4333441859375 0.7947813953125 0.4406674421875 0.79282790625 0.203362790625 0.8133364343749999 0.1872511625 0.9656790703125001 0.1198674421875 0.9764217046875 0.1271906984375 0.9813038765625001 0.163811628125 0.9844961234375 0.06327674375 0.9844961234375 0.009893023437499999 0.9188046515625 0.0056093015625 0.5281798453125 0.24584418593750001 0.5213441859375 0.256097675 0.5213441859375 0.3176209296875 0.51060155 0.3308046515625 0.48618759687499996 0.3264093015625 0.48618759687499996 0.27367674375 0.47739845000000003 0.2370558140625 0.1043519375 0.09056976718750001 0.1072806203125 0.1594186046875 0.0760310078125 0.1682069765625 0.0877503875 0.2619581390625 0.049663565625 0.26049302343749997 0.0272031 0.27953488437499996
4 0.0265193796875 0.2576162796875 0.0265193796875 0.26933488437499997 0.022612403125 0.26347441875 0.014799999999999999 0.26933488437499997 0.01577674375 0.2502906984375 0.0011286828125 0.245897675 0.0001519375 0.262011628125 0.0118697671875 0.2766581390625 0.0001519375 0.27958837187499996 0.0001519375 0.48837209374999996 0.038759690624999996 0.48837209374999996 0.038759690624999996 0.26750232500000004 0.0265193796875 0.2576162796875
4 0.972534884375 0.5176930234375 0.9874046515625 0.5372093015625 0.99212558125 0.5372093015625 0.9984496125 0.53562790625 0.9984496125 0.10629767500000001 0.972534884375 0.1192558140625 0.9686294578125001 0.4737465109375 0.9705813953125 0.497186046875 0.9842542640625 0.5089046515625 0.972534884375 0.5176930234375
4 0.9565317828125 0.0203488375 0.9643441859375 0.0232790703125 0.961415503125 0.0393930234375 0.9692279062500001 0.0452511625 0.9711813953125 0.059899999999999995 0.9925581390625 0.0697674421875 0.9966465109374999 0.0697674421875 0.9984496125 0.025604651562500004 0.9984496125 0.00012092968750000001 0.9496961234375 0.013025581250000001 0.9506728687500001 0.034997675 0.9565317828125 0.0203488375
4 0.3566496125 0.6033860468750001 0.3594527125 0.6720930234375 0.3657178296875 0.6720930234375 0.37054263593750003 0.6696813953125 0.37054263593750003 0.620362790625 0.3693441859375 0.6077790703125 0.3566496125 0.6033860468750001
4 0.38058449687499996 0.6051069765625 0.38058449687499996 0.6695604656249999 0.38644496093749997 0.6695604656249999 0.39689922499999997 0.6669465109375 0.39689922499999997 0.638186046875 0.3952341078125 0.600711628125 0.38058449687499996 0.6051069765625
4 0.4049488375 0.6547302328125 0.41004806250000003 0.660465115625 0.42325581406249996 0.660465115625 0.42325581406249996 0.565002325 0.41959844999999996 0.559513953125 0.396159690625 0.559513953125 0.395184496875 0.572697675 0.406902325 0.5844162796875 0.4049488375 0.6547302328125
4 0.185640309375 0.9034046515625 0.14117209375 0.939534884375 0.150962790625 0.939534884375 0.182711628125 0.92537674375 0.185640309375 0.9034046515625
4 0.2124031 0.9947534890625 0.2124031 0.980839534375 0.209038759375 0.8950534890625 0.2028031 0.8883720937499999 0.20219689999999998 0.8883720937499999 0.20155038749999998 0.949402325 0.20155038749999998 0.9817953484374999 0.20401395312499998 0.9953488374999999 0.2088294578125 0.9953488374999999 0.2124031 0.9947534890625
4 0.18457364375000002 0.9424581390625001 0.1259798453125 0.9717534890625 0.1132837203125 0.9878674421874999 0.116086821875 0.99767441875 0.137987596875 0.99767441875 0.187502325 0.9966558140625 0.18457364375000002 0.9424581390625001
4 0 0.99767441875 0.047201549999999995 0.99767441875 0.08471162812500001 0.976034884375 0.09252403125 0.952597675 0.1452573640625 0.9086511625 0.1501410859375 0.8544534890625 0.1823674421875 0.8500581390624999 0.1844961234375 0.8234488375 0.1844961234375 0.812234884375 0.180413953125 0.8061116281249999 0.1511178296875 0.81197209375 0.12572713124999998 0.8295511624999999 0.10424186093750001 0.820760465625 0.020257364062499998 0.8500581390624999 0 0.909386046875 0 0.99767441875
4 0.3014589140625 0.748960465625 0.254584496875 0.77532790625 0.25067751875 0.80462325625 0.2350527125 0.8075534890625 0.2301689921875 0.791439534375 0.22431007812499998 0.791439534375 0.227240309375 0.8339209296875 0.2682558140625 0.813413953125 0.27899845 0.8324558140624999 0.2760682171875 0.85442790625 0.31317674375000004 0.8573581390625 0.3297782953125 0.8764023249999999 0.3268496125 0.892513953125 0.31122480625 0.8983744187499999 0.305364340625 0.8749372093750001 0.22528682187500002 0.8749372093750001 0.22431007812499998 0.9642906984374999 0.239934884375 0.9701511625 0.2428325578125 0.99767441875 0.29947596875000004 0.99767441875 0.5114201546875 0.9965186046875001 0.5133720937499999 0.835386046875 0.522161240625 0.8192720937500001 0.5720930234375 0.787586046875 0.5720930234375 0.7819441859375 0.5709906984375 0.77532790625 0.45184961250000005 0.7020837203125 0.428412403125 0.71087441875 0.41473953437500005 0.687437209375 0.40790387656249993 0.6918302328125 0.4098573640625 0.7152674421875 0.40302170468750004 0.7284511625000001 0.3541937984375 0.7372418609375 0.34345116249999996 0.726986046875 0.3473565890625 0.6830418609375 0.33466201562500003 0.68157674375 0.318060465625 0.6918302328125 0.31610697656250003 0.7240581390624999 0.3014589140625 0.748960465625
