4 0.111556496875 0 0.00049435 0.0009450984375000001 0.0014717515625 0.018568628125 0.0369180796875 0.0470588234375 0.158192090625 0.0470588234375 0.158192090625 0 0.111556496875 0
4 0.43236723125000004 0.214282353125 0.5646581921875 0.22352941249999997 0.568175140625 0.22352941249999997 0.62711864375 0.009215685937499999 0.62711864375 0.000086275 0.17162429375 0.0014352937499999999 0.17162429375 0.0421058828125 0.1804124296875 0.048886275 0.42064689218750007 0.0299058828125 0.43236723125000004 0.214282353125
4 1 0.109760784375 0.9996412421875001 0.0007725484375000001 0.71936723125 0.007552940625 0.71936723125 0.5552549015625 0.753548021875 0.5430549015625 0.7799152546875 0.5769450984375 0.7865706218749999 0.6627450984375 0.8634689265625 0.6627450984375 0.943 0.6406627453125 0.9527655375 0.59999215625 0.9742514124999999 0.6406627453125 0.9996412421875001 0.648796078125 1 0.609482353125 1 0.5416941171875 0.7984689265625 0.5403411765625 0.7955395484375 0.308517646875 1 0.2977058828125 1 0.109760784375
4 0.6754096046875 0 0.6705282484375 0.8034745093750001 0.6944180796875 0.81176470625 0.7017796609375 0.81176470625 0.7017796609375 0.6679019609375 0.73163841875 0.649768628125 0.73163841875 0.64147843125 0.7193559328125 0.575717646875 0.7193559328125 0.0036117640625000003 0.6803361578125 0 0.6754096046875 0
4 0.6490847453125 0 0.6329124296875 0.017168628124999998 0.6485367234375 0.0415725484375 0.6241214687500001 0.051062745312500005 0.6211920906249999 0.0741058828125 0.6543954796875 0.0876666671875 0.6543954796875 0.46997254843749997 0.6172881359375 0.4808156859375 0.615819209375 0.65400784375 0.615819209375 0.712274509375 0.6612316390624999 0.8048274515625 0.6890677968750001 0.81176470625 0.6993531078124999 0.81176470625 0.7012711859375 0.6679019609375 0.73163841875 0.6494588234374999 0.73163841875 0.6445450984375001 0.7188502828125001 0.5811372546875 0.7188502828125001 0.006321568750000001 0.654175140625 0 0.6490847453125 0
4 0.5676638421875 0.23189019531250002 0.4592655375 0.23053333281250002 0.46219491562500004 0.32407843125 0.494429378125 0.3254901953125 0.5654830515625 0.3254901953125 0.5764519781249999 0.32272156875 0.5784067796875 0.2630705875 0.6096553671875 0.22782352968750003 0.60086723125 0.155968628125 0.5676638421875 0.23189019531250002
4 0.6587881359375001 0.02220784375 0.6558587578124999 0.05881176406250001 0.6246073453125 0.056101960937499994 0.61386723125 0.073725490625 0.600194915625 0.1469333328125 0.6099604515625 0.1550666671875 0.6137542375 0.22352941249999997 0.6139886999999999 0.22352941249999997 0.6177711859375 0.1604901953125 0.6480451984375 0.085925490625 0.6607401125 0.0927058828125 0.669491525 0.16316078437499998 0.669491525 0.018156862500000003 0.6587881359375001 0.02220784375
4 0 0.99607843125 0.022598870312499998 0.99607843125 0.022598870312499998 0.9824235296875001 0.015607345312500001 0.9455450984375 0.0009604515625000001 0.938768628125 0 0.9960666671875 0 0.99607843125
4 0.9923644062499999 0.99607843125 0.997175140625 0.886996078125 0.997175140625 0.8637803921874999 0.9854887 0.8600392156250001 0.9727937859375 0.8722392156250001 0.95762711875 0.990674509375 0.95762711875 0.994286275 0.9808531078125 0.99607843125 0.9923644062499999 0.99607843125
4 0.943502825 0.8639607843749999 0.8407966109375 0.8600392156250001 0.8730225984375 0.9129098046875 0.87888135625 0.9942509796874999 0.9144096046874999 0.99607843125 0.9317203390625 0.99607843125 0.943502825 0.895886275 0.943502825 0.8639607843749999
4 0.09492655312500001 0.9333098046874999 0.045197740624999996 0.9454941171875 0.045197740624999996 0.9459764703125 0.0535254234375 0.99607843125 0.539307909375 0.99607843125 0.54512146875 0.877725490625 0.5851581921875 0.8384117640625 0.6497175140625 0.8210235296875 0.6497175140625 0.8187176468749999 0.6066440671875 0.7163999999999999 0.5490254234374999 0.7069098046875 0.5441440671875 0.64319215625 0.4582062140625 0.6486117640625 0.40937853124999996 0.7814705875 0.3312542375 0.7814705875 0.328324859375 0.8750156859375 0.292192090625 0.9495803921875 0.245316384375 0.9251764703124999 0.229692090625 0.9658470593749999 0.2062542375 0.9224666671874999 0.135940678125 0.9224666671874999 0.104692090625 0.9766941171875001 0.09492655312500001 0.9333098046874999
4 0.2339661015625 0.5133098046875 0.2906073453125 0.5105960781250001 0.29378531093750004 0.4303058828125 0.29378531093750004 0.38715686250000003 0.0015451984375 0.3750274515625 0.0005677968749999999 0.511952940625 0.041437853125 0.513725490625 0.067573446875 0.513725490625 0.10212994375 0.5065294125 0.09724858750000001 0.4373882359375 0.13533333281249998 0.44687843125000004 0.1421694921875 0.5105960781250001 0.15388983125 0.4807725484375 0.177324859375 0.483482353125 0.1870903953125 0.5105960781250001 0.2046694921875 0.4780588234375 0.230059321875 0.4889058828125 0.2339661015625 0.5133098046875
