4 1 0.0042860468749999995 0.6867550390625 0.0057488375 0.6789426359374999 0.020397675 0.659410853125 0.0262558140625 0.6535519375 0.043834884375 0.61937209375 0.0511581390625 0.6154666671875 0.0716674421875 0.6232790703125 0.083386046875 0.6232790703125 0.09803488437499999 0.6174186046875 0.1126837203125 0.61937209375 0.147839534375 0.612536434375 0.1639511625 0.6057007750000001 0.1595581390625 0.595934884375 0.10096511562499999 0.595934884375 0.07752558125 0.6057007750000001 0.0658069765625 0.5930046515625 0.046765115625 0.55980155 0.03797674375 0.54417674375 0.020397675 0.504137984375 0.016002325 0.51097364375 0.008679070312499999 0.018786046875 0.0028186046875 0.0119503875 0.0101441859375 0.0099969 0.0247930234375 0.0314821703125 0.09803488437499999 0.051989146875 0.12000697656249999 0.339099225 0.2225465109375 0.4152713171875 0.24012325625000003 0.5012077515625 0.281139534375 0.6072403093750001 0.3046511625 0.6172697671875 0.3046511625 0.997302325 0.1639511625 1 0.016906976562500002 1 0.0042860468749999995
4 0.576889921875 0.07597674374999999 0.588488371875 0.090697675 0.59179845 0.090697675 0.6198589140624999 0.0730465109375 0.6276713171875 0.0789069765625 0.6979829453125 0.0701162796875 0.7136077515625 0.067188371875 0.7175147281250001 0.058397675 0.7292325578125001 0.0642581390625 0.731186046875 0.052539534374999995 0.7370465109375 0.058397675 0.7761085265625 0.0496093015625 0.779037209375 0.0334953484375 0.7897798453125 0.029102325000000002 0.795638759375 0.0144534890625 0.8248062015625001 0.007397674999999999 0.8248062015625001 0.0071279062500000006 0.45677209375 0.0071279062500000006 0.47532713125 0.0144534890625 0.481186046875 0.0437488375 0.48411627968750004 0.015918604687499997 0.48899845 0.0144534890625 0.48997519375 0.042286046875 0.49681085312500006 0.0466790703125 0.5026713171875 0.0144534890625 0.5036480625 0.045213953125 0.511460465625 0.0481441859375 0.512435659375 0.067188371875 0.5182961234375 0.0466790703125 0.5202496125 0.067188371875 0.576889921875 0.07597674374999999
4 0.07592713125 0.7368186046874999 0.1794418609375 0.7075209296875 0.168700775 0.6972674421875 0.158934884375 0.7001953484375 0.15307441875 0.6767581390624999 0.0944806203125 0.679688371875 0.09057519375 0.6972674421875 0.0808093015625 0.6972674421875 0.07787907031249999 0.66357441875 0.0856914734375 0.6518558140625 0.07983255781250001 0.64892790625 0.0808093015625 0.6357441859375 0.09838759687500001 0.6357441859375 0.1013178296875 0.645997675 0.09350542656250001 0.6518558140625 0.09838759687500001 0.6562511625 0.1706527125 0.6562511625 0.1726062015625 0.6357441859375 0.2019038765625 0.6298837203125001 0.2058093015625 0.6093767437500001 0.2487782953125 0.6093767437500001 0.2517085265625 0.5903325578125 0.2644031 0.585939534375 0.2673333328125 0.5668953484375 0.2790511625 0.561037209375 0.2810046515625 0.5434581390625 0.270262015625 0.539062790625 0.2673333328125 0.5229511625 0.28979379843749997 0.4863302328125 0.302488371875 0.5112325578125 0.2966294578125 0.5639651156250001 0.302488371875 0.6049813953125 0.32885581406250003 0.6093767437500001 0.332762790625 0.6298837203125001 0.3513178296875 0.6372093015625 0.3503410859375 0.6533209296875 0.3991689921875 0.6562511625 0.43432558125 0.647462790625 0.440184496875 0.63867209375 0.49877829531250006 0.6298837203125001 0.4997550390625 0.5668953484375 0.51342635625 0.5581069765625 0.5153798453125 0.54052790625 0.505613953125 0.499513953125 0.5163565890624999 0.4892581390625 0.5310046515625 0.4965837203125 0.5310046515625 0.5434581390625 0.537840309375 0.5625 0.551513178125 0.5566418609375 0.55737209375 0.5771488375 0.5632310078125 0.5654302328125 0.5749503875 0.5742209296875 0.5798325578125 0.54052790625 0.5935054265625 0.537597675 0.5984496125 0.354637209375 0.5984496125 0.32015116250000003 0.5808093015625 0.3076186046875 0.49291937968750005 0.287111628125 0.408934884375 0.2460953484375 0.3679193796875 0.240234884375 0.0476062015625 0.12597674375 0.04272403125 0.139160465625 0.04467596875 0.3383790703125 0.036863565625 0.42626976718750004 0.036863565625 0.537597675 0.0397937984375 0.5566418609375 0.05932558125 0.5625 0.0642077515625 0.5727558140625 0.0642077515625 0.733888371875 0.07592713125 0.7368186046874999
4 0.512137984375 0.5388790703125 0.5004186046875 0.5418093015625 0.48870077500000003 0.5652465109375 0.478934884375 0.5564558140625 0.47307596875 0.5740348843749999 0.46916899218749997 0.559386046875 0.43987286875000003 0.5623162796875001 0.43206046562499995 0.5476674421875 0.42619999999999997 0.55352790625 0.4203410859375 0.5388790703125 0.4066697671875 0.5388790703125 0.3988573640625 0.527160465625 0.3949503875 0.550597675 0.39397364375 0.5403441859375 0.385184496875 0.5359488375 0.3812790703125 0.550597675 0.363700775 0.5623162796875001 0.3363565890625 0.559386046875 0.322685271875 0.5623162796875001 0.3187782953125 0.576965115625 0.29924806249999997 0.5740348843749999 0.2904589140625 0.5842883718749999 0.2963178296875 0.6106558140625 0.277762790625 0.6209093015625 0.2670201546875 0.613586046875 0.2660449609375 0.5857534890625 0.135184496875 0.5857534890625 0.1312790703125 0.59747209375 0.088310078125 0.6091906984375 0.0824511625 0.623839534375 0.0687782953125 0.600402325 0.0638961234375 0.6106558140625 0.0638961234375 0.7278441859375 0.0565519375 0.7581395343749999 0.082660465625 0.7581395343749999 0.5941689921875 0.6179790703125 0.5984496125 0.6089906984375 0.5984496125 0.5643418609374999 0.597099225 0.46710232500000004 0.5931922484375 0.5256953484375 0.572685271875 0.5330186046875001 0.5687782953125 0.5476674421875 0.5551069765625 0.5388790703125 0.5492480625 0.550597675 0.541435659375 0.5330186046875001 0.5258093015624999 0.5388790703125 0.52092713125 0.5549906984375 0.5306930234375 0.5637813953124999 0.527762790625 0.5798930234374999 0.5150682171875001 0.5784302328125001 0.51897364375 0.5549906984375 0.512137984375 0.5388790703125
4 0.3131782953125 0.5307813953125 0.30713023281249996 0.503562790625 0.30322325625 0.5269999999999999 0.2836914734375 0.5211395343749999 0.2827162796875 0.502097675 0.296387596875 0.4933093015625 0.2758790703125 0.48305348906249995 0.25927751875 0.5050279062499999 0.25927751875 0.551902325 0.26997519375 0.58837209375 0.29497364375 0.58837209375 0.3002930234375 0.5724093015625 0.30713023281249996 0.57387441875 0.3131782953125 0.5622093015625 0.3131782953125 0.5307813953125
4 0.512187596875 0.518211628125 0.5131162796875001 0.555813953125 0.5289069765625001 0.555813953125 0.5302325578125 0.5339418609375 0.5302325578125 0.524939534375 0.5219534890624999 0.5152813953125001 0.512187596875 0.518211628125
4 0.001613953125 0.58837209375 0.0036434109375 0.58837209375 0.0328666671875 0.5664558140625 0.035658914062500005 0.24599302343749999 0.035658914062500005 0.11482790624999999 0.000640309375 0.008348837500000001 0.001613953125 0.58837209375
4 0.99772403125 0.1674418609375 0.605102325 0.317962790625 0.6060790703125 0.621186046875 0.6715085265625 0.6373 0.6715085265625 0.347260465625 0.750610853125 0.3223581390625 0.753539534375 0.6607372093749999 0.781860465625 0.6768488374999999 0.9306418609374999 0.7186046515625 0.9332310078124999 0.7186046515625 0.9351798453125 0.2769465109375 0.9984496125 0.2568162796875 0.9984496125 0.1674418609375 0.99772403125 0.1674418609375
4 0.8977472875 0.95497441875 0.8596620156249999 0.9388604656249999 0.8518496125 0.90077441875 0.8713813953124999 0.7894465109375 0.88407596875 0.76747441875 0.9036077515625 0.761613953125 0.9075131781250001 0.7733325578125 0.9289984499999999 0.7733325578125 0.9280217046875 0.7806581390625 0.9407162796874999 0.7938418609375 0.9739193796875 0.805560465625 0.9788031 0.8392511624999999 0.9729426359375 0.848039534375 0.9748961234375001 0.8802674421875001 0.9651302328125 0.8949139531249999 0.9631782953125001 0.933 0.9984496125 0.9344302328125 0.9984496125 0.746702325 0.6067317828125 0.6268488375 0.059857364062499994 0.7704023249999999 0.047161240625 0.7865162796875 0.029584496874999998 0.8421813953124999 0.00907596875 0.855365115625 0.000286821875 0.8714767437500001 0.001240309375 0.9930232562500001 0.9332682171875 0.9930232562500001 0.9768496125 0.988665115625 0.9407162796874999 0.9725511625 0.923137984375 0.9813418609375001 0.9192325578125 0.9666930234375 0.9016542640624999 0.978411628125 0.8977472875 0.95497441875
4 1 0.742413953125 0.8702914734375 0.7087674421875 0.8712682171875 0.7248813953125001 0.8829875968750001 0.7307395343749999 0.8781038765625 0.74392325625 0.8712682171875 0.7424581390625 0.8800573640625 0.7761511624999999 0.9728310078125 0.821560465625 0.947440309375 0.9621860468750001 0.9347457359375 0.9665790703124999 0.8702914734375 0.9431418609375 0.87419845 0.9607209296875 0.8868930234375 0.9651139531249999 0.8829875968750001 0.9944116281250001 0.920463565625 0.9953488374999999 1 0.9953488374999999 1 0.742413953125
