4 0.38769491562499997 0 0.2607429375 0.0976117640625 0.08886723125 0 0 0.0013568625 0.0009774015625 0.065074509375 0.2177740109375 0.1599725484375 0.23925706249999998 0.18166274531249998 0.25488418125 0.176239215625 0.2646497171875 0.203352940625 0.3642570625 0.1572627453125 0.3691412421875 0.5355019609375 0.4208983046875 0.5341450984375 0.43261581875 0.56939215625 0.450194915625 0.5341450984375 0.541991525 0.54227843125 0.5937514125 0.6249764703125 0.5996101687500001 0.679203921875 0.6289067796875 0.6900509796875001 0.6367175140625 0.3836627453125 0.62988418125 0 0.38769491562499997 0
4 0.382813559375 0.0013568625 0.0957033890625 0.0013568625 0.2617175140625 0.0935450984375 0.382813559375 0.0013568625
4 0.648437853125 0.1477725484375 0.6630847453125 0.189796078125 0.6914067796875 0.202 0.695313559375 0.0338941171875 0.6865225984375 0.0189803921875 0.6503898312499999 0.0474509796875 0.648437853125 0.1477725484375
4 0.9257824859375001 0.1315019609375 0.939451978125 0.1315019609375 1 0.11523529375 0.9990225984375 0 0.9316412421875 0.004066667187499999 0.9257824859375001 0.1315019609375
4 0.7070310734375 0.191152940625 0.7187514125 0.1938666671875 0.9013672312500001 0.14370588281250002 0.9062514125 0.004066667187499999 0.7099604515625 0 0.7070310734375 0.191152940625
4 0.6816412421875 0.5083882359375 0.6914067796875 0.50296470625 0.6904293781249999 0.455513725 0.673827684375 0.465003921875 0.6816412421875 0.5083882359375
4 1 0.4568705875 0.9228502828125 0.455513725 0.92187570625 0.5246549015624999 0.9726553671874999 0.527368628125 0.979491525 0.5124549015625 0.9912118640625 0.5232980390625 1 0.5110980390625001 1 0.4568705875
4 0.90038983125 0.5246549015624999 0.9013672312500001 0.455513725 0.7070310734375 0.4622941171875 0.7099604515625 0.5124549015625 0.90038983125 0.5246549015624999
4 0.648437853125 0.23453725468750003 0.6601553671875 0.24809411718750002 0.6884774015625 0.238603921875 0.6914067796875 0.22098039218749999 0.65136723125 0.178952940625 0.648437853125 0.23453725468750003
4 0.9238276843750001 0.1803098046875 0.9375 0.18301960781249998 0.9990225984375 0.1681058828125 1 0.1206588234375 0.9267570624999999 0.13828235312499998 0.9238276843750001 0.1803098046875
4 0.9990225984375 0.1952196078125 0.9238276843750001 0.2155568625 0.9277344624999999 0.305031371875 0.9599604515625 0.290117646875 0.9736327687499999 0.265717646875 1 0.264360784375 0.9990225984375 0.1952196078125
4 1 0.3701058828125 0.9326158187500001 0.31452156875 0.9238276843750001 0.3240117640625 0.9238276843750001 0.44873725468750003 0.9687514125 0.45144705937499996 1 0.44873725468750003 1 0.3701058828125
4 0.6914067796875 0.4378901953125 0.6865225984375 0.2602941171875 0.6572259890625001 0.265717646875 0.648437853125 0.2833411765625 0.648437853125 0.494831371875 0.664062146875 0.5083882359375 0.673827684375 0.50296470625 0.673827684375 0.4568705875 0.6884774015625 0.455513725 0.6914067796875 0.4378901953125
4 0.7070310734375 0.4324666671875 0.7255847453125 0.452803921875 0.8808587578125 0.45416078437499996 0.9023446328125001 0.44873725468750003 0.9042966109374999 0.150482353125 0.7119152546875 0.1979333328125 0.7070310734375 0.4324666671875
4 0.9501949156249999 0.6480235296875 0.9277344624999999 0.6493803921875 0.95312429375 0.668360784375 0.9501949156249999 0.6480235296875
4 0.6855480218750001 0.6710705875 0.6855480218750001 0.6331098046875 0.6650395484375 0.6317568625 0.6582033890625001 0.668360784375 0.6855480218750001 0.6710705875
4 1 0.75783529375 0.997070621875 0.7103843140625 0.9238276843750001 0.695474509375 0.9248050843750001 0.753768628125 1 0.75783529375
4 0.4541016953125 0.9327215687500001 0.395508475 0.9110313718749999 0.3837881359375 0.881203921875 0.3554689265625 0.8879843140625001 0.414062146875 0.820196078125 0.4179689265625 0.665647059375 0.37988418125 0.6317568625 0.3525395484375 0.6371764703125 0.3300790953125 0.6114196078125 0.3291016953125 0.5883725484375 0.2900395484375 0.5965058828124999 0.2792966109375 0.6222666671875 0.3164067796875 0.6385333328125 0.3183587578125 0.6900509796875001 0.30761581875 0.7185215687500001 0.2558587578125 0.7605450984375 0.2587881359375 0.7781725484375001 0.28613276875000004 0.780882353125 0.2910169484375 0.8039294124999999 0.263672315625 0.9964392156249999 0.4550790953125 0.9964392156249999 0.47070338906250003 0.993725490625 0.47070338906250003 0.9693254906250001 0.4570310734375 0.95847843125 0.4541016953125 0.9327215687500001
4 1 0.7985058828125 0.9023446328125001 0.768682353125 0.8964830515625 0.6439568625 0.8837881359375 0.6317568625 0.833008475 0.6480235296875 0.7744152546875 0.6154862750000001 0.7177740109374999 0.6154862750000001 0.7070310734375 0.6304000000000001 0.7021497171875 0.7130980390625 0.6025395484375 0.6995411765624999 0.5976553671875 0.7985058828125 0.6230480218750001 0.8446 0.6025395484375 0.8459568624999999 0.5429689265625 0.9123843140625001 0.543946328125 0.9977960781249999 1 0.9964392156249999 1 0.7985058828125
4 0.2539067796875 0.519231371875 0.2539067796875 0.47856078437500005 0.0478502828125 0.47720784375 0.01562429375 0.5490588234375 0.01562429375 0.605996078125 0.027344632812500002 0.6087098046875 0.174805084375 0.591086275 0.1816412421875 0.55719215625 0.20410169531250003 0.5341450984375 0.2539067796875 0.519231371875
4 0.0009774015625 0.2277568625 0.12011581874999999 0.2575843140625 0.122070621875 0.325368628125 0.25195197812500003 0.34299215625 0.25488418125 0.10032156875 0.090819209375 0 0 0.0013568625 0.0009774015625 0.2277568625
4 0.1210932203125 0.465003921875 0.12011581874999999 0.404 0.0527344625 0.4080666671875 0.0537118640625 0.46364705937500006 0.1210932203125 0.465003921875
4 0.030274010937500002 0.2738509796875 0.03613276875 0.2602941171875 0.0332033890625 0.2724941171875 0.07324293750000001 0.31994509843749996 0.111327684375 0.3240117640625 0.12011581874999999 0.263003921875 0.0556638421875 0.249447059375 0.023437853124999998 0.2616509796875 0.030274010937500002 0.2738509796875
4 0.065429378125 0.3470588234375 0.0117175140625 0.36739607812499997 0.02636723125 0.39044313750000004 0.1191412421875 0.3945098046875 0.1191412421875 0.337568628125 0.11035028281249999 0.3335019609375 0.065429378125 0.33079215624999997 0.065429378125 0.3470588234375
