4 0.2060542640625 0.079102325 0.212889921875 0.077637209375 0.209961240625 0.005860465625 0.1464837203125 0.001465115625 0.165038759375 0.0351558140625 0.2060542640625 0.079102325
4 0.3466790703125 0.0029302328125 0.24121085312499999 0 0.225586046875 0.0117186046875 0.2246093015625 0.09814418593749999 0.318359690625 0.20068372031249998 0.3242186046875 0.162597675 0.351562790625 0.1362302328125 0.351562790625 0.0102534890625 0.3466790703125 0.0029302328125
4 0.59277364375 0.25781162812499997 0.7294914734375 0.2548837203125 0.73437519375 0.2475581390625 0.73437519375 0.20068372031249998 0.8486325578124999 0.0498046515625 0.8730465109375001 0.00732325625 0.3720697671875 0.0029302328125 0.3623054265625 0.008788371875000001 0.35937519375 0.139160465625 0.3847658921875 0.171386046875 0.3886713171875 0.203613953125 0.37597674375 0.2314441859375 0.351562790625 0.24169999999999997 0.3720697671875 0.26074186093749996 0.5 0.25927674375 0.5283209296875 0.25781162812499997 0.5341798453125 0.24902325625000002 0.579102325 0.24902325625000002 0.59277364375 0.25781162812499997
4 0.0019534890625 0.8979488375000001 0.015624806250000001 0.8334953484375 0.01660155 0.79687441875 0 0.7983395343749999 0.0019534890625 0.8979488375000001
4 0.00097674375 0.6621093015625 0 0.7309581390625 0.0039069765625 0.7309581390625 0.0576170546875 0.70312558125 0.060547287500000005 0.6694325578125 0.055663565625 0.6621093015625 0.00097674375 0.6621093015625
4 0.20507751875000002 0.5141604656250001 0.21093798437500003 0.3471674421875 0.1845705421875 0.32812558125 0.181640309375 0.4965813953125 0.1855472875 0.537597675 0.195313178125 0.5581046515625 0.26074263593749997 0.5507813953125 0.26562480625 0.5200186046875 0.258789146875 0.5126953484375 0.20507751875000002 0.5141604656250001
4 0.038085271875 0.79687441875 0.0332031 0.8071279062500001 0.0058589140625 0.9799813953125 0.008789146875 0.9960930234375001 0.039062015625 0.9975581390625001 0.060547287500000005 0.9770511624999999 0.060547287500000005 0.812988371875 0.055663565625 0.79687441875 0.038085271875 0.79687441875
4 0.367187596875 0.2709953484375 0.319336434375 0.20800697656249997 0.225586046875 0.11132790625 0.22265581406249998 0.188965115625 0.32617209375 0.279786046875 0.32812558125 0.47314418593749996 0.3457038765625 0.48779302343750003 0.3554682171875 0.45556744218749995 0.3535162796875 0.30322325625 0.367187596875 0.2915046515625 0.367187596875 0.2709953484375
4 0 0.6254883718750001 0.0058589140625 0.6254883718750001 0.053711628125 0.6123046515625 0.060547287500000005 0.6020511625 0.062500775 0.531737209375 0.04492248125 0.5229488375 0.04687441875 0.2299813953125 0.06347596875 0.225586046875 0.1748046515625 0.2812511625 0.208984496875 0.250488371875 0.212889921875 0.092286046875 0.13378914687500001 0.0029302328125 0 0.0043953484375 0 0.6254883718750001
4 0.5810542640625 0.25781162812499997 0.58007751875 0.36767674375000003 0.6035162796875 0.36767674375000003 0.6103519375 0.30175813906250004 0.7314449609375 0.30175813906250004 0.7324217046875 0.25927674375 0.5810542640625 0.25781162812499997
4 0.35937519375 0.2944325578125 0.3720697671875 0.30175813906250004 0.50097674375 0.30175813906250004 0.5058589140625 0.3647465109375 0.5312496125 0.36767674375000003 0.53027286875 0.26074186093749996 0.36816434062500003 0.26074186093749996 0.36328062031249997 0.2680674421875 0.35937519375 0.2944325578125
4 0.7138666671875 0.48632790625 0.7324217046875 0.47607441875 0.73437519375 0.4409186046875 0.6083984499999999 0.43652325625 0.6054682171875 0.3881837203125 0.5986325578125 0.380860465625 0.508789146875 0.380860465625 0.50097674375 0.4394534890625 0.3613286828125 0.43798837187500006 0.39160154999999996 0.47167907031249995 0.4345705421875 0.46582092968750005 0.444336434375 0.4482418609375 0.46582015468750004 0.45996046562500004 0.475586046875 0.4482418609375 0.49902325625 0.44531162812499997 0.5117193796875 0.47021395312500003 0.508789146875 0.5185558140625 0.6035162796875 0.5200186046875 0.6074217046875 0.49951162812499994 0.633789146875 0.46582092968750005 0.704102325 0.47167907031249995 0.7138666671875 0.48632790625
4 0.7314449609375 0.7060558140625 0.47851627968750005 0.7045906984375 0.47851627968750005 0.8862302328125 0.462889921875 0.9829093015625 0.46582015468750004 0.9990232562499999 0.8339844968750001 0.9975581390625001 0.837889921875 0.9887697671875 0.7558589140625 0.8422860468750001 0.7382806203125 0.8305674421875 0.7314449609375 0.7060558140625
