4 0.0838434109375 0.001134884375 0.16099224843749999 0.1227186046875 0.393413953125 0.18131162812499999 0.3982961234375 0.2267209296875 0.40610852656249996 0.2325813953125 0.3963441859375 0.25601860468750004 0.40122635625 0.2721325578125 0.4931488375 0.2860465109375 0.50900155 0.2860465109375 0.5457581390625 0.2252558140625 0.6629457359375001 0.2486930234375 0.9286821703125 0.0019372093749999999 0.9286821703125 0.001134884375 0.0838434109375 0.001134884375
4 0.0364930234375 0.6235488375 0.05602325625 0.6089 0.08141395312500001 0.6118302328125 0.08727286875 0.6235488375 0.11266356562499999 0.6294093015625 0.12047596875 0.646986046875 0.2103209296875 0.64112790625 0.2170542640625 0.633911628125 0.2170542640625 0.1400465109375 0.17223410781249998 0.13575581406249998 0.182 0.1591930234375 0.1780945734375 0.5048953484375 0.001336434375 0.5180790703125 0.0003689921875 0.7139534890625 0.0094527125 0.7139534890625 0.10192248125 0.6601697671875 0.10192248125 0.6455209296875 0.095086821875 0.64112790625 0.0462573640625 0.64112790625 0.0150077515625 0.6528465109375 0.01012558125 0.6308720937500001 0.018914728125 0.6206186046875 0.0364930234375 0.6235488375
4 0.4370511625 0.4265581390625 0.4370511625 0.499802325 0.4311922484375 0.505660465625 0.45267596875000005 0.523239534375 0.45267596875000005 0.5583953484374999 0.442910078125 0.5818325578125 0.45267596875000005 0.5906209296875 0.4477937984375 0.5950162796875 0.460488371875 0.599411628125 0.4565829453125 0.663862790625 0.4390046515625 0.693160465625 0.44486356562499996 0.7078093015625 0.4321674421875 0.7122046515625 0.428262015625 0.732711628125 0.40775348906250003 0.73417674375 0.42533178281249995 0.7371069765625 0.5034573640625 0.71952790625 0.50697674375 0.342062790625 0.50697674375 0.3004906984375 0.4028713171875 0.2756790703125 0.40091782968749995 0.281539534375 0.4155658921875 0.285934884375 0.40580154999999996 0.2917930234375 0.40775348906250003 0.30644186093750003 0.4184961234375 0.313765115625 0.428262015625 0.30497674375 0.4370511625 0.318160465625 0.4311922484375 0.3328093015625 0.4370511625 0.3386674421875 0.435097675 0.350386046875 0.44486356562499996 0.3533162796875 0.442910078125 0.41776976718750003 0.4370511625 0.4265581390625
4 0.4260806203125 0.2790697671875 0.3997302328125 0.2790697671875 0.397086821875 0.28567674374999996 0.3951333328125 0.7397790703125 0.4020713171875 0.7418604656250001 0.40817984531249996 0.7418604656250001 0.46046511562500003 0.728339534375 0.46046511562500003 0.59312325625 0.44884496093750004 0.559602325 0.4341969 0.558139534375 0.4341969 0.5200534890624999 0.45372713124999997 0.511262790625 0.4576341078125 0.309113953125 0.445914728125 0.30032558125 0.444937984375 0.284211628125 0.4260806203125 0.2790697671875
4 0.5803410859375 0.61617441875 0.5832713171874999 0.6527953484375 0.6457705421875 0.646934884375 0.6604201546875 0.6337511625000001 0.662015503125 0.4781558140625 0.662015503125 0.40902325624999997 0.6604201546875 0.2558209296875 0.55397364375 0.225060465625 0.5334666671875 0.24703255781250003 0.5080759687499999 0.296837209375 0.50612248125 0.34957209375 0.50612248125 0.7216418609375 0.5412790703125 0.7948837203125 0.5498046515625 0.8 0.5510558140625 0.8 0.55299845 0.671837209375 0.5578806203125 0.6586534890625 0.57057519375 0.6513302328125 0.5725286828125 0.619102325 0.5803410859375 0.61617441875
4 0.9572062015625 0 0.923099225 0.014211628125 0.664311628125 0.2529813953125 0.664311628125 0.6367697671875 0.698489921875 0.66167209375 0.706302325 0.6528837203125 0.7707565890625 0.655813953125 0.776615503125 0.6177279062500001 0.8488806203125 0.638234884375 0.853764340625 0.6426302328125 0.8606 0.6997581390625001 0.8859906984375 0.7056186046875 0.9123581390625001 0.7305209296874999 0.906497675 0.7451674421875001 0.90747441875 0.778860465625 0.9943581390625 0.8232558140625 0.9976945734375 0.8232558140625 1 0.8215255812500001 1 0.0010186046875 0.9707891468750001 0 0.9572062015625 0
4 1 0.8232046515624999 0.991489921875 0.7593767437500001 0.928989146875 0.7242209296875 0.9094589140625 0.7212906984375 0.8977395343750001 0.712502325 0.8938325578124999 0.6978534890625 0.88797364375 0.7095720937500001 0.7785984499999999 0.66562790625 0.772739534375 0.61582325625 0.7434434109375 0.6275418609375001 0.73172403125 0.6041046515625 0.7180527125 0.60117441875 0.7121922484375001 0.624611628125 0.6936372093750001 0.6290069765624999 0.6926620156250001 0.6451186046874999 0.6848496125 0.61582325625 0.6721534890624999 0.6231465109375 0.6721534890624999 0.6465837203125 0.6926620156250001 0.662697675 0.985465115625 0.8255813953125 0.99779845 0.8255813953125 1 0.8253279062500001 1 0.8232046515624999
4 0.6460310078125 0.99767441875 0.648062015625 0.9905674421875 0.648062015625 0.9872325578125001 0.5588325578125 0.815562790625 0.53832558125 0.808239534375 0.1672310078125 0.9019906984375 0.11352092968750001 0.9913441859375001 0.114364340625 0.99767441875 0.6460310078125 0.99767441875
4 0.21395348906249997 0.7926209296875 0.21395348906249997 0.7579558140625 0.21359845000000002 0.738288371875 0.1657472875 0.7983488375000001 0.173559690625 0.8012767437500001 0.21395348906249997 0.7926209296875
4 0.09922480624999999 0.8572 0.0011689921875000001 0.8761302328125 0.0001922484375 0.9830651156249999 0.004099225 0.9830651156249999 0.0773410859375 0.8937093015625001 0.0968713171875 0.8819906984375001 0.09922480624999999 0.8619906984375 0.09922480624999999 0.8572
