4 0.2685550390625 0.1611325578125 0.569336434375 0.1611325578125 0.583984496875 0.1479488375 0.5830077515625 0.12597674375 0.5996093015625 0.1215813953125 0.5937503875 0.0805674421875 0.602539534375 0.0732418609375 0.6191410859375 0.08642558125000001 0.60937519375 0.1069325578125 0.60937519375 0.1538093015625 0.6201178296875 0.1611325578125 0.6962883718749999 0.1611325578125 0.71777364375 0.158202325 0.727539534375 0.1464837203125 0.795897675 0.1464837203125 0.805663565625 0.158202325 0.8671875968749999 0.1596674421875 0.8701178296875 0 0.1445317828125 0.001465115625 0.243164340625 0.14062558125 0.2685550390625 0.1611325578125
4 0.8007813953125 0.28857441875 0.804686821875 0.3325186046875 0.8144527125 0.350097675 0.79882790625 0.37646511562499996 0.79882790625 0.4409186046875 0.8652341078125 0.44677674375 0.8710930234375001 0.43212790625 0.8691410859375001 0.1684581390625 0.8037116281250001 0.164062790625 0.8007813953125 0.28857441875
4 0.5312496125 0.5024418609375 0.539062015625 0.48193255781250005 0.540038759375 0.4482418609375 0.59277364375 0.45117209375 0.6220697671875 0.4394534890625 0.6357426359375 0.4482418609375 0.70507751875 0.44384651093749994 0.70507751875 0.3559581390625 0.7167969000000001 0.3383790703125 0.7187503875 0.3090813953125 0.7187503875 0.1684581390625 0.7138666671875 0.1611325578125 0.618164340625 0.164062790625 0.6132806203125 0.1772465109375 0.6132806203125 0.265137209375 0.6269534890624999 0.30322325625 0.6298821703125 0.3076162796875 0.649413953125 0.2783209296875 0.6689457359375 0.2783209296875 0.681640309375 0.297362790625 0.681640309375 0.326660465625 0.6689457359375 0.3486325578125 0.6513674421875 0.3486325578125 0.6298821703125 0.31054651093749996 0.6064449609375 0.351562790625 0.579102325 0.351562790625 0.5742186046875 0.3471674421875 0.5742186046875 0.31787209375000003 0.583984496875 0.28857441875 0.583984496875 0.18017674374999998 0.579102325 0.164062790625 0.25097674375 0.158202325 0.2460930234375 0.16552790625 0.2441410859375 0.49365348906250006 0.25097674375 0.5039069765625 0.28027286875 0.4951162796875 0.31152403125 0.44531162812499997 0.336914728125 0.44531162812499997 0.3164062015625 0.37353488437500004 0.322265115625 0.3325186046875 0.3466790703125 0.2929697671875 0.3876945734375 0.28710930156250003 0.4179689921875 0.32080000000000003 0.4257813953125 0.3852534890625 0.40527286875 0.43652325625 0.383789146875 0.45117209375 0.350586046875 0.45410232500000003 0.34960930156250003 0.47021395312500003 0.366210853125 0.50097674375 0.40722635625 0.506834884375 0.41699224843750005 0.5214837203125 0.4501953484375 0.5126953484375 0.45312558125 0.5200186046875 0.437500775 0.5756837203125 0.437500775 0.6108395343749999 0.4501953484375 0.632811628125 0.5019534890624999 0.63427674375 0.51562480625 0.5551767437499999 0.507812403125 0.5053720937499999 0.5107426359375 0.4980465109375 0.5312496125 0.5024418609375
4 0.2070310078125 0.22705116250000001 0.2441410859375 0.2475581390625 0.2460930234375 0.1479488375 0.18652403125 0.0732418609375 0.1855472875 0.5112302328125 0.2285162796875 0.5141604656250001 0.2441410859375 0.5053720937499999 0.2441410859375 0.4086906984375 0.2070310078125 0.3940418609375 0.2070310078125 0.22705116250000001
4 0.5263674421875 0.17285116250000002 0.5283209296875 0.1875 0.5341798453125 0.1699209296875 0.5703131781249999 0.17431627968750002 0.569336434375 0.1875 0.5595705421875 0.181639534375 0.5546868218750001 0.1918953484375 0.572265115625 0.1977534890625 0.5742186046875 0.2563465109375 0.568359690625 0.30322325625 0.572265115625 0.3295906984375 0.57812558125 0.3061534890625 0.57812558125 0.1684581390625 0.47753953437499996 0.1669930234375 0.5263674421875 0.17285116250000002
4 0.0039069765625 0.0190418609375 0 0.5024418609375 0.0058589140625 0.5024418609375 0.0332031 0.4965813953125 0.028320929687500003 0 0 0.001465115625 0.0039069765625 0.0190418609375
4 0.20507751875000002 0.3940418609375 0.20507751875000002 0.22705116250000001 0.21777364375000002 0.225586046875 0.24902325625000002 0.25781162812499997 0.2441410859375 0.1684581390625 0.2539069765625 0.162597675 0.18847596875 0.07617209375 0.1855472875 0.5053720937499999 0.19628837187499998 0.5126953484375 0.23046821718750002 0.5112302328125 0.25 0.5024418609375 0.24218759687500002 0.484862790625 0.2441410859375 0.4086906984375 0.20507751875000002 0.3940418609375
4 0.6083984499999999 0.4804697671875 0.6113286828125 0.44970697656249997 0.5439457359375 0.4482418609375 0.541015503125 0.4790046515625 0.562500775 0.48193255781250005 0.5830077515625 0.45410232500000003 0.5937503875 0.4584953484375 0.5966790703125 0.47753953437499996 0.6083984499999999 0.4804697671875
4 0.7080077515625 0.3603511625 0.7060542640625 0.44531162812499997 0.632812403125 0.452637209375 0.632812403125 0.46728604687499997 0.649413953125 0.48339767499999997 0.8671875968749999 0.484862790625 0.868164340625 0.4482418609375 0.79882790625 0.44677674375 0.7978511625 0.3603511625 0.7080077515625 0.3603511625
4 1 0.001465115625 0.8740232562499999 0 0.8730465109375001 0.5083 0.8955085265625 0.509765115625 0.9042961234375 0.5200186046875 0.9003906984375 0.54052790625 0.912110078125 0.5493162796875 0.912110078125 0.6225581390625 0.9169922484375 0.6298837203125001 0.9423829453125 0.632811628125 0.9501953484375001 0.600586046875 0.9736325578124999 0.600586046875 0.991210853125 0.6035162796875 0.9941410859375001 0.6313465109374999 1 0.63427674375 1 0.5170906984375 0.9521488375 0.5126953484375 0.9414062015625 0.5024418609375 0.9414062015625 0.27392558125 1 0.24169999999999997 1 0.001465115625
4 0.47949147343750004 0.641602325 0.44726511562500004 0.64892558125 0.4501953484375 0.670897675 0.4804682171875 0.672362790625 0.50097674375 0.6679697671875 0.5039069765625 0.64892558125 0.4873054265625 0.6503906984375 0.47949147343750004 0.641602325
4 0.8183596906249999 0.77197209375 0.8066403093750001 0.7543953484375 0.8066403093750001 0.6606441859375 0.7705085265625 0.6533209296875 0.71972713125 0.6562511625 0.7207038765625 0.733886046875 0.7060542640625 0.7587883718749999 0.66992248125 0.77197209375 0.6835937984375 0.8833 0.680663565625 0.9023441859375 0.6679689921875 0.8979488375000001 0.649413953125 0.7763674421875 0.5742186046875 0.7866209296875 0.5664062015625 0.8100581390625001 0.568359690625 0.962402325 0.56152403125 0.9785162796875 0.54882790625 0.9711906984375 0.54687441875 0.8569325578125 0.5351565890625001 0.83642558125 0.5341798453125 0.7851558140625 0.45214883749999996 0.773437209375 0.443359690625 0.7954093015625 0.431640309375 0.8950186046875 0.41699224843750005 0.90527441875 0.414062015625 0.8774418609374999 0.4257813953125 0.7690418609375 0.39160154999999996 0.75 0.3623054265625 0.75 0.34277364375 0.773437209375 0.335937984375 0.7485348843749999 0.312500775 0.725097675 0.3085937984375 0.6899418609375 0.30175813906250004 0.6855465109375001 0.2695317828125 0.7456046515625 0.2675782953125 0.7954093015625 0.2626945734375 0.802734884375 0.2558589140625 0.8012697671875 0.2558589140625 0.77197209375 0.2451178296875 0.7705069765625 0.0585937984375 0.9917 0.06542945781250001 0.9990232562499999 0.17285116250000002 0.9990232562499999 0.2001953484375 0.990234884375 0.209961240625 0.9990232562499999 1 0.9975581390625001 0.9990232562499999 0.9316395343749999 0.84277364375 0.7910162796875 0.8232418609375 0.8144534890624999 0.8183596906249999 0.77197209375
