4 0.3610930234375 0.48372092968749997 0.406813953125 0.48372092968749997 0.41577364375 0.47565581406249996 0.4170542640625 0.4199674421875 0.4170542640625 0.3637790703125 0.4118682171875 0.1563209296875 0.094485271875 0.0054418609375 0.095462015625 0.4815162796875 0.1851410859375 0.48372092968749997 0.2748542640625 0.48372092968749997 0.2810077515625 0.46393720937499994 0.277102325 0.417062790625 0.253665115625 0.37897674375 0.2624542640625 0.36286279062500004 0.28979689999999997 0.3570046515625 0.33764961250000003 0.3819069765625 0.31421085312499997 0.43756976718749996 0.31518759687500003 0.4829813953125 0.3610930234375 0.48372092968749997
4 0.152314728125 0.601962790625 0.1591503875 0.5858511625 0.23922790625 0.5741302328125 0.2714542640625 0.57852558125 0.2675488375 0.7162209296875 0.2812201546875 0.7601674421875 0.274384496875 0.8524511625000001 0.43942325625 0.774813953125 0.44137674374999997 0.6254 0.43454108593749996 0.6210069765624999 0.41012713125 0.6371186046874999 0.40622015468750006 0.7220813953125 0.37790077499999997 0.7294046515625 0.3573922484375 0.7015720937500001 0.355438759375 0.6400488375 0.3280961234375 0.6195418609375001 0.31637674374999997 0.57852558125 0.3661813953125 0.56827209375 0.3739937984375 0.5272558140625 0.386689921875 0.5316511625 0.3896186046875 0.562411628125 0.447235659375 0.5638767437500001 0.447235659375 0.22403255781250003 0.48837209374999996 0.17667907031250002 0.48837209374999996 0.1635046515625 0.43063410781250006 0.1317488375 0.41012713125 0.15958139531249999 0.41110387656249997 0.48331162812499995 0.086885271875 0.486239534375 0.0780961234375 0.49356511562499994 0.08200155 0.8714953484375 0.089813953125 0.92422790625 0.0951503875 0.9302325578125 0.10319845000000001 0.9302325578125 0.1562201546875 0.9037209296875 0.1425488375 0.8568465109375 0.1405953484375 0.8099720937500001 0.1562201546875 0.757237209375 0.152314728125 0.601962790625
4 0.0673906984375 0 0.000362790625 0.0011046515625 0.000362790625 0.9930232562500001 0.0457519375 0.9930232562500001 0.0804418609375 0.9005186046875 0.07848837187499999 0.4874325578125 0.09302325624999999 0.47925813906250003 0.09302325624999999 0.37170000000000003 0.08923410781249999 0 0.0673906984375 0
4 0.545262015625 0.605160465625 0.5794418609374999 0.6242046515624999 0.717136434375 0.669613953125 0.7193798453125 0.16827674374999999 0.7193798453125 0.01512325625 0.7063937984375 0.020688371875 0.5540511625 0.170102325 0.545262015625 0.183286046875 0.5433085265625001 0.25945813906250004 0.545262015625 0.605160465625
4 0.11442325625000001 0.00232558125 0.16497674375 0.035232557812499996 0.40130542656249996 0.1494906984375 0.41302325624999997 0.1494906984375 0.4247426359375 0.1260534890625 0.43060155 0.1260534890625 0.5009147281249999 0.1612093015625 0.53997674375 0.12312325625000001 0.5429069765625 0.16560465156249998 0.5478062015625 0.1674418609375 0.5518310078125 0.1674418609375 0.7193798453125 0.0027813953124999997 0.7193798453125 0.00232558125 0.11442325625000001 0.00232558125
4 0.1720790703125 1 0.1736434109375 0.9487418609375 0.1736434109375 0.93237209375 0.1720682171875 0.915839534375 0.1632790703125 0.9055837203125 0.0949209296875 0.937811628125 0.07636589218749999 0.9920093015625 0.08106511562499999 1 0.1720790703125 1
4 0.6060945734375001 0.9953488374999999 0.4462573640625 0.7846534890625 0.4306325578125 0.7846534890625 0.2665705421875 0.86082558125 0.2597333328125 0.876939534375 0.2577813953125 0.9560395343750001 0.23531782968749998 0.9953488374999999 0.6060945734375001 0.9953488374999999
4 0.5315922484375 0.558137209375 0.535497675 0.53762790625 0.527685271875 0.543488371875 0.5159674421875 0.4380186046875 0.5101085265624999 0.4145813953125 0.4925302328125 0.3911441859375 0.498389146875 0.30032325625 0.48862325625 0.26809767500000004 0.496435659375 0.2593069765625 0.4925302328125 0.23294186093749997 0.5071782953125 0.20510930156249998 0.513037209375 0.20510930156249998 0.5101085265624999 0.32083255781250003 0.51987286875 0.3530581390625 0.51987286875 0.40872325624999994 0.5315922484375 0.4116511625 0.527685271875 0.50247209375 0.53452248125 0.533234884375 0.5364341078125 0.3085441859375 0.5364341078125 0.188311628125 0.5091317828124999 0.16995348906250002 0.481787596875 0.1875302328125 0.451514728125 0.23001162812499998 0.451514728125 0.619660465625 0.465186046875 0.6255186046875 0.48862325625 0.6167302328125001 0.47885736406249996 0.5962232562499999 0.4837410859375 0.5859674421875 0.5169441859374999 0.583039534375 0.5237798453125 0.590362790625 0.5208496125 0.6123348843749999 0.5364341078125 0.605460465625 0.5364341078125 0.5968720937499999 0.5315922484375 0.558137209375
4 0.9736108531250001 0.930986046875 0.9960170546875 0.9372093015624999 0.9984496125 0.9372093015624999 0.9984496125 0.7591209296875 0.9013457359375 0.728837209375 0.896463565625 0.736160465625 0.8945100781249999 0.8181930234375001 0.90232248125 0.8826465109375 0.9736108531250001 0.930986046875
4 0.7276248062499999 0 0.7227426359375 0.9945720937500001 0.753337984375 0.9953488374999999 0.8449658921875001 0.9953488374999999 0.8477426359375 0.9828511625 0.849612403125 0.8370069765625001 0.849612403125 0.007058139062500001 0.8467891468750001 0 0.7276248062499999 0
