4 0.2167969 0.048339534375 0.2080077515625 0 0 0.001465115625 0.00097674375 0.08496046562500001 0.27539069843749997 0.11572325624999999 0.2929689921875 0.0834953484375 0.274413953125 0.061523256250000005 0.22363255781250002 0.055665115625 0.2167969 0.048339534375
4 0.37402325625 0.210937209375 0.3701178296875 0.1669930234375 0.35839845000000004 0.1904302328125 0.3466790703125 0.193360465625 0.336914728125 0.1904302328125 0.32128837187500003 0.15527441875 0.30371162812499997 0.1611325578125 0.274413953125 0.14062558125 0.2470697671875 0.1435558140625 0.2080077515625 0.12597674375 0 0.10400465156250001 0.00097674375 0.243165115625 0.416015503125 0.2709953484375 0.4082031 0.2475581390625 0.414062015625 0.203613953125 0.3896480625 0.21972558125 0.37402325625 0.210937209375
4 0.46386666718749997 0 0.49511782968749996 0.043944185937500005 0.5185550390625 0.041016279687500004 0.5273441859375 0.048339534375 0.5214837203125 0.095213953125 0.5263674421875 0.108397675 0.5595705421875 0.1289069765625 0.579102325 0.158202325 0.6113286828125 0.1684581390625 0.6064449609375 0.1757813953125 0.5732418609375001 0.1757813953125 0.5664062015625 0.1918953484375 0.5742186046875 0.22412092968750003 0.5576170546875 0.2460930234375 0.524413953125 0.24902325625000002 0.51562480625 0.24169999999999997 0.5117193796875 0.2211906984375 0.491210853125 0.1992186046875 0.4687503875 0.203613953125 0.475586046875 0.2812511625 0.5673829453125 0.2841790703125 0.572265115625 0.2915046515625 0.5673829453125 0.30468837187500003 0.5107426359375 0.30468837187500003 0.4892573640625 0.2929697671875 0.4560542640625 0.30468837187500003 0.4482418609375 0.2929697671875 0.3798821703125 0.2841790703125 0.3701178296875 0.290039534375 0.3544914734375 0.2812511625 0.2939457359375 0.28710930156250003 0.086914728125 0.26074186093749996 0 0.25927674375 0.00097674375 0.3076162796875 0.0185550390625 0.31054651093749996 0.040038759374999996 0.2929697671875 0.1826170546875 0.30468837187500003 0.2070310078125 0.3325186046875 0.21093798437500003 0.41748139531249995 0.2187503875 0.4204093015625 0.2314449609375 0.4013674421875 0.305663565625 0.398437209375 0.3251953484375 0.3896488375 0.4248046515625 0.40722558124999997 0.4404294578125 0.398437209375 0.43359379843749996 0.405762790625 0.43652403125 0.4101558140625 0.5439457359375 0.4101558140625 0.5517581390624999 0.4013674421875 0.5751953484375 0.4101558140625 0.58007751875 0.3881837203125 0.5605472875 0.38232325624999997 0.58007751875 0.37353488437500004 0.5751953484375 0.3544930234375 0.3779302328125 0.3398441859375 0.3251953484375 0.34570232500000003 0.3173829453125 0.336913953125 0.272460465625 0.3339837203125 0.2548821703125 0.3486325578125 0.24902325625000002 0.336913953125 0.23242170468749998 0.3295906984375 0.2646480625 0.3251953484375 0.273437209375 0.3149418609375 0.2714837203125 0.297362790625 0.28027286875 0.2929697671875 0.287110078125 0.30322325625 0.2792961234375 0.3237302328125 0.28613333281250003 0.32812558125 0.5751953484375 0.34277441875000003 0.58007751875 0.3354488375 0.57617209375 0.2915046515625 0.5830077515625 0.2841790703125 0.8535162796875 0.2153325578125 0.709961240625 0.193360465625 0.697265115625 0.186034884375 0.7001953484375 0.1757813953125 0.8583984499999999 0.19628837187499998 0.8564449609375 0.21386744218749998 0.9638666671875 0.193360465625 0.9785162796875 0.1831046515625 0.9687503875000001 0.16552790625 0.9707038765625 0.1420906984375 1 0.1274418609375 1 0.0131837203125 0.96777364375 0.0175790703125 0.959961240625 0 0.46386666718749997 0
4 0.4248046515625 0.615234884375 0.41992248125 0.6430674421875 0.4257813953125 0.64892558125 0.446288371875 0.641602325 0.45507751875 0.6108395343749999 0.4404294578125 0.6064441859375 0.4248046515625 0.615234884375
4 0.13378914687500001 0.9111325578124999 0.04687441875 0.9653325578124999 0.06152403125 0.9990232562499999 0.0898434109375 0.9975581390625001 0.1513674421875 0.960937209375 0.15234418593750002 0.91552790625 0.14746046562499998 0.9082023250000001 0.13378914687500001 0.9111325578124999
4 0.5976558140625 0.91552790625 0.6035162796875 0.9331046515624999 0.5957038765625 0.9829093015625 0.600586046875 0.9990232562499999 0.70507751875 0.9975581390625001 0.708984496875 0.95947209375 0.704102325 0.9521488375 0.6123054265625 0.914062790625 0.5976558140625 0.91552790625
4 0.96777364375 0.9375 0.9648434109374999 0.912597675 0.976562790625 0.8334953484375 0.9736325578124999 0.8144534890624999 0.78222635625 0.7705069765625 0.773437209375 0.774902325 0.7753906984375 0.8305674421875 0.7636713171875 0.8803720937499999 0.7363286828125 0.9536139531250001 0.7207038765625 0.9653325578124999 0.727539534375 0.9990232562499999 0.9746093015625 0.9975581390625001 0.9804682171874999 0.985839534375 0.98437519375 0.906737209375 0.9785162796875 0.906737209375 0.96777364375 0.9375
4 0 0.91552790625 0.0185550390625 0.9375 0.0341798453125 0.9375 0.11621085312499999 0.8876953484375001 0.1533209296875 0.8906255812499999 0.162110078125 0.9038093015625 0.170897675 0.960937209375 0.2001953484375 0.9785162796875 0.2451178296875 0.9726558140625 0.26074263593749997 0.9990232562499999 0.2792961234375 0.9975581390625001 0.27539069843749997 0.9418953484375001 0.2812496125 0.9184581390625001 0.32324186093749996 0.8701162796874999 0.35937519375 0.8569325578125 0.3613286828125 0.8100581390625001 0.34960930156250003 0.7954093015625 0.3476558140625 0.7514651156250001 0.367187596875 0.72802790625 0.367187596875 0.6811534890625001 0.37402325625 0.670897675 0.4013674421875 0.6621093015625 0.40332092968750005 0.63867209375 0.39160154999999996 0.63867209375 0.38574263593749997 0.6503906984375 0.366210853125 0.6445302328125 0.2001953484375 0.68847674375 0.170897675 0.711913953125 0.1064449609375 0.7148441859375 0.0673829453125 0.7412116281250001 0.0439457359375 0.744139534375 0.041992248437500004 0.75 0.052734884375 0.7514651156250001 0 0.7924813953125 0 0.91552790625
4 0.3886713171875 0.6254883718750001 0.4023441859375 0.6254883718750001 0.4062496125 0.6049813953125 0.39160154999999996 0.600586046875 0.3896480625 0.5830069765625 0.3886713171875 0.6254883718750001
4 0.2998046515625 0.6123046515625 0.288085271875 0.6064441859375 0.28320310000000004 0.6254883718750001 0.2763674421875 0.6269534890624999 0.2695317828125 0.6079093015625 0.272460465625 0.591797675 0.26074263593749997 0.5888674421875 0.2626945734375 0.6064441859375 0.2470697671875 0.6064441859375 0.2451178296875 0.5976558140625 0.23925736406250003 0.6123046515625 0.2314449609375 0.5976558140625 0.21972713124999999 0.5976558140625 0.212889921875 0.6254883718750001 0.20507751875000002 0.6313465109374999 0.20507751875000002 0.6518558140625 0.2167969 0.654786046875 0.32128837187500003 0.632811628125 0.3437503875 0.6196279062500001 0.33886666718749997 0.6064441859375 0.2998046515625 0.6123046515625
4 0.2167969 0.5229488375 0.2246093015625 0.5258790703125 0.31347596875 0.524413953125 0.3144527125 0.45556744218749995 0.21972713124999999 0.4482418609375 0.2167969 0.5229488375
4 0.5048821703125 0.45410232500000003 0.5048821703125 0.43359302343749995 0.37304651093749996 0.44677674375 0.37402325625 0.5126953484375 0.3896480625 0.524413953125 0.458984496875 0.5229488375 0.5 0.5170906984375 0.4667969 0.5083 0.4667969 0.4584953484375 0.5048821703125 0.45410232500000003
4 0.49902325625 0.43359302343749995 0.5019534890624999 0.423339534375 0.49902325625 0.41601627968750005 0.4345705421875 0.4189441859375 0.37402325625 0.4101558140625 0.375 0.44677674375 0.4345705421875 0.44531162812499997 0.45800775156249995 0.43652325625 0.46777364375 0.4423837203125 0.49902325625 0.43359302343749995
4 0.2216790703125 0.4482418609375 0.3144527125 0.44970697656249997 0.31347596875 0.3955069765625 0.2070310078125 0.3940418609375 0.2070310078125 0.42626976718750004 0.2216790703125 0.4482418609375
4 0.587889921875 0.6254883718750001 0.5966790703125 0.6357418609375001 0.663085271875 0.641602325 0.66992248125 0.6313465109374999 0.664062015625 0.6079093015625 0.6835937984375 0.5903325578125 0.6835937984375 0.5668953484375 0.6923829453125 0.5595697671875 0.7226558140625 0.578613953125 0.7285162796875 0.6049813953125 0.7402341078125 0.6137697671875 0.7480465109375001 0.6518558140625 0.7626945734375 0.6591790703125 0.76562480625 0.672362790625 0.7675782953125 0.250488371875 0.75097674375 0.2460930234375 0.586914728125 0.290039534375 0.587889921875 0.6254883718750001
4 0.1748046515625 0.3076162796875 0.0361333328125 0.29882790625 0.0332031 0.5727534890625 0.0351565890625 0.6137697671875 0.048827906250000004 0.6225581390625 0.041015503125000005 0.64892558125 0.04492248125 0.6899418609375 0.053711628125 0.711913953125 0.10742170468750001 0.7104488375 0.17871162812500002 0.7060558140625 0.20507751875000002 0.64892558125 0.20507751875000002 0.3354488375 0.1748046515625 0.3076162796875
4 0.3710930234375 0.5258790703125 0.3710930234375 0.399902325 0.3173829453125 0.3955069765625 0.3164062015625 0.5229488375 0.3710930234375 0.5258790703125
4 0.507812403125 0.5170906984375 0.5195317828125 0.5200186046875 0.5312496125 0.48779302343750003 0.5312496125 0.423339534375 0.5107426359375 0.41601627968750005 0.507812403125 0.5170906984375
