4 0.07812558124999999 0.64892558125 0.08007751874999999 0.6811534890625001 0.0898434109375 0.6811534890625001 0.1132806203125 0.66357441875 0.1123054265625 0.5742186046875 0.0976558140625 0.6167 0.07812558124999999 0.64892558125
4 0.17187441875 0.5610348843749999 0.14746046562499998 0.5625 0.1425782953125 0.5288093015625 0.17382790625 0.5112302328125 0.17382790625 0.1918953484375 0.1611333328125 0.181639534375 0.1220697671875 0.181639534375 0.0986325578125 0.22265581406249998 0.069336434375 0.240234884375 0.03222635625 0.240234884375 0.00097674375 0.21679767499999997 0 0.44677674375 0.0097658921875 0.452637209375 0.0117193796875 0.49951162812499994 0.01660155 0.506834884375 0.0341798453125 0.5126953484375 0.0908201546875 0.4892581390625 0.11523410781250001 0.49072325625 0.11914108593749999 0.3002930234375 0.11914108593749999 0.6313465109374999 0.12109302343749999 0.6518558140625 0.1289069765625 0.6518558140625 0.1376945734375 0.6503906984375 0.1513674421875 0.62402325625 0.17187441875 0.6137697671875 0.17187441875 0.5610348843749999
4 0.2841798453125 0 0.2285162796875 0.0512697671875 0.2382806203125 0.06884651093750001 0.24023410781250001 0.18017674374999998 0.179686821875 0.186034884375 0.179686821875 0.6225581390625 0.209961240625 0.632811628125 0.22949147343749998 0.5771488375 0.2646480625 0.568360465625 0.28320310000000004 0.58447209375 0.29492248125 0.6284186046875 0.30468682187499996 0.6313465109374999 0.306640309375 0.45556744218749995 0.31152403125 0.4482418609375 0.446288371875 0.413086046875 0.45507751875 0.39697209375 0.45312558125 0.3559581390625 0.45996124062500005 0.3486325578125 0.5332030999999999 0.35302790625 0.5341798453125 0 0.2841798453125 0
4 0.2646480625 0.023437209375 0.2812496125 0.001465115625 0 0.001465115625 0.00097674375 0.029297675000000002 0.030272868749999998 0.005860465625 0.0732418609375 0.014648837500000001 0.11523410781250001 0.07177674375000001 0.1201178296875 0.0585930234375 0.131835659375 0.052734884375 0.22753953437500002 0.0498046515625 0.2646480625 0.023437209375
4 1 0.962402325 0.9873054265625001 0.9638674421875001 0.98437519375 0.9799813953125 1 0.9917 1 0.962402325
4 0.0966790703125 0.6855465109375001 0.0976558140625 0.6958 0.14160155000000002 0.6767581390624999 0.1503906984375 0.66357441875 0.12597674375 0.665039534375 0.0966790703125 0.6855465109375001
4 0.060547287500000005 0.725097675 0.0439457359375 0.68847674375 0.031249612500000003 0.6958 0.031249612500000003 0.766113953125 0.0185550390625 0.7705069765625 0.00097674375 0.70312558125 0 0.9975581390625001 0.08398449687500001 0.9975581390625001 0.0937503875 0.9565418609374999 0.10546821718749999 0.7924813953125 0.0644527125 0.7573232562500001 0.060547287500000005 0.725097675
4 0.8330077515625 0.9873046515624999 0.413085271875 0.78222558125 0.40429612343750004 0.7866209296875 0.4082031 0.93017674375 0.41699224843750005 0.9990232562499999 0.680663565625 0.9990232562499999 0.6923829453125 0.9873046515624999 0.71972713125 0.9990232562499999 0.9414062015625 0.9975581390625001 0.9531255812499999 0.9917 0.8642573640625001 0.9638674421875001 0.8544914734375 0.9843744187500001 0.8330077515625 0.9873046515624999
4 0.37304651093749996 0.8247069765624999 0.3847658921875 0.8188465109375 0.3798821703125 0.79687441875 0.34472713125 0.802734884375 0.34277364375 0.8115232562499999 0.290038759375 0.8144534890624999 0.28222635625 0.8408209296875 0.273437209375 0.8393558140625 0.2705085265625 0.8173837203125001 0.19824186093750001 0.8173837203125001 0.1894527125 0.827637209375 0.1845705421875 0.8789069765624999 0.1757813953125 0.874511628125 0.177734884375 0.8188465109375 0.17285116250000002 0.8115232562499999 0.125 0.7983395343749999 0.10351627968749999 0.9829093015625 0.11035193750000001 0.9990232562499999 0.3945317828125 0.9975581390625001 0.40039069843749997 0.9917 0.40039069843749997 0.9711906984375 0.3886713171875 0.8393558140625 0.37304651093749996 0.8247069765624999
4 0.5351565890625001 0.35302790625 0.5429689921875 0.3559581390625 0.5898434109374999 0.350097675 0.5830077515625 0 0.537110078125 0.001465115625 0.5351565890625001 0.35302790625
