4 0.0048841812499999995 0.06939215625 0.591008475 0.305882353125 0.6141073453125 0.305882353125 0.7412118640625 0.2754588234375 0.7568361578125 0.1968274515625 0.9990225984375 0.1236196078125 1 0.00296470625 0 0.00296470625 0.0048841812499999995 0.06939215625
4 1 0.12605490156250002 0.7610113000000001 0.1978235296875 0.7525903953124999 0.2666666671875 0.783573446875 0.2666666671875 0.9992937859375 0.21951764687500003 1 0.1518666671875 1 0.12605490156250002
4 0.2980113 0.45292941249999996 0.2872683609375 0.30515686249999996 0.26871468906249996 0.303803921875 0.264807909375 0.2821098046875 0.22379378593750002 0.2794 0.22086440624999998 0.240086275 0.24918361562500002 0.2387294125 0.25113559375 0.21974902031250002 0.35465254218750003 0.21161568593750002 0.31754237343749997 0.21161568593750002 0.3155903953125 0.1980588234375 0.0011355937499999999 0.07062352968749999 0.00016101718750000002 0.128917646875 0.03238700625 0.15196470625 0.077307909375 0.154674509375 0.09488700625 0.17365490156250002 0.1534802265625 0.176368628125 0.15738700625 0.19263529375 0.19937853125 0.1994156859375 0.069497175 0.3227843140625 0.0011355937499999999 0.3010901953125 0.00016101718750000002 0.343117646875 0.03336440625 0.3485411765625 0.031409604687499995 0.630525490625 0.072426553125 0.6251019609374999 0.07047175156249999 0.36209803906250004 0.0890282484375 0.3363411765625 0.09390960468750001 0.6522156859375 0.196449153125 0.7755843140625001 0.2098333328125 0.7764705875 0.2177203390625 0.7764705875 0.25211299375 0.7552509796875 0.23062994374999998 0.7254235296875 0.23062994374999998 0.5871450984375 0.2814096046875 0.5654509796875 0.280432203125 0.5261372546875001 0.2501610171875 0.5356274515624999 0.256997175 0.48817647031250005 0.2706666671875 0.5152901953125 0.327307909375 0.5098705875 0.33121468906249996 0.5613843140625 0.4484011296875 0.542403921875 0.4796525421875 0.4990235296875 0.48648870000000005 0.532917646875 0.5079717515625 0.5518941171875 0.5079717515625 0.6034117640625001 0.5206666671875 0.61019215625 0.5480113 0.5586745093750001 0.5597288140625001 0.5640980390625 0.5875706218750001 0.5387764703125 0.5875706218750001 0.4370431375 0.5753559328125 0.4122588234375 0.5470338984375 0.3973450984375 0.55387005625 0.36345490156250004 0.5860960453125 0.36480784375 0.5841440671875 0.3132941171875 0.546059321875 0.2848235296875 0.4249632765625 0.24415294062499998 0.4249632765625 0.25770980468750004 0.46598022656250004 0.2631333328125 0.4689096046875 0.2834666671875 0.4503559328125 0.3227843140625 0.425940678125 0.3268509796875 0.425940678125 0.4488627453125 0.2980113 0.45292941249999996
4 0.22579378593750002 0.1974509796875 0.2256694921875 0.19607843125 0.22560734531249999 0.19607843125 0.22559039531249997 0.1974431375 0.22579378593750002 0.1974509796875
4 0.5576440671875 0.3581450984375 0.5840113 0.3079843140625 0.32717514062499997 0.200886275 0.22579378593750002 0.1974509796875 0.233426553125 0.2822274515625 0.3037372875 0.28493725468750003 0.42287853125 0.3228980390625 0.425807909375 0.4516901953125 0.4375282484375 0.45439999999999997 0.43948022656249996 0.41372941250000006 0.4502231640625 0.4123725484375 0.45498587500000004 0.47450980468750004 0.4564802265625 0.47450980468750004 0.5576440671875 0.3581450984375
4 0.22463841874999999 0.27816078437499997 0.22559039531249997 0.1974431375 0.207059321875 0.1968156859375 0.20803672343750002 0.2822274515625 0.22463841874999999 0.27816078437499997
4 0.000197740625 0.292168628125 0.0627627125 0.305882353125 0.0772683609375 0.305882353125 0.19491525468749998 0.20051372500000003 0.19491525468749998 0.1997764703125 0.001175140625 0.133552940625 0.000197740625 0.292168628125
4 0.5367231640625 0.908760784375 0.5367231640625 0.862913725 0.4898333328125 0.848874509375 0.5367231640625 0.908760784375
4 0.6665169484375 0.769168628125 0.7329237281250001 0.79899215625 0.7182740109375 0.808482353125 0.7621694921875 0.8352941171875001 0.7677768359375 0.8352941171875001 0.782485875 0.7694980390625 0.782485875 0.758831371875 0.7495254234375001 0.74612156875 0.7475734468749999 0.6322431374999999 0.7153446328124999 0.6471529406250001 0.70362711875 0.682403921875 0.6997203390625 0.6254627453125 0.6743305078125 0.6146196078124999 0.66749435 0.6512235296875 0.6587062140625 0.6525764703125 0.6528446328124999 0.6146196078124999 0.625502825 0.609196078125 0.6089011296875 0.6403764703125 0.6089011296875 0.6783372546875001 0.6704237281250001 0.706803921875 0.6665169484375 0.769168628125
4 0.505324859375 0.659847059375 0.47895762656249996 0.6747568625 0.47212146875 0.7113607843749999 0.456497175 0.6815372546875 0.34516949218750004 0.738474509375 0.3354011296875 0.7818588234375 0.3041525421875 0.7438980390625 0.20259039531249998 0.784568628125 0.083449153125 0.6435764703125 0.000440678125 0.6286666671875001 0.0014096046875000001 0.99607843125 0.65536723125 0.99607843125 0.65536723125 0.98859215625 0.6469265531249999 0.9323411765625 0.6332542375 0.916074509375 0.6244661015624999 0.8279529406249999 0.55512994375 0.8672666671875 0.5609887 0.8916705875 0.5502457625 0.9635215687500001 0.47212146875 0.8469333328124999 0.4340338984375 0.8808235296875001 0.43794067812500004 0.8238862749999999 0.4184096046875 0.7750784312500001 0.43305932187499996 0.75203529375 0.5355988703125 0.6856039218750001 0.505324859375 0.659847059375
