4 0.592322034375 0.135674509375 0.6050169484375 0.1505843140625 0.5981807906250001 0.181768628125 0.6772824859375 0.18583529375000002 0.8071638421875 0.18447843125000002 0.997175140625 0.0037176468749999998 0.997175140625 0.0014588234375 0.026889831250000003 0.0014588234375 0.1177118640625 0.1112705875 0.1997429375 0.18447843125000002 0.355991525 0.1871882359375 0.363805084375 0.1275372546875 0.46146045156250004 0.119403921875 0.48685310781249996 0.10042352968749998 0.5005254234375001 0.14380784375 0.5122429375 0.132960784375 0.5347033890625 0.1424509796875 0.53763276875 0.181768628125 0.5708361578125001 0.17905490156249998 0.5698587578125001 0.1424509796875 0.592322034375 0.135674509375
4 0.2897090390625 0.24261176406249998 0.48668361562499995 0.2431372546875 0.7990960453125 0.2431372546875 0.8050847453125 0.2348235296875 0.8050847453125 0.2246196078125 0.7994745765625 0.18567450937500002 0.2008418078125 0.1897411765625 0.2037711859375 0.2263450984375 0.2740819203125 0.2290549015625 0.2897090390625 0.24261176406249998
4 1 0.3357019609375 0.99936440625 0.008925490625000001 0.8089350281250001 0.19465882343750002 0.81186440625 0.2421058828125 0.8411610171874999 0.23668235312500002 0.845067796875 0.212282353125 0.8567881359375 0.22583921562499998 0.8626468921875 0.21499215624999998 0.8880367234375001 0.2556627453125 0.8938954796875 0.2448196078125 0.9173333328125001 0.2556627453125 0.9300282484375 0.2868431375 0.928076271875 0.338360784375 0.907567796875 0.366831371875 0.8440932203125 0.37360784375 0.8343276843749999 0.425125490625 0.8167485875 0.44139607812500004 0.8147966109375 0.49562352968749995 0.9765395484375 0.509803921875 1 0.509803921875 1 0.3357019609375
4 0 0.5789803921875001 0.0588983046875 0.5749568625 0.0667090390625 0.5288627453125 0.0999124296875 0.5261529406250001 0.11065536718749999 0.576313725 0.1448926546875 0.5921568625 0.145816384375 0.5921568625 0.1497175140625 0.2401019609375 0.1936638421875 0.2278980390625 0.1977401125 0.199596078125 0.1977401125 0.1932196078125 0.000302259375 0.0001411765625 0 0.0738509796875 0 0.239682353125 0.020810734375 0.310596078125 0.0227655375 0.3892274515625 0.013000000000000001 0.43260784374999994 0 0.43776470625 0 0.5789803921875001
4 0.8885225984374999 0.283603921875 0.9180790953125 0.26052549062499997 0.9180790953125 0.257031371875 0.89438135625 0.2266666671875 0.8719717515625 0.13333333281249998 0.8717033890625 0.13333333281249998 0.8084435031250001 0.1941294125 0.8084435031250001 0.2375098046875 0.83188135625 0.25106666718750004 0.83188135625 0.42188627500000003 0.8103983046875 0.43544313749999997 0.8103983046875 0.484247059375 0.8152796609375 0.499160784375 0.8589717515625 0.501960784375 0.8787175140624999 0.501960784375 0.876805084375 0.4408666671875 0.8885225984374999 0.37579215625 0.9021949156250001 0.3649490203125 0.8885225984374999 0.3324117640625 0.8885225984374999 0.283603921875
4 0.799435028125 0.46654117656249994 0.799435028125 0.4218588234375 0.6027627125 0.4258941171875 0.61936440625 0.5302823531249999 0.6642853109375 0.5302823531249999 0.663310734375 0.4991019609375 0.67600565 0.47876470624999995 0.73850565 0.467917646875 0.7424096046875001 0.49774509843750003 0.710183615625 0.5018117640625 0.72287853125 0.53299215625 0.726070621875 0.5333333328125 0.7387429375 0.5333333328125 0.7609661015625 0.5262156859375 0.761943503125 0.46520784375 0.799435028125 0.46654117656249994
4 0.3038983046875 0.49098823593749996 0.31952259843749997 0.49098823593749996 0.32538418125 0.47200784375 0.3761638421875 0.47200784375 0.38007062187499996 0.4964117640625 0.38397740156250004 0.4828549015625 0.3947175140625 0.4923450984375 0.3996016953125 0.53979215625 0.47088983124999995 0.5411490203125 0.4982344625 0.5330156859375 0.5001864406250001 0.4923450984375 0.5148361578125 0.47200784375 0.5490169484375 0.47607450937499995 0.5460847453125 0.4964117640625 0.5294830515625 0.50047843125 0.531437853125 0.535725490625 0.5597570625 0.537082353125 0.5646412421875 0.44625097968749994 0.578313559375 0.42727058749999997 0.49335028281250004 0.4204941171875 0.4855395484375 0.3852431375 0.3937429375 0.3852431375 0.38788418125 0.4204941171875 0.3009689265625 0.421847059375 0.3038983046875 0.49098823593749996
4 0.05113559375 0.957768628125 0.058954801562500006 0.9686274515625 0.06362146875 0.9686274515625 0.073446328125 0.958886275 0.073446328125 0.953431371875 0.0657824859375 0.92387843125 0.05113559375 0.957768628125
4 0.0151553671875 0.9098039218749999 0.0103954796875 0.9666549015625 0.0214180796875 0.9921568625000001 0.0222598875 0.9921568625000001 0.025423728125 0.957003921875 0.025423728125 0.9480549015624999 0.0156468921875 0.9098039218749999 0.0151553671875 0.9098039218749999
4 0.2358559328125 0.92356470625 0.21730225937499997 0.9222078437500001 0.22218361562500002 0.9940588234375 0.24689830468750001 0.99607843125 0.25423728749999996 0.99607843125 0.25423728749999996 0.9924588234374999 0.2358559328125 0.92356470625
4 1 0.9677490203125 0.9992937859375 0.8922549015625 0.8410903953125001 0.8949686281250001 0.8215593218749999 0.8570078437499999 0.7405310734375 0.7686274515625 0.319197740625 0.7686274515625 0.3049576265625 0.806847059375 0.3518333328125 0.9695294125 0.3430423734375 0.9736 0.32644350312500003 0.9397058828124999 0.2883559328125 0.819047059375 0.279567796875 0.836674509375 0.2893333328125 0.8990352937500001 0.2707768359375 0.87056470625 0.2522231640625 0.9017450984375 0.2761497171875 0.99607843125 1 0.99607843125 1 0.9677490203125
4 0.8044887 0.5079882359375001 0.8074180796875 0.539168628125 0.8386694921875 0.541882353125 0.8201129937499999 0.51612156875 0.832807909375 0.5093450984375 0.8523418078124999 0.528325490625 0.9070282484375 0.5256117640625 0.9177711859375 0.5378156859375001 0.9148418078124999 0.5581490203125 0.94786723125 0.5607843140625 0.997175140625 0.5607843140625 0.997175140625 0.5147098046874999 0.8044887 0.5079882359375001
