4 0.07812558124999999 0.001465115625 0.1123054265625 0.2314441859375 0.24121085312499999 0.26074186093749996 0.2460930234375 0.2534186046875 0.2460930234375 0.08935581406250001 0.2529302328125 0.0878906984375 0.3955085265625 0.1435558140625 0.40039069843749997 0.1508790703125 0.398437209375 0.2622069765625 0.4062496125 0.265137209375 0.4687503875 0.203613953125 0.4687503875 0.0805674421875 0.524413953125 0 0.07812558124999999 0.001465115625
4 0.0732418609375 0.3896488375 0.08398449687500001 0.39697209375 0.087889921875 0.4145511625 0.086914728125 0.60937441875 0.12597674375 0.6064441859375 0.1425782953125 0.587402325 0.148437209375 0.5698232562500001 0.14062480625 0.5551767437499999 0.1464837203125 0.5112302328125 0.14062480625 0.47607441875 0.15527286875 0.4570302328125 0.17285116250000002 0.46582092968750005 0.19628837187499998 0.45996046562500004 0.1992186046875 0.46728604687499997 0.193359690625 0.5053720937499999 0.21093798437500003 0.5229488375 0.20117209374999998 0.5434581390625 0.197265115625 0.5756837203125 0.208984496875 0.587402325 0.20312558125 0.6079093015625 0.2441410859375 0.6049813953125 0.2460930234375 0.2709953484375 0.2353519375 0.26074186093749996 0.10937519375 0.23290930156249998 0.0751953484375 0 0.0507813953125 0.001465115625 0.04687441875 0.5112302328125 0.0507813953125 0.6694325578125 0.0058589140625 0.7368162796875 0.007812403125000001 0.9038093015625 0.0585937984375 0.7573232562500001 0.0585937984375 0.6254883718750001 0.072265115625 0.6108395343749999 0.0732418609375 0.3896488375
4 0.2929689921875 0.593262790625 0.2812496125 0.5639651156250001 0.287110078125 0.537597675 0.3076170546875 0.524413953125 0.3330077515625 0.5537116281250001 0.3486325578125 0.5419930234375 0.3535162796875 0.5229488375 0.34277364375 0.5126953484375 0.28320310000000004 0.5112302328125 0.28613333281250003 0.319334884375 0.367187596875 0.3354488375 0.367187596875 0.48193255781250005 0.3808589140625 0.5581046515625 0.3935550390625 0.5800790703125001 0.398437209375 0.5756837203125 0.398437209375 0.1508790703125 0.24902325625000002 0.0908209296875 0.2460930234375 0.6694325578125 0.25097674375 0.679688371875 0.2597658921875 0.67822325625 0.3242186046875 0.64892558125 0.3095705421875 0.62402325625 0.291015503125 0.6196279062500001 0.2929689921875 0.593262790625
4 0.53222635625 0 0.47070387656249996 0.0834953484375 0.47460930156250003 0.1215813953125 0.47070387656249996 0.212402325 0.40039069843749997 0.27392558125 0.398437209375 0.5991209296875 0.40527286875 0.6035162796875 0.4101565890625 0.593262790625 0.41503875937499995 0.5449209296874999 0.446288371875 0.5419930234375 0.45214883749999996 0.5654302328125 0.46972713125 0.5595697671875 0.475586046875 0.5742186046875 0.53222635625 0.591797675 0.59472713125 0.5976558140625 0.6416015500000001 0.618165115625 0.704102325 0.6298837203125001 0.743164340625 0.6269534890624999 0.7519534890624999 0.6372069765624999 0.7460930234375 0.6840813953125 0.75097674375 0.7001953484375 0.8144527125 0.7221674421875 0.812500775 0.5522465109375 0.820313178125 0.5258790703125 0.8144527125 0.47314418593749996 0.8144527125 0.00732325625 0.8076170546875 0 0.743164340625 0 0.7382806203125 0.00732325625 0.7480465109375001 0.1333 0.742187596875 0.2534186046875 0.73437519375 0.265137209375 0.73437519375 0.3793953484375 0.726562790625 0.47021395312500003 0.7158201546875 0.47753953437499996 0.6953131781249999 0.46728604687499997 0.687500775 0.3706046515625 0.6787116281250001 0.3603511625 0.6757813953125 0.5141604656250001 0.6044914734375 0.5185558140625 0.5195317828125 0.5112302328125 0.5175782953125 0.28857441875 0.67187441875 0.19482325625000002 0.6796868218750001 0.0512697671875 0.6914062015625 0.0336906984375 0.6914062015625 0.00732325625 0.68847596875 0 0.53222635625 0
4 1 0.587402325 0.9833984499999999 0.5742186046875 0.9619147281249999 0.5712883718749999 0.9550775187499999 0.5756837203125 0.9531255812499999 0.6313465109374999 0.9755860468750001 0.641602325 0.9941410859375001 0.6811534890625001 0.991210853125 0.6914069765625 0.9638666671875 0.6855465109375001 0.9589844968750001 0.6958 0.9726558140625 0.7104488375 0.9746093015625 0.7426767437499999 0.9824217046875001 0.7426767437499999 1 0.72802790625 1 0.587402325
4 0.84277364375 0 0.812500775 0.0043953484375 0.8144527125 0.5493162796875 0.8271488375 0.5273441859375 0.8369147281249999 0.533202325 0.8437503875000001 0.5229488375 0.84277364375 0
4 1 0.5200186046875 0.9785162796875 0.5141604656250001 0.9785162796875 0.2622069765625 0.9833984499999999 0.2548837203125 1 0.2563465109375 0.9990232562499999 0 0.9160155031249999 0.001465115625 0.9160155031249999 0.46728604687499997 0.920897675 0.47167907031249995 0.944336434375 0.45410232500000003 0.9570310078125001 0.46435581406250004 0.9179689921874999 0.5229488375 0.9179689921874999 0.5522465109375 0.9257813953125 0.5551767437499999 1 0.5522465109375 1 0.5200186046875
4 0.8457038765625 0.10107441875 0.851562790625 0.1069325578125 0.914062015625 0.07177674375000001 0.9130852718750001 0 0.8457038765625 0.001465115625 0.8457038765625 0.10107441875
4 0.4560542640625 0.7675790703125001 0.44726511562500004 0.780762790625 0.4814449609375 0.802734884375 0.4980465109375 0.8422860468750001 0.4980465109375 0.9331046515624999 0.46777364375 0.9960930234375001 0.70507751875 0.9975581390625001 0.712889921875 0.9917 0.62402325625 0.9023441859375 0.46386666718749997 0.7705069765625 0.4560542640625 0.7675790703125001
4 0.9648434109374999 0.8012697671875 0.9648434109374999 0.827637209375 0.9570310078125001 0.8833 0.9345705421874999 0.9316395343749999 0.9013674421875001 0.9345697671875 0.8486325578124999 0.90527441875 0.829102325 0.90527441875 0.73437519375 0.9799813953125 0.741210853125 0.9990232562499999 1 0.9975581390625001 0.9990232562499999 0.744139534375 0.9775395343750001 0.755860465625 0.9394527125 0.7543953484375 0.9648434109374999 0.8012697671875
4 0.2812496125 0.8422860468750001 0.29687441875 0.8159186046875 0.2685550390625 0.79687441875 0.26171937968750003 0.780762790625 0.2636713171875 0.7602534890625 0.28320310000000004 0.7426767437499999 0.2812496125 0.6811534890625001 0.2470697671875 0.6826162796874999 0.2441410859375 0.6284186046875 0.2353519375 0.6123046515625 0.208984496875 0.6225581390625 0.2001953484375 0.7646488375 0.19433643437499998 0.7646488375 0.18652403125 0.744139534375 0.1396480625 0.7617186046875 0.125 0.774902325 0.1220697671875 0.805665115625 0.1132806203125 0.8042 0.10839845 0.773437209375 0.079102325 0.7646488375 0.0673829453125 0.788086046875 0.048827906250000004 0.8012697671875 0.0058589140625 0.9360348843749999 0.0058589140625 0.9887697671875 0.0185550390625 0.9990232562499999 0.2792961234375 0.9975581390625001 0.28320310000000004 0.9917 0.27539069843749997 0.94482325625 0.27539069843749997 0.8715813953125 0.2812496125 0.8422860468750001
