4 0.8647090390625 0.06040784375 0.8926553671875 0.008239215625 0.8926553671875 0.0075333328125 0.0805310734375 0.002113725 0.261194915625 0.2203803921875 0.4826525421875 0.22352941249999997 0.5859548015625 0.22352941249999997 0.7182259890625 0.2203803921875 0.8647090390625 0.06040784375
4 0.15927966093749998 0.5507686281249999 0.1612062140625 0.6470588234375 0.1616412421875 0.6470588234375 0.18361581875 0.575874509375 0.18361581875 0.5680705875000001 0.17588135625 0.5358588234375 0.15927966093749998 0.5507686281249999
4 0.001327684375 0 0.005206214062500001 0.029599999999999998 0.15657344687500002 0.17194902031249998 0.1585254234375 0.30480784375000003 0.1741497171875 0.33192156875 0.1604802265625 0.39699215625 0.198564971875 0.4037725484375 0.2073531078125 0.44308627500000003 0.22678531093749998 0.4588235296875 0.23091525468750002 0.4588235296875 0.2386045203125 0.256 0.25422881406250003 0.2234627453125 0.08137853125 0.007909804687499999 0.0035225984375 0 0.001327684375 0
4 0.7259887 0.2490666671875 0.719951978125 0.22871764687499999 0.259991525 0.23278431406250003 0.2687796609375 0.2612549015625 0.39863276875000003 0.2627450984375 0.6429519781249999 0.2627450984375 0.7259887 0.2518705875 0.7259887 0.2490666671875
4 0.2485875703125 0.493082353125 0.2485875703125 0.46947058750000004 0.2407909609375 0.44487058749999997 0.22418926562500002 0.50587843125 0.2437203390625 0.5167254906250001 0.2485875703125 0.493082353125
4 0.42937853125 0.5254901953125 0.42937853125 0.4955568625 0.4287542375 0.4410235296875 0.3361581921875 0.44237647031250005 0.3361581921875 0.4426431375 0.3594180796875 0.4776274515625 0.365940678125 0.5254901953125 0.42937853125 0.5254901953125
4 0.718446328125 0.4829764703125 0.7457627125 0.4829764703125 0.7457627125 0.44366274531250005 0.55536158125 0.44366274531250005 0.5582598875 0.5254901953125 0.634073446875 0.5254901953125 0.6764548015625 0.525003921875 0.702822034375 0.523647059375 0.718446328125 0.4829764703125
4 0.909997175 0 0.72988418125 0.2148980390625 0.7455084750000001 0.26099215625 0.7455084750000001 0.3586 0.77187570625 0.3924941171875 0.7806666671875 0.385713725 0.8099632765625 0.2501450984375 0.8285169484375 0.2379450984375 0.8333983046875 0.35318039218749997 0.79238418125 0.48061568593750004 0.8021497171874999 0.5267098046875 0.894923728125 0.5361960781249999 0.8988305078125001 0.525352940625 0.904689265625 0.5361960781249999 0.9222655375000001 0.525352940625 0.9134774015625 0.5158627453125 0.925197740625 0.5131490203125 0.9134774015625 0.5077294125 0.9291016953125 0.49145882343749997 0.9212909609375 0.48603529375 0.931056496875 0.47790196093750004 0.9261723156249999 0.46298823593750005 0.8695310734374999 0.46298823593750005 0.8568361578125 0.44536470625 0.9320310734374999 0.43858823593749996 0.9505875703125 0.45892156875 0.9525395484375 0.5239960781249999 0.967189265625 0.522639215625 0.9725819203125001 0.5450980390625 0.997175140625 0.5450980390625 0.997175140625 0.0006627453125 0.9537344624999999 0 0.909997175 0
4 0.3332062140625 0.8968117640625 0.331324859375 0.9490196078125 0.33488700625 0.9490196078125 0.3587570625 0.93576470625 0.3587570625 0.8997450984375 0.34394915312499996 0.8791843140625 0.3332062140625 0.8968117640625
4 0.2502118640625 0.99607843125 0.28707909531250003 0.99607843125 0.25312429375 0.8869843140624999 0.2502118640625 0.99607843125
4 0.129943503125 0.9285725484375 0.0982231640625 0.9405843140625001 0.086502825 0.9893882359375 0.09292937812499999 0.99607843125 0.1130367234375 0.99607843125 0.1294717515625 0.9948117640625 0.129943503125 0.9627215687499999 0.129943503125 0.9285725484375
4 0.159491525 0.917647059375 0.150822034375 0.991203921875 0.164556496875 0.9921568625000001 0.1892655375 0.9921568625000001 0.1892655375 0.9699019609375 0.187929378125 0.917996078125 0.18064689218750002 0.917647059375 0.159491525 0.917647059375
4 0.42187005624999996 0.8948509796874999 0.37792372812499997 0.92060784375 0.38085310781250004 0.9355215687499999 0.4455282484375 0.9529411765625 0.446550846875 0.9529411765625 0.4661016953125 0.9381372546875 0.4661016953125 0.9169803921874999 0.46288418125 0.8785803921875001 0.43651694843750005 0.898917646875 0.43358757031249995 0.9355215687499999 0.42187005624999996 0.8948509796874999
4 0.29445480156250003 0.9882352937500001 0.2961016953125 0.9882352937500001 0.310429378125 0.9683490203125 0.3220338984375 0.8770509796875 0.3220338984375 0.8546274515625001 0.273319209375 0.8788705875 0.29445480156250003 0.9882352937500001
4 0.6510423734375 0.784313725 0.515322034375 0.788160784375 0.5485254234375 0.8423882359375 0.547562146875 0.99607843125 0.7796610171875 0.99607843125 0.7796610171875 0.9913764703125001 0.65900565 0.784313725 0.6510423734375 0.784313725
