4 0.9511723156249999 0.004066667187499999 0.7568361578125 0.008133332812500001 0.742186440625 0.0176235296875 0.763672315625 0.025756862499999998 0.7597655375000001 0.08540784375 0.72363276875 0.0976117640625 0.7050790953125 0.05829411718750001 0.7197259890625001 0.0216901953125 0.73437570625 0.0176235296875 0.6904293781249999 0.0027098046875 0.08593785312499999 0.0013568625 0.166991525 0.065074509375 0.1806638421875 0.1084549015625 0.513672315625 0.30232156875 0.7744152546875 0.21962352968749999 0.9150395484375 0.1925098046875 0.9257824859375001 0.174886275 0.9511723156249999 0.004066667187499999
4 0.51562429375 0.3457019609375 0.5039067796875 0.3484156859375 0.5039067796875 0.36468235312499997 0.5175790953125 0.3701058828125 0.518553671875 0.393152940625 0.6210932203125 0.3863725484375 0.6162118640625 0.4744941171875 0.520508475 0.479917646875 0.5253898312499999 0.51652156875 0.6425790953125 0.5219450984375 0.6445310734375 0.27520784374999996 0.512694915625 0.3090980390625 0.5058587578125 0.3348588234375 0.51562429375 0.3457019609375
4 0.513672315625 0.3728156859375 0.512694915625 0.3090980390625 0.5019519781249999 0.34299215625 0.5 0.51652156875 0.5371101687500001 0.5219450984375 0.548827684375 0.4866941171875 0.5214830515625 0.4758509796875 0.5253898312499999 0.38908627500000004 0.513672315625 0.3728156859375
4 0.179686440625 0.519231371875 0.23535028281249998 0.5232980390625 0.25488418125 0.5097411765625 0.268553671875 0.5232980390625 0.4570310734375 0.5246549015624999 0.498048021875 0.519231371875 0.5 0.3077450984375 0.1787118640625 0.1165882359375 0.179686440625 0.519231371875
4 0.28027401093750004 0.5504117640625 0.3242175140625 0.5490588234375 0.44238418125 0.54499215625 0.45117231562500004 0.5327882359375 0.2695310734375 0.527368628125 0.28027401093750004 0.5504117640625
4 0.248048021875 0.6358235296875 0.2412118640625 0.5260117640625 0.195313559375 0.5327882359375 0.201172315625 0.5626156859375 0.2187514125 0.565325490625 0.2187514125 0.603286275 0.190429378125 0.5965058828124999 0.195313559375 0.581596078125 0.1816412421875 0.5734588234375 0.1777344625 0.6466666671875 0.1875 0.6493803921875 0.21386723124999998 0.6426000000000001 0.20605367187499998 0.6290431375 0.2177740109375 0.6426000000000001 0.248048021875 0.6358235296875
4 0.481446328125 0.553125490625 0.47363276875000004 0.5232980390625 0.4570310734375 0.5327882359375 0.4726553671875 0.5870156859375 0.4960932203125 0.5978627453125 0.4824209046875 0.6114196078125 0.497070621875 0.6209098046875 0.6542966109374999 0.6439568625 0.6552740109374999 0.53143529375 0.5029293781249999 0.5260117640625 0.497070621875 0.553125490625 0.481446328125 0.553125490625
4 0.8662118640625 0.5341450984375 0.8232429375000001 0.5070313718749999 0.8183587578125 0.6385333328125 0.8320310734374999 0.6493803921875 0.835937853125 0.5978627453125 0.872070621875 0.5883725484375 0.876951978125 0.5626156859375 0.8662118640625 0.5341450984375
4 1 0.0013568625 0.9677740109374999 0 0.9550790953125 0.0094901953125 0.9257824859375001 0.1884431375 0.814451978125 0.22369019531249998 0.8164067796875001 0.443313725 0.854491525 0.4609372546875 0.8759774015625 0.4148431375 0.8935536718750001 0.43382352968750004 0.9267570624999999 0.431113725 0.9257824859375001 0.3592588234375 0.9375 0.3565490203125 0.9414067796875001 0.5355019609375 0.9199209046875 0.6764941171875 0.92187570625 0.733431371875 0.98437570625 0.9910156859375 1 0.9964392156249999 1 0.0013568625
4 0.903319209375 0.7483450984375 0.8662118640625 0.74292156875 0.8652344624999999 0.7768156859375 0.851562146875 0.779525490625 0.840819209375 0.8215529406250001 0.8349604515625 0.7347882359375 0.8232429375000001 0.78359215625 0.8076158187500001 0.74292156875 0.7822259890625001 0.7646156859375 0.7744152546875 0.7375019609375 0.7529293781249999 0.7293647062499999 0.715819209375 0.74563529375 0.700194915625 0.7863058828125 0.6884774015625 0.780882353125 0.648437853125 0.8310431375 0.6083983046875 0.9489882359375 0.585937853125 0.9367882359375 0.5820310734375 0.8635803921875 0.5654293781249999 0.8459568624999999 0.43847740156250004 0.8242666671875 0.377929378125 0.78359215625 0.284180790625 0.7510588234375 0.268553671875 0.780882353125 0.257813559375 0.7768156859375 0.252929378125 0.8134196078124999 0.23925706249999998 0.7971490203125 0.20605367187499998 0.794439215625 0.1992175140625 0.8364666671875 0.1757824859375 0.8473098046875001 0.168946328125 0.8920509796875 0 0.9801686281249999 0.0009774015625 0.9977960781249999 0.976562146875 0.9964392156249999 0.9550790953125 0.8879843140625001 0.9375 0.833752940625 0.92187570625 0.8364666671875 0.903319209375 0.7483450984375
