4 1 0.00232558125 0 0.00232558125 0 0.04542790625 0.0048821703125 0.049823256249999996 0.1904294578125 0.1406441859375 0.225586046875 0.1259953484375 0.23925736406250003 0.12892325625 0.47949147343750004 0.260760465625 0.49902325625 0.29298604687499996 0.6493317828125 0.30232558125 0.66839845 0.30232558125 0.795897675 0.2754093015625 0.90722635625 0.1963069765625 0.9794914734375 0.1758 1 0.07472558124999999 1 0.00232558125
4 0.10076899218749999 0.7213093015625 0.1408077515625 0.7110534890625 0.142761240625 0.6407418609375 0.1544806203125 0.61437441875 0.1486201546875 0.576288371875 0.12127751875 0.5528511625 0.10760465156250001 0.4678906984375 0.095886821875 0.4532418609375 0.11444030937500001 0.4312697671875 0.14764496093749999 0.44005813906249996 0.1544806203125 0.432734884375 0.1486201546875 0.37706976718749996 0.13592558125 0.3697465109375 0.12615969062500001 0.381465115625 0.1154170546875 0.3653511625 0.11346511562499999 0.341913953125 0.12225426406249999 0.30236279062500004 0.1398310078125 0.2906441859375 0.1613162796875 0.2965046515625 0.1857302328125 0.3301953484375 0.1925658921875 0.35216744218749996 0.196899225 0.3482674421875 0.196899225 0.151202325 0.001159690625 0.050409301562499995 0.0001829453125 0.67882790625 0.028503876562500002 0.6802930234375 0.0372930234375 0.6905465109375 0.0402217046875 0.77697209375 0.09491007812499999 0.8179883718750001 0.10436279062500001 0.8186046515625 0.1205069765625 0.8186046515625 0.1769410859375 0.8033395343749999 0.1954961234375 0.7901558140625 0.1925658921875 0.76232325625 0.1378790703125 0.77697209375 0.0997922484375 0.7520697671875001 0.10076899218749999 0.7213093015625
4 0.24798294531249998 0.3286534890625 0.24798294531249998 0.3462302328125 0.24212403125 0.372597675 0.221615503125 0.3857813953125 0.2069674421875 0.4165441859375 0.21282635625 0.45170000000000005 0.1991550390625 0.48099767499999996 0.19720155 0.5571697671875 0.24967441875000002 0.5627906984375 0.2543689921875 0.5627906984375 0.4813813953125 0.5410558140624999 0.4813813953125 0.5264069765625 0.36907751875 0.5249418609375 0.36907751875 0.3550209296875 0.3876310078125 0.35355581406250003 0.48333488437499994 0.3828511625 0.4852713171875 0.310234884375 0.4852713171875 0.27237209375 0.389584496875 0.2129302328125 0.3368511625 0.19242325625 0.33587441875 0.52787209375 0.264584496875 0.53812558125 0.259702325 0.5337302328125 0.2577488375 0.1763093015625 0.26067907031250004 0.16312558125 0.29485891406250003 0.16752092968750001 0.2372418609375 0.1309 0.202085271875 0.1426186046875 0.1991550390625 0.32572325625 0.2059906984375 0.3301186046875 0.2313813953125 0.31253953437500004 0.24798294531249998 0.3286534890625
4 0.7782744187499999 0.5484558140625 0.6728062015625 0.542597675 0.6737829453125 0.38 0.6718294578124999 0.3536325578125 0.659134884375 0.34923720937499997 0.6542511625 0.544062790625 0.5653844968749999 0.54552790625 0.5605007750000001 0.5264837203125 0.5605007750000001 0.37706976718749996 0.5702666671875 0.33312558124999997 0.5605007750000001 0.324334884375 0.5614775187500001 0.30236279062500004 0.538040309375 0.2994325578125 0.5312046515625 0.3067581390625 0.5292511625 0.388788371875 0.54487596875 0.403437209375 0.54487596875 0.41808604687499995 0.5292511625 0.4532418609375 0.5292511625 0.49132790625 0.5077674421875 0.5411325578125 0.505813953125 0.605586046875 0.5146031 0.6187697671875 0.5312046515625 0.623162790625 0.538040309375 0.6773627906249999 0.553665115625 0.6744325578125 0.5634310078125 0.65392558125 0.6024930234375 0.6334186046875 0.6093302328125 0.64367209375 0.6122589140625 0.6773627906249999 0.7623023250000001 0.6837209296875 0.7857550390625 0.6837209296875 0.79487596875 0.6700395343750001 0.79487596875 0.6260930234375001 0.8017116281250001 0.6158395343749999 0.8446806203125 0.6158395343749999 0.8661658921875001 0.598260465625 0.9169472875 0.5777534890625 0.9813953484375 0.579197675 0.9813953484375 0.5000441859375 0.9774930234375001 0.18517674374999998 0.909134884375 0.19982325625 0.8983922484375 0.2130069765625 0.902297675 0.245234884375 0.8964387593750001 0.27746046562500004 0.8749550390625 0.28624883749999996 0.8739782953124999 0.56017674375 0.7987829453125 0.5469930234375 0.7968294578124999 0.4473837203125 0.7919472875 0.4342 0.785110078125 0.44152325625 0.7821813953125 0.4195511625 0.777297675 0.4298046515625 0.7782744187499999 0.5484558140625
4 0.5610155031249999 0.3381441859375 0.5561317828125001 0.3454697671875 0.6479286828124999 0.35132790625 0.654764340625 0.364511628125 0.654764340625 0.510997675 0.6596480625 0.544688371875 0.6723426359375 0.5402930234375 0.6742961234375 0.35572325625 0.7729286828124999 0.3396093015625 0.779764340625 0.5461534890624999 0.7358201546875 0.5476186046875 0.732889921875 0.5549418609375001 0.7358201546875 0.562265115625 0.7807410859374999 0.562265115625 0.7846480625 0.5505465109375 0.7983193796875 0.562265115625 0.8471472875 0.562265115625 0.8393348843749999 0.55347674375 0.8061317828125001 0.5564069765624999 0.7992961234375 0.5490813953125 0.7992961234375 0.332286046875 0.872537984375 0.292734884375 0.8774217046875 0.55787209375 0.8910930234375 0.5666604656249999 0.8830558140625 0.5813953484375001 0.8997643406250001 0.5813953484375001 0.9008589140625001 0.5813093015625 0.9155069765625001 0.5710558140625001 0.9389441859375 0.5798441859375 0.9798449609375 0.5784162796875 0.9798449609375 0.18143720937500002 0.9018356593749999 0.201913953125 0.7905069765625 0.2810162796875 0.6596480625 0.3073837203125 0.528787596875 0.295665115625 0.5033969 0.2985930234375 0.490702325 0.31177674375 0.490702325 0.3820906984375 0.5014449609375 0.389413953125 0.5160930234375 0.3674418609375 0.5170697671875 0.3044534890625 0.5463658921875 0.3073837203125 0.55027286875 0.32789069843749996 0.558085271875 0.319102325 0.5610155031249999 0.3381441859375
4 0.51667286875 0.296611628125 0.5059302328124999 0.3010046515625 0.5059302328124999 0.3888953484375 0.5322976749999999 0.3962209296875 0.541086821875 0.41526279062500004 0.5215550390625 0.4533488375 0.525462015625 0.48850465156249995 0.5078837203125001 0.523660465625 0.5059302328124999 0.617411628125 0.5303441859375 0.624734884375 0.5371798453125 0.6379186046875 0.53522790625 0.6701465109375 0.54377364375 0.6744186046875 0.549062015625 0.6744186046875 0.558665115625 0.6672162796875 0.5576883718750001 0.656962790625 0.54792248125 0.656962790625 0.543040309375 0.6467093015625001 0.541086821875 0.5910441859375 0.5469457359375001 0.5822558140625 0.5469457359375001 0.5441697671875 0.558665115625 0.5441697671875 0.5606186046875 0.5207325578125 0.5625705421875 0.353739534375 0.5547581390625 0.3390906984375 0.5528062015625 0.31272325625 0.5625705421875 0.303934884375 0.51667286875 0.296611628125
4 0.4294573640625 0.5548418609375 0.20049302343750003 0.5621511625 0.197564340625 0.6925209296875 0.2237085265625 0.70232558125 0.23552248125 0.70232558125 0.42900930156249995 0.647111628125 0.4294573640625 0.6047627906249999 0.4294573640625 0.5548418609375
4 0.5441860468749999 0.744065115625 0.5441860468749999 0.742537209375 0.5285922484375 0.7384093015625 0.525663565625 0.7545232562499999 0.53347596875 0.7574534890625 0.5441860468749999 0.744065115625
4 0.3335519375 0.9916930234375 0.33753798437500004 0.99767441875 0.6402589140625 0.99767441875 0.667536434375 0.9975534890625 0.677300775 0.9887627906249999 0.6792542640625 0.9506790703125001 0.677300775 0.9155209296875 0.66167596875 0.8862255812500001 0.66167596875 0.862788371875 0.67632403125 0.8466744187499999 0.71007751875 0.8394418609375001 0.71007751875 0.7095302328125 0.7085519375 0.6957953484375 0.699762790625 0.68847209375 0.6714418609374999 0.6870069765625 0.6753488375 0.77782558125 0.6235906984375 0.8349558140625 0.5161689921875 0.7998000000000001 0.512262015625 0.7880813953125 0.49859069843750004 0.793939534375 0.49468372031249996 0.7177674421875 0.40679379843749996 0.747065115625 0.276910078125 0.8159116281250001 0.3052310078125 0.81737674375 0.3374573640625 0.8452093015625 0.3335519375 0.9916930234375
4 0.7767441859375 0.9489511625 0.7767441859375 0.9335697671875 0.7610806203125 0.9349511625 0.76012248125 0.9651162796874999 0.775764340625 0.9651162796874999 0.7767441859375 0.9489511625
4 0.7855038765625 0.9590302328125 0.79427751875 0.9627906984375001 0.80127596875 0.9627906984375001 0.8046511625000001 0.9594162796875001 0.8046511625000001 0.9149348843749999 0.7864806203125 0.9077604656249999 0.7855038765625 0.9590302328125
4 0.7539674421875 0.9953488374999999 0.756589146875 0.9946930234375 0.756589146875 0.992737209375 0.7518465109375 0.9856255812500001 0.7518465109375 0.9387511625 0.715714728125 0.9343558140624999 0.7147379843749999 0.994413953125 0.7247069765624999 0.9953488374999999 0.7539674421875 0.9953488374999999
4 1 0.9965581390624999 0.995297675 0.9782186046874999 0.9152186046875 0.9489209296875 0.8966651156250001 0.9503860468750001 0.8995302328125 0.99767441875 0.9718031 0.99767441875 1 0.997262790625 1 0.9965581390624999
4 0.8852511625 0.9974279062500001 0.8852713171875 0.9962325578125 0.8852713171875 0.9399395343749999 0.8237271312500001 0.916860465625 0.814937984375 0.9212558140624999 0.8178682171875 0.9695953484375 0.8702837203125 0.99767441875 0.8831069765624999 0.99767441875 0.8852511625 0.9974279062500001
4 0.3337534890625 0.9297395343750001 0.3337534890625 0.991262790625 0.33802635625 0.99767441875 0.5437503875 0.99767441875 0.667736434375 0.9971232562499999 0.6794558140625 0.9795441859375 0.6775023250000001 0.9150906984375 0.66187751875 0.8887232562499999 0.66187751875 0.8623558140625001 0.6706666671875 0.84917441875 0.70777674375 0.8403837203125001 0.71007751875 0.8346302328125 0.71007751875 0.711262790625 0.7087534890625 0.695365115625 0.699964340625 0.688039534375 0.6735968999999999 0.6895046515625001 0.6775023250000001 0.7744674421875 0.6237922484375 0.83452558125 0.5222294578125 0.8022976749999999 0.512463565625 0.7905790703125 0.4987922484375 0.7935093015625 0.4929317828125 0.717337209375 0.3894170546875 0.7554232562500001 0.279065115625 0.8154813953125 0.3171519375 0.8228069765624999 0.33961240312499996 0.8506372093750001 0.3337534890625 0.9297395343750001
4 0.24122170468749998 0.80697674375 0.24224341093750001 0.80697674375 0.4379798453125 0.7237162796875001 0.440310078125 0.6876 0.440310078125 0.6782674421875 0.4184480625 0.676839534375 0.2368077515625 0.738365115625 0.23192558124999998 0.745688371875 0.22997209375 0.8013511624999999 0.24122170468749998 0.80697674375
4 0.18757364375000002 0.5617046515624999 0.1720930234375 0.593634884375 0.1720930234375 0.6205488375 0.18366821718749998 0.6408046515625 0.18366821718749998 0.6935395343749999 0.189697675 0.6953488375 0.1941813953125 0.6953488375 0.196899225 0.69127209375 0.196899225 0.66042558125 0.194410853125 0.48992558124999996 0.181714728125 0.5089697671875 0.18757364375000002 0.5617046515624999
4 0.10272248125000001 0.7213093015625 0.142761240625 0.70812558125 0.142761240625 0.64367209375 0.1544806203125 0.6114441859374999 0.1466682171875 0.5704302328125 0.12127751875 0.5528511625 0.1056527125 0.45617209374999995 0.095886821875 0.45617209374999995 0.1085813953125 0.4342 0.13397209375000002 0.4312697671875 0.1495969 0.44005813906249996 0.1544806203125 0.432734884375 0.15057364374999999 0.38 0.141784496875 0.3697465109375 0.12615969062500001 0.381465115625 0.1154170546875 0.3624209296875 0.11346511562499999 0.341913953125 0.12225426406249999 0.30236279062500004 0.1398310078125 0.2906441859375 0.1574093015625 0.29357441875 0.18182325625 0.3214069765625 0.190612403125 0.35216744218749996 0.196899225 0.34812558125000004 0.196899225 0.1482790703125 0.001159690625 0.050409301562499995 0.0001829453125 0.67882790625 0.028503876562500002 0.6802930234375 0.0372930234375 0.6905465109375 0.04217519375 0.779902325 0.09491007812499999 0.8179883718750001 0.10436279062500001 0.8186046515625 0.11968992187500001 0.8186046515625 0.196899225 0.7903581390625 0.196899225 0.7849348843749999 0.1945193796875 0.76232325625 0.128113178125 0.7740418609375 0.0997922484375 0.7520697671875001 0.10272248125000001 0.7213093015625
