4 0.4583085265625 0 0 0.0041162796875 0 0.0511930234375 0.000759690625 0.2165209296875 0.252713178125 0.2839046515625 0.2575953484375 0.2707209296875 0.2556434109375 0.11837674375 0.2722449609375 0.116911628125 0.27712713125 0.141813953125 0.2937286828125 0.154997675 0.41677519375000005 0.21066046562500002 0.44021395312499995 0.1989418609375 0.4450961234375 0.20919767500000003 0.4450961234375 0.329313953125 0.48768372031249996 0.339534884375 0.49302325625 0.339534884375 0.49302325625 0.0391441859375 0.48906976718750006 0 0.4583085265625 0
4 0.43100775156250004 0.53402558125 0.43100775156250004 0.46507209375 0.2828573640625 0.45490465156250004 0.281902325 0.539534884375 0.3509410859375 0.539534884375 0.43100775156250004 0.53402558125
4 0.43100775156250004 0.360465115625 0.43100775156250004 0.29544186093749997 0.42503410781250006 0.2890418609375 0.280502325 0.24216511562499998 0.27757209375 0.2494906984375 0.280502325 0.332986046875 0.4299488375 0.360465115625 0.43100775156250004 0.360465115625
4 0.4675488375 0.7186046515625 0.4893333328125 0.7094558140625 0.49421550312500007 0.690411628125 0.49612403125000004 0.38982092968750004 0.49612403125000004 0.382488371875 0.491285271875 0.3491046515625 0.4483178296875 0.340313953125 0.4492930234375 0.7167790703125 0.45902635625 0.7186046515625 0.4675488375 0.7186046515625
4 0.286288371875 0.961311628125 0.270663565625 0.96717209375 0.2482031 0.9393395343750001 0.2482031 0.9188325578125 0.25992092968749997 0.889534884375 0.25992092968749997 0.4500813953125 0.25308527187499996 0.2845534890625 0.0001565890625 0.2244953484375 0.0001565890625 0.9950046515625001 0.0393286828125 0.99767441875 0.05928682187499999 0.99767441875 0.317539534375 0.9935395343750001 0.3253519375 0.9788906984375 0.3273038765625 0.9847488375 0.34097674375000003 0.9788906984375 0.395663565625 0.9349441859375001 0.4620697671875 0.8968581390624999 0.48992248125 0.8694860468750001 0.48992248125 0.8679232562499999 0.4835550390625 0.852913953125 0.45230387656250004 0.8236162796875 0.44546821718749996 0.860237209375 0.43472558125000005 0.8704906984375 0.42300775156250003 0.867562790625 0.411288371875 0.8441255812499999 0.3995705421875 0.8441255812499999 0.3194914734375 0.8939302328125001 0.3058201546875 0.8939302328125001 0.29507751875 0.9100418609375 0.29703100781249997 0.921760465625 0.2892186046875 0.9276209296875001 0.29703100781249997 0.9422697671875 0.286288371875 0.961311628125
4 1 0.2535790703125 0.99912248125 0.12581395312500002 0.7862310078125 0.21077441874999997 0.7754883718750001 0.2298186046875 0.7793953484375 0.9915372093749999 0.8388496125 0.9930232562500001 0.924486821875 0.9930232562500001 0.9249038765625001 0.993002325 0.9200201546875 0.9651697671875 0.8682620156249999 0.9402674421875 0.8555674421875 0.92122325625 0.8555674421875 0.89192790625 0.87802790625 0.779134884375 0.9727550390624999 0.818686046875 0.9561534890625 0.937337209375 0.9756837203125001 0.9344069765624999 0.977637209375 0.9168302328125 0.9893565890625 0.9256186046874999 1 0.9154581390625 1 0.2766674421875 0.9883798453124999 0.27376279062500003 1 0.2679534890625 1 0.2535790703125
4 0.8220821703125001 0.9793581390625 0.8269658921874999 0.9837511624999999 0.83282480625 0.974962790625 0.8386837203124999 0.9837511624999999 0.8543085265625001 0.9837511624999999 0.8562418609375 0.9953488374999999 0.9984496125 0.9953488374999999 0.9984496125 0.8284790703124999 0.9754031 0.8284790703124999 0.9705193796874999 0.8358023250000001 0.9441519375 0.96617441875 0.8679813953125001 0.9398069765624999 0.8533317828125 0.9149046515625001 0.8523550390624999 0.890002325 0.8445426359375 0.9017209296875001 0.809387596875 0.9017209296875001 0.8025503875 0.9090441859375 0.809387596875 0.9808209296875001 0.8123162796875001 0.94127209375 0.8172 0.9368767437500001 0.8220821703125001 0.9793581390625
4 0.9984496125 0.12032790625 0.9984496125 0.0015418609374999999 0.7839054265625001 0.000086046875 0.7790294578125 0.20930232499999998 0.787440309375 0.20930232499999998 0.9984496125 0.12032790625
4 0.716212403125 0.515534884375 0.7035162796875001 0.5111418609375 0.7015627906249999 0.432039534375 0.6898449609374999 0.4232511625 0.6878914734375 0.40274186093750003 0.6546883718750001 0.3939534890625 0.6527348843749999 0.44961627968749995 0.6488294578125 0.46426511562500006 0.6332031 0.478913953125 0.6312511625 0.76602325625 0.6478527125 0.782137209375 0.7403798453125 0.8302325578125 0.745736434375 0.8302325578125 0.745736434375 0.00722558125 0.63027441875 0.0057697671875 0.6312511625 0.2943441859375 0.6527348843749999 0.306062790625 0.6546883718750001 0.385165115625 0.700586046875 0.3807697671875 0.70839845 0.360262790625 0.718164340625 0.360262790625 0.732813953125 0.3880930234375 0.7191410859375 0.4173906984375 0.7191410859375 0.478913953125 0.725 0.487702325 0.717187596875 0.4964930234375 0.716212403125 0.515534884375
4 0.5113069765625 0.7053 0.514237209375 0.7155534890624999 0.574235659375 0.7418604656250001 0.577713178125 0.7418604656250001 0.577713178125 0.5588162796875 0.5829457359375 0.4907930234375 0.5829457359375 0.46994883749999994 0.575759690625 0.324439534375 0.5796666671875 0.08127674375 0.569900775 0.0754162796875 0.5816201546875 0.057839534375 0.5796666671875 0.010962790625 0.5650186046875 0.0036395343750000005 0.5503689921875 0.016823256249999998 0.5523224812499999 0.025611628125 0.546463565625 0.025611628125 0.5503689921875 0.03147209375 0.5435333328125 0.04172558125 0.53767441875 0.0300069765625 0.5093534890625 0.06662790625000001 0.5113069765625 0.7053
4 0.6372093015625 0.3 0.6372093015625 0.2982325578125 0.6306201546875 0.28340697656249997 0.625737984375 0.1413162796875 0.6149953484374999 0.1720790703125 0.5993705421875 0.28633720937499996 0.6358077515625 0.3 0.6372093015625 0.3
4 0.6166558140625 0.1281302328125 0.6279069765624999 0.1253186046875 0.6279069765624999 0.06696046562499999 0.62739845 0.0036186046875 0.591265115625 0.008013953125 0.5834527125 0.1750046515625 0.5966 0.21162790625 0.597462015625 0.21162790625 0.6166558140625 0.1281302328125
4 0.327913178125 0.9941883718750001 0.4425209296875 0.9953488374999999 0.6152573640625 0.9953488374999999 0.498810853125 0.8755348843749999 0.327913178125 0.9941883718750001
4 0.6492961234375 0.962888371875 0.645389146875 0.9570279062499999 0.644412403125 0.9672837203125001 0.6781813953125 0.99767441875 0.6966077515625 0.99767441875 0.748837209375 0.9966023249999999 0.748837209375 0.9119627906250001 0.7479286828125 0.8383767437499999 0.737186046875 0.8281232562499999 0.6317178296875 0.7724581390624999 0.519412403125 0.8500953484375 0.534062015625 0.8691372093749999 0.5535922484375 0.8691372093749999 0.5614046515625 0.8955046515625 0.63562480625 0.9599581390624999 0.6405069765625 0.9584930234375 0.62097519375 0.9350558140624999 0.6258589140625 0.916013953125 0.6571085265625001 0.930662790625 0.660038759375 0.952634884375 0.6492961234375 0.962888371875
