4 1 0.00232558125 0.12437674375 0.00232558125 0.557900775 0.31358604687499997 0.5854465109375 0.3255813953125 0.593063565625 0.3255813953125 0.9680558140625 0.2344837203125 1 0.183665115625 1 0.00232558125
4 0.9045271312500001 0.29162558125000004 0.9064806203125 0.3179930234375 0.9064806203125 0.5758046515624999 0.9213875968749999 0.5813953484375001 0.9228217046875 0.5813953484375001 0.9533550390625001 0.5699465109374999 0.9689798453125 0.344360465625 0.9680031 0.23742558125 0.8908558140625 0.259397675 0.9045271312500001 0.29162558125000004
4 0.0007240312500000001 0 0.0007240312500000001 0.0701906984375 0.08080155 0.10827674375 0.087637209375 0.12146046562499999 0.087637209375 0.341186046875 0.07884806250000001 0.348511628125 0.0007240312500000001 0.33093255781250003 0 0.3472162796875 0 0.3529558140625 0.08275503906250001 0.36901860468750003 0.087637209375 0.37634418593749996 0.0895906984375 0.5960697671874999 0.07689612343749999 0.6063232562499999 0.0007240312500000001 0.6121837203125 0 0.65017674375 0 0.6633744187499999 0.08080155 0.6385511625 0.0895906984375 0.678102325 0.09217364375 0.6790697671875 0.10101860468749999 0.6790697671875 0.143302325 0.65612790625 0.25072403125 0.629760465625 0.26537209375000004 0.5784930234375001 0.26732558125 0.546265115625 0.259513178125 0.48767209375 0.227286821875 0.4774186046875 0.22142635624999998 0.5887465109375001 0.1315829453125 0.6004651156249999 0.1071689921875 0.5960697671874999 0.10521550312500001 0.382202325 0.1696697671875 0.382202325 0.1608806203125 0.3660906984375 0.10521550312500001 0.3470465109375 0.10521550312500001 0.1331790703125 0.110099225 0.1258558140625 0.2038480625 0.17566046562499998 0.2067782953125 0.144897675 0.22142635624999998 0.1434325578125 0.2321689921875 0.16247674375 0.22240310000000002 0.18005348906250002 0.22435658906249997 0.2386488375 0.2390046515625 0.254760465625 0.2468170546875 0.2049558140625 0.259513178125 0.26208604687500003 0.2780682171875 0.254760465625 0.2849038765625 0.26208604687500003 0.2858806203125 0.304565115625 0.3044341078125 0.303102325 0.3024821703125 0.2738046515625 0.3161534890625 0.2650162796875 0.31517674375000004 0.24890232499999998 0.3259193796875 0.247437209375 0.33080155 0.20788604687499998 0.4362713171875 0.2694093015625 0.4411534890625 0.276734884375 0.4372465109375 0.48474186093749994 0.45287286875 0.49060232499999995 0.45091937968750007 0.5111093015625 0.4372465109375 0.5140395343749999 0.4372465109375 0.628297675 0.45775503906250004 0.6414790703125 0.4645906984375 0.6400162796875 0.4645906984375 0.49646046562499996 0.45677829531249997 0.44079767500000006 0.46166046562499996 0.43054186093749997 0.48607596875 0.4378674421875 0.48900465156250006 0.3455813953125 0.5583410859375 0.37927209375 0.5602945734375 0.4554441859375 0.5690837203125 0.45105116250000005 0.5847085265625 0.459839534375 0.5954496125000001 0.48767209375 0.586660465625 0.5008558140625 0.572012403125 0.5052488375 0.5739658921874999 0.5228279062500001 0.5983798453125 0.5389418609375001 0.6149813953125001 0.53747674375 0.616934884375 0.373413953125 0.6706449609375 0.3602302328125 0.6774821703125 0.36462558125 0.6755286828125 0.6019302328125 0.6940837203125 0.5389418609375001 0.7097085265625 0.550660465625 0.728262015625 0.5814209296875 0.73607596875 0.6224372093749999 0.726310078125 0.6341558140625 0.7399813953125001 0.6488046515625 0.7399813953125001 0.6605232562500001 0.7643953484375 0.6678465109375 0.76537209375 0.326539534375 0.776114728125 0.3162837203125 0.8718170546874999 0.2987069765625 0.8837209296875 0.26162325625 0.8837209296875 0.259186046875 0.84642635625 0.2606209296875 0.8483798453125001 0.2664790703125 0.69017674375 0.3074953484375 0.5788480625 0.3280046515625 0.1218170546875 0.005737209375 0.0032325578124999996 0 0.0007240312500000001 0
4 0.541085271875 0.5205325578125 0.4873953484375 0.513211628125 0.48256434062500003 0.558139534375 0.492063565625 0.558139534375 0.5166930234375 0.551297675 0.528410853125 0.5249302328125001 0.541085271875 0.5205441859375 0.541085271875 0.5205325578125
4 0.7948170546875 0.6789697671875 0.8090744187500001 0.6837209296875 0.814364340625 0.6837209296875 0.8263565890625 0.67697441875 0.8263565890625 0.6757813953125 0.799700775 0.6716441859375 0.7948170546875 0.6789697671875
4 0.47003875937500006 0.9942930234375 0.48339999999999994 0.9953488374999999 0.5068589140624999 0.9953488374999999 0.5042186046875 0.9781813953125 0.47003875937500006 0.9942930234375
4 0.5131782953124999 0.782139534375 0.5015798453125 0.7674209296875001 0.4927922484375 0.77767441875 0.4927922484375 0.79232325625 0.5077953484375 0.8023255812500001 0.5106961234375 0.8023255812500001 0.5131782953124999 0.7892953484375 0.5131782953124999 0.782139534375
4 0.4759689921875 0.7391418609375 0.4759689921875 0.7340558140625 0.4222558140625 0.7599511624999999 0.424310078125 0.760465115625 0.47222790625 0.760465115625 0.4759689921875 0.7391418609375
4 0.4221457359375 0.9771674421875 0.42721860468750006 0.9790697671874999 0.43262325625000003 0.9790697671874999 0.49767441874999996 0.9539790703125 0.49767441874999996 0.94697441875 0.4973410859375 0.94347674375 0.4846465109375 0.942011628125 0.4701488375 0.8883720937499999 0.4683441859375 0.8883720937499999 0.43972403125000004 0.8980651156249999 0.4221457359375 0.9654488375 0.4221457359375 0.9771674421875
4 0.7229472875 0.718802325 0.70927596875 0.7305209296874999 0.70927596875 0.771537209375 0.7043937984374999 0.773002325 0.6975565890625 0.710013953125 0.6907209296875 0.6997581390625001 0.6770496125000001 0.717337209375 0.671189146875 0.7085488375 0.6575178296875 0.717337209375 0.6477519375 0.7554232562500001 0.6409162796875 0.75102790625 0.6458 0.688039534375 0.6321271312500001 0.6997581390625001 0.6204093015625001 0.688039534375 0.5950186046875 0.702688371875 0.5823224812500001 0.71587209375 0.577440309375 0.7466348843749999 0.5706046515625001 0.7393093015625001 0.56962790625 0.7202674421874999 0.5422837203124999 0.7349162796875001 0.5354480625 0.756888371875 0.5334945734375001 0.8506372093750001 0.50419845 0.8623558140625001 0.530387596875 0.99767441875 0.78802325625 0.99767441875 0.9436511624999999 0.9971232562499999 0.9457364343749999 0.9501976750000001 0.9457364343749999 0.9314418609375 0.9153302328124999 0.9399930234375 0.9163069765625 0.976613953125 0.8977519375 0.983939534375 0.8811503875 0.9707558140625 0.8811503875 0.9268093015625001 0.874314728125 0.9165558140625001 0.7708 0.8374534890625001 0.7629860468749999 0.83452558125 0.7581038765625 0.85942790625 0.7512682171875 0.8608930234375001 0.746384496875 0.8213418609375 0.7288077515625 0.8066930234375 0.7288077515625 0.7363813953125 0.7229472875 0.718802325
4 0.021705426562499998 0.9801813953125 0.021705426562499998 0.9612930234375 0.0003782953125 0.965465115625 0.0003782953125 0.9859720937500001 0.008190698437500001 0.9859720937500001 0.021705426562499998 0.9801813953125
4 0.1364341078125 0.7565348843749999 0.097099225 0.7407046515625 0.103936434375 0.8007651156250001 0.10745271249999999 0.8139534890625001 0.113700775 0.8139534890625001 0.113700775 0.7949046515625 0.1364341078125 0.775013953125 0.1364341078125 0.7565348843749999
4 0.0775193796875 0.83597441875 0.0755286828125 0.8031209296874999 0.008145735937499999 0.8631790703125001 0.0120511625 0.9041953484375 0.022265115625 0.909302325 0.024472868749999998 0.909302325 0.0775193796875 0.8524674421875 0.0775193796875 0.83597441875
4 0.79572248125 0.5209302328125001 0.847486821875 0.5209302328125001 0.8577255812500001 0.5206930234375 0.860465115625 0.4809697671875 0.860465115625 0.4782186046875 0.79327286875 0.47967907031249996 0.79327286875 0.49725581406249997 0.803037209375 0.5031162796875 0.803037209375 0.514834884375 0.79572248125 0.5209302328125001
