4 0.037110078125 0.00732325625 0.040038759374999996 0.04687441875 0.0830077515625 0.061523256250000005 0.102539534375 0.0820302328125 0.45800775156249995 0.2314441859375 0.4804682171875 0.23290930156249998 0.4873054265625 0.1845697671875 0.5146480625 0.1845697671875 0.5214837203125 0.19482325625000002 0.5175782953125 0.2299813953125 0.5253906984375 0.24462790625 0.8740232562499999 0.03222558125 0.9101565890625001 0.001465115625 0.041992248437500004 0 0.037110078125 0.00732325625
4 0.375 0.537597675 0.383789146875 0.49218837187500003 0.41113333281250003 0.49218837187500003 0.42089767499999997 0.53027441875 0.445313178125 0.54052790625 0.445313178125 0.5581046515625 0.437500775 0.5727534890625 0.43847596875 0.60937441875 0.47949147343750004 0.59472558125 0.5029302328125 0.51562558125 0.568359690625 0.5170906984375 0.5703131781249999 0.282713953125 0.7158201546875 0.21386744218749998 0.727539534375 0.21386744218749998 0.7324217046875 0.2299813953125 0.73437519375 0.5024418609375 0.7294914734375 0.509765115625 0.6416015500000001 0.509765115625 0.6123054265625 0.5185558140625 0.602539534375 0.5126953484375 0.5957038765625 0.5200186046875 0.600586046875 0.533202325 0.78222635625 0.556639534375 0.8115240312499999 0.556639534375 0.8408201546875 0.5273441859375 0.8544914734375 0.5273441859375 0.8603519374999999 0.539062790625 0.9013674421875001 0.533202325 0.9091798453125 0.51562558125 0.9345705421874999 0.524413953125 0.9404294578125001 0.5361325578125 0.9853519374999999 0.5361325578125 0.98437519375 0.47021395312500003 0.9726558140625 0.46435581406250004 0.9658201546875 0.43359302343749995 0.79492248125 0.4409186046875 0.7929689921875 0.203613953125 0.8134759687500001 0.1875 0.9658201546875 0.12011627968750001 0.976562790625 0.1274418609375 0.9814449609375 0.164062790625 0.9863286828125 0.0102534890625 0.9189457359375 0.005860465625 0.5283209296875 0.2460930234375 0.5214837203125 0.2563465109375 0.5214837203125 0.31787209375000003 0.5107426359375 0.3310558140625 0.4863286828125 0.326660465625 0.4863286828125 0.27392558125 0.47753953437499996 0.2373046515625 0.10449147343750001 0.0908209296875 0.10742170468750001 0.1596674421875 0.07617209375 0.1684581390625 0.087889921875 0.2622069765625 0.0498046515625 0.26074186093749996 0.027344185937499998 0.279786046875 0.039062015625 0.282713953125 0.0429689921875 0.484862790625 0.0478511625 0.49218837187500003 0.056640309374999996 0.48779302343750003 0.052734884375 0.44677674375 0.0595705421875 0.4248046515625 0.0810542640625 0.398437209375 0.102539534375 0.398437209375 0.1298821703125 0.3544930234375 0.1455085265625 0.3486325578125 0.1562496125 0.3647465109375 0.1562496125 0.41748139531249995 0.1396480625 0.430665115625 0.11621085312499999 0.42187441875 0.1113286828125 0.42919999999999997 0.11523410781250001 0.46435581406250004 0.10546821718749999 0.49365348906250006 0.0937503875 0.5053720937499999 0.0937503875 0.5200186046875 0.11523410781250001 0.5581046515625 0.1201178296875 0.5654302328125 0.1904294578125 0.5654302328125 0.19824186093750001 0.5976558140625 0.2470697671875 0.6064441859375 0.257812403125 0.5961906984375 0.2675782953125 0.5170906984375 0.2783209296875 0.506834884375 0.2978511625 0.506834884375 0.31347596875 0.5185558140625 0.322265115625 0.537597675 0.312500775 0.5903325578125 0.3105472875 0.64892558125 0.32128837187500003 0.679688371875 0.337889921875 0.67822325625 0.3457038765625 0.6606441859375 0.34179689999999996 0.5991209296875 0.3457038765625 0.5522465109375 0.375 0.537597675
4 0 0.49072325625 0.039062015625 0.49072325625 0.039062015625 0.2680674421875 0.0263674421875 0.25781162812499997 0.0263674421875 0.2695302328125 0.022460465625000002 0.26367209375 0.0146480625 0.2695302328125 0.015624806250000001 0.250488371875 0.00097674375 0.2460930234375 0 0.2622069765625 0.0117193796875 0.27685581406250004 0 0.279786046875 0 0.49072325625
4 0.9687503875000001 0.47314418593749996 0.9707038765625 0.4965813953125 0.98437519375 0.5083 0.9726558140625 0.5170906984375 0.9882806203125 0.537597675 1 0.5346674421875 0.9990232562499999 0.10546976718750001 0.9726558140625 0.11865348906249999 0.9687503875000001 0.47314418593749996
4 0.9560542640625 0.0205069765625 0.9638666671875 0.023437209375 0.960937984375 0.0395511625 0.9687503875000001 0.0454093015625 0.9707038765625 0.0600581390625 0.9960930234375001 0.07177674375000001 0.9990232562499999 0 0.9492186046875 0.0131837203125 0.9501953484375001 0.0351558140625 0.9560542640625 0.0205069765625
4 0.3564449609375 0.6035162796875 0.35937519375 0.6752930234375001 0.3710930234375 0.6694325578125 0.3710930234375 0.6284186046875 0.3691410859375 0.6079093015625 0.3564449609375 0.6035162796875
4 0.3808589140625 0.6694325578125 0.38671937968750003 0.6694325578125 0.398437209375 0.6665046515624999 0.3955085265625 0.600586046875 0.3808589140625 0.6049813953125 0.3808589140625 0.6694325578125
4 0.3955085265625 0.5595697671875 0.3945317828125 0.5727534890625 0.4062496125 0.58447209375 0.40429612343750004 0.654786046875 0.412110078125 0.66357441875 0.42382790625 0.6606441859375 0.42382790625 0.5668953484375 0.4189457359375 0.5595697671875 0.3955085265625 0.5595697671875
4 0.1464837203125 0.9418953484375001 0.1826170546875 0.9257813953125 0.1855472875 0.9038093015625 0.1386713171875 0.9418953484375001 0.1464837203125 0.9418953484375001
4 0.20410232499999997 0.9960930234375001 0.212889921875 0.9946279062500001 0.208984496875 0.8950186046875 0.2021488375 0.8876953484375001 0.20117209374999998 0.9799813953125 0.20410232499999997 0.9960930234375001
4 0.11621085312499999 0.9990232562499999 0.187500775 0.9975581390625001 0.1845705421875 0.9433604656250001 0.12597674375 0.9726558140625 0.1132806203125 0.9887697671875 0.11621085312499999 0.9990232562499999
4 0 0.9975581390625001 0.04687441875 0.9975581390625001 0.084961240625 0.9755860468750001 0.09277364375 0.9521488375 0.1455085265625 0.9082023250000001 0.1503906984375 0.8540046515625 0.1826170546875 0.8496093015625 0.1855472875 0.812988371875 0.18066356562500002 0.805665115625 0.1513674421875 0.8115232562499999 0.12597674375 0.829102325 0.10449147343750001 0.820311628125 0.0205085265625 0.8496093015625 0 0.9096674421875001 0 0.9975581390625001
4 0.5712883718749999 0.7763674421875 0.45214883749999996 0.70312558125 0.428711628125 0.711913953125 0.41503875937499995 0.68847674375 0.4082031 0.6928720937499999 0.4101565890625 0.7163093015625 0.40332092968750005 0.7294930234375 0.3544914734375 0.7382813953125 0.3437503875 0.72802790625 0.3476558140625 0.6840813953125 0.334961240625 0.6826162796874999 0.318359690625 0.6928720937499999 0.3164062015625 0.725097675 0.30175813906250004 0.75 0.2548821703125 0.7763674421875 0.25097674375 0.805665115625 0.2353519375 0.8085930234375001 0.23046821718750002 0.7924813953125 0.2246093015625 0.7924813953125 0.22753953437500002 0.8349604656249999 0.2685550390625 0.8144534890624999 0.2792961234375 0.8334953484375 0.2763674421875 0.8554697671874999 0.31347596875 0.858397675 0.33007751875 0.8774418609374999 0.3271488375 0.8935558140625 0.31152403125 0.8994139531249999 0.305663565625 0.8759767437500001 0.225586046875 0.8759767437500001 0.2246093015625 0.9653325578124999 0.24023410781250001 0.9711906984375 0.243164340625 0.9990232562499999 0.5117193796875 0.9975581390625001 0.5136713171875 0.83642558125 0.522460465625 0.820311628125 0.5732418609375001 0.788086046875 0.5712883718749999 0.7763674421875
