4 0.11035193750000001 0.0175790703125 0.28613333281250003 0.225586046875 0.413085271875 0.2314441859375 0.5126945734375 0.21972558125 0.5478511625 0.2314441859375 0.5976558140625 0.2299813953125 0.7021488375 0.22265581406249998 0.8613286828125 0.001465115625 0.10351627968749999 0.001465115625 0.11035193750000001 0.0175790703125
4 0.8798821703125 0 0.866210853125 0.005860465625 0.8369147281249999 0.043944185937500005 0.7167969000000001 0.218262790625 0.7324217046875 0.22412092968750003 0.7324217046875 0.3647465109375 0.7617193796875 0.3793953484375 0.7597658921875 0.39111395312499997 0.7695317828125 0.4028325578125 0.7666015500000001 0.42187441875 0.774413953125 0.4248046515625 0.7792961234375 0.3940418609375 0.790038759375 0.3867186046875 0.9414062015625 0.3383790703125 0.9414062015625 0.58447209375 0.78222635625 0.556639534375 0.7773441859375 0.46728604687499997 0.7451178296875 0.47753953437499996 0.7353519375 0.47167907031249995 0.7324217046875 0.5727534890625 0.7382806203125 0.5961906984375 0.7832030999999999 0.6254883718750001 0.7763674421875 0.6445302328125 0.742187596875 0.6694325578125 0.7441410859375 0.725097675 0.756835659375 0.7382813953125 0.8232418609375 0.75 0.8437503875000001 0.6108395343749999 0.8544914734375 0.6064441859375 0.85937519375 0.63427674375 0.8437503875000001 0.8657232562500001 0.881835659375 0.90527441875 0.9091798453125 0.9111325578124999 0.912110078125 0.9184581390625001 0.9042961234375 0.9331046515624999 0.9619147281249999 0.9960930234375001 0.9921875968749999 0.9975581390625001 1 0.9946279062500001 0.9990232562499999 0 0.9521488375 0 0.9492186046875 0.024902325 0.9335937984375 0.0512697671875 0.9414062015625 0.062988371875 0.9414062015625 0.30322325625 0.8076170546875 0.36621162812499997 0.7792961234375 0.3706046515625 0.7792961234375 0.20947209375 0.8173829453125 0.1669930234375 0.84277364375 0.15234418593750002 0.8525395343750001 0.131834884375 0.929686821875 0.0512697671875 0.9199224812500001 0.0366209296875 0.920897675 0 0.8798821703125 0
4 0.57617209375 0.41162092968749997 0.5439457359375 0.369139534375 0.45214883749999996 0.36621162812499997 0.446288371875 0.42773488437499996 0.287110078125 0.43212790625 0.2919922484375 0.49218837187500003 0.30371162812499997 0.46582092968750005 0.329102325 0.47167907031249995 0.3603519375 0.46582092968750005 0.366210853125 0.4804697671875 0.37597674375 0.46582092968750005 0.3935550390625 0.46582092968750005 0.3964837203125 0.484862790625 0.39160154999999996 0.49218837187500003 0.3466790703125 0.4892581390625 0.3437503875 0.5112302328125 0.352539534375 0.5185558140625 0.458984496875 0.5229488375 0.46972713125 0.506834884375 0.5654294578125 0.5126953484375 0.572265115625 0.49072325625 0.57617209375 0.41162092968749997
4 0.166015503125 0.484862790625 0.0146480625 0.4687511625 0.0058589140625 0.49365348906250006 0.007812403125000001 0.5053720937499999 0.0214837203125 0.5170906984375 0.023437209375 0.5493162796875 0.131835659375 0.539062790625 0.1386713171875 0.531737209375 0.14062480625 0.49951162812499994 0.166015503125 0.484862790625
4 0.0771488375 0 0.070313178125 0.00732325625 0.079102325 0.0205069765625 0.24218759687500002 0.203613953125 0.2460930234375 0.24169999999999997 0.23242170468749998 0.27685581406250004 0.23242170468749998 0.48193255781250005 0.20410232499999997 0.48339767499999997 0.19824186093750001 0.4980465109375 0.16015658906250002 0.531737209375 0.195313178125 0.5346674421875 0.274413953125 0.524413953125 0.27539069843749997 0.5024418609375 0.289062015625 0.49365348906250006 0.287110078125 0.43212790625 0.2675782953125 0.423339534375 0.2675782953125 0.2563465109375 0.2773441859375 0.24169999999999997 0.2773441859375 0.22705116250000001 0.10839845 0.0175790703125 0.0908201546875 0 0.0771488375 0
4 0.616210853125 0.25195348906250004 0.6201178296875 0.23437441875 0.5292961234375 0.235839534375 0.5292961234375 0.30322325625 0.5537116281250001 0.32812558125 0.5664062015625 0.3295906984375 0.568359690625 0.2709953484375 0.57812558125 0.2475581390625 0.6064449609375 0.243165115625 0.616210853125 0.25195348906250004
4 0.28027286875 0.2285162796875 0.2714837203125 0.23876976718749998 0.272460465625 0.25195348906250004 0.444336434375 0.2548837203125 0.44726511562500004 0.3383790703125 0.45312558125 0.3383790703125 0.49609302343749995 0.3061534890625 0.49511782968749996 0.22265581406249998 0.43652403125 0.2314441859375 0.28027286875 0.2285162796875
4 0.6953131781249999 0.8247069765624999 0.6845705421875 0.8173837203125001 0.687500775 0.906737209375 0.6953131781249999 0.8247069765624999
4 0.5585937984375 0.8803720937499999 0.5654294578125 0.9316395343749999 0.5986325578125 0.9521488375 0.6113286828125 0.9506837203125 0.6152341078125 0.91552790625 0.6103519375 0.9082023250000001 0.59277364375 0.8906255812499999 0.5585937984375 0.8803720937499999
4 0.50097674375 0.9990232562499999 0.5976558140625 0.9975581390625001 0.5771488375 0.9755860468750001 0.5166015500000001 0.9375 0.5039069765625 0.9477534890625 0.50097674375 0.9990232562499999
4 0.7392573640625 0.9169930234375 0.7324217046875 0.8657232562500001 0.7246093015625 0.8686534890625 0.710937984375 0.9096674421875001 0.7158201546875 0.9199209296875 0.79687441875 0.9536139531250001 0.78222635625 0.881834884375 0.75097674375 0.8730465109375001 0.75 0.91552790625 0.7392573640625 0.9169930234375
4 0.6855472875 0.9799813953125 0.68847596875 0.9990232562499999 0.8066403093750001 0.9975581390625001 0.8037116281250001 0.9843744187500001 0.709961240625 0.9375 0.6992186046875 0.9389651156250001 0.6855472875 0.9799813953125
4 0.8320310078125001 0.8774418609374999 0.8476558140625 0.9741209296875001 0.84277364375 0.9785162796875 0.8339844968750001 0.968262790625 0.8232418609375 0.9316395343749999 0.820313178125 0.9506837203125 0.8310542640625 0.9990232562499999 0.9531255812499999 0.9975581390625001 0.8974604656249999 0.9228511625 0.883789146875 0.9199209296875 0.84277364375 0.8730465109375001 0.8320310078125001 0.8774418609374999
4 0.4648434109375 0.8686534890625 0.45507751875 0.8686534890625 0.47070387656249996 0.7456046515625 0.444336434375 0.7324209296874999 0.4423829453125 0.7412116281250001 0.430663565625 0.744139534375 0.3330077515625 0.744139534375 0.1562496125 0.9917 0.1591798453125 0.9990232562499999 0.4824217046875 0.9975581390625001 0.49609302343749995 0.8422860468750001 0.48339845 0.8437511625 0.475586046875 0.829102325 0.4648434109375 0.8686534890625
