4 0.6612683609375 0 0.66412146875 0.0356431375 0.6934180796875 0.084447059375 0.7647062140625 0.1834156859375 0.7913587578125 0.2 0.7955310734375 0.2 0.9990819203125 0.11562745156250001 1 0.007227451562499999 1 0.0004 0.8760338984375 0.009886275 0.8617937859374999 0 0.8605395484375 0 0.875059321875 0.10613725468749999 0.7686129937499999 0.1671450984375 0.7324802265625 0.100717646875 0.859432203125 0.0085294125 0.6812683609375 0 0.6612683609375 0
4 0.8458898312500001 0.6705882359374999 0.843951978125 0.2750666671875 0.9992259890625 0.219482353125 0.9992259890625 0.12187058749999999 0.779497175 0.2154156859375 0.7755932203125 0.6546627453125 0.8345960453125001 0.6705882359374999 0.8458898312500001 0.6705882359374999
4 0.466697740625 0.9372549015624999 0.5154774015625 0.8884980390624999 0.5135225984375 0.7854666671875 0.49887570625000005 0.8058 0.4822740109375 0.7990235296875 0.4842259890625 0.7339490203125 0.5086412421875 0.729882353125 0.5154774015625 0.7149686281250001 0.5135225984375 0.603803921875 0.5887175140625 0.5970235296874999 0.6092259890625 0.5821098046875 0.61313276875 0.5224627453124999 0.5945790953125 0.5211058828125 0.5936016953125 0.500768628125 0.5779774015625 0.4953450984375 0.5809067796875 0.47772156875 0.5994604515625 0.4736549015625 0.5809067796875 0.46687843124999995 0.55063276875 0.4221372546875 0.5350084749999999 0.354352940625 0.54086723125 0.262168628125 0.5652796609374999 0.2201411765625 0.5926242937499999 0.212003921875 0.6219209046875 0.2309843140625 0.6482881359375 0.2811450984375 0.66586723125 0.35977647031250004 0.6385225984375 0.46009803906249996 0.611177965625 0.476368628125 0.6385225984375 0.500768628125 0.6228983046875001 0.5224627453124999 0.626805084375 0.5793999999999999 0.7029774015625 0.5821098046875 0.709810734375 0.716325490625 0.76938135625 0.6607411765625 0.7352033890625 0.6512509796875 0.7244604515625 0.614647059375 0.74887570625 0.6078705875 0.766451978125 0.629560784375 0.771186440625 0.61923529375 0.771186440625 0.4790549015625 0.7342259890625 0.4736549015625 0.7371553671875 0.4370509796875 0.7625451984375 0.4370509796875 0.7684067796875 0.456031371875 0.771186440625 0.4470235296875 0.771186440625 0.30827843125 0.7371553671875 0.3123294125 0.7225084749999999 0.275725490625 0.7293446328125001 0.24996470624999997 0.7703587578125 0.2580980390625 0.771186440625 0.24622745156249998 0.771186440625 0.21304705937500001 0.667819209375 0.06423529375 0.641451978125 0.0059411765625 0.454929378125 0.0072941171875 0.45688135625 0.3218156859375 0.4695790953125 0.3475764703125 0.4832485875 0.3475764703125 0.48715536718749997 0.328596078125 0.5125451984375 0.3475764703125 0.5311016953125 0.40316078437499997 0.5154774015625 0.414003921875 0.5125451984375 0.47772156875 0.45883615781250003 0.47907843124999994 0.454929378125 0.9372549015624999 0.466697740625 0.9372549015624999
4 0 0.99607843125 0.0837118640625 0.99607843125 0.087570621875 0.34427843125 0.087570621875 0.0068078437500000005 0.000700565625 0.00018039218749999999 0 0.7150117640625 0 0.99607843125
4 0.688827684375 0.7490196078125 0.672316384375 0.7719411765624999 0.672316384375 0.77199215625 0.6889548015625 0.78039215625 0.6920903953125 0.78039215625 0.6920903953125 0.7711450984375 0.6889039546875 0.7490196078125 0.688827684375 0.7490196078125
4 0.5329802265625 0.8894509796875001 0.55513841875 0.917647059375 0.556497175 0.917647059375 0.556497175 0.8737294125 0.5329802265625 0.8894509796875001
4 0.5742118640625 0.853203921875 0.57513841875 0.913725490625 0.578186440625 0.913725490625 0.68361581875 0.8013411765624999 0.68361581875 0.79992156875 0.65038135625 0.7854196078125 0.5742118640625 0.853203921875
4 1 0.7230431375 0.7765367234375 0.67292156875 0.7052485875000001 0.736639215625 0.7052485875000001 0.799 0.69450565 0.8166235296875 0.56950565 0.952196078125 0.5148192093749999 0.9033882359375 0.4044689265625 0.9942196078125001 0.43571751406250003 0.9996431375 0.999194915625 0.9982901953125 1 0.7712431375000001 1 0.7230431375
4 0.659923728125 0.623113725 0.6677033890625 0.7607843140624999 0.6682966109375 0.7607843140624999 0.6920903953125 0.734831371875 0.6920903953125 0.695713725 0.6843389828124999 0.6027764703125 0.659923728125 0.623113725
4 0.5593220343749999 0.8520392156250001 0.5593220343749999 0.6350196078125 0.5273983046875 0.6236235296875 0.5244689265625 0.858160784375 0.5342344625 0.874431371875 0.5593220343749999 0.8520392156250001
4 0.5761638421875 0.8313725484375001 0.5820056499999999 0.8313725484375001 0.6525254234375 0.7711294125 0.6495960453125 0.6098 0.5685423734375 0.6382705875 0.5761638421875 0.8313725484375001
