4 0.08612994375000001 0.0022156859375 0.16718644062500002 0.0659333328125 0.1808559328125 0.109313725 0.5117740109375 0.30196078437499996 0.5177062140625 0.30196078437499996 0.7746073453125 0.22048235312500003 0.9152316390624999 0.193368628125 0.9259745765625 0.1757450984375 0.95136440625 0.004925490625 0.7570282484375 0.00899215625 0.74238135625 0.018482353125 0.76386440625 0.0266156859375 0.7599576265625 0.0862666671875 0.723824859375 0.0984666671875 0.7052711859375 0.059152940625 0.7199209046874999 0.0225490203125 0.734567796875 0.018482353125 0.69062429375 0.003568628125 0.08612994375000001 0.0022156859375
4 0.644067796875 0.43185882343750004 0.644067796875 0.2760588234375 0.5134689265625 0.30963529375 0.5066327687500001 0.33539215625 0.5163983046875 0.346239215625 0.504677965625 0.34894902031249997 0.504677965625 0.36521960781249996 0.5183502828125001 0.3706431375 0.519327684375 0.3936901953125 0.62186723125 0.3869098046875 0.6169830515625 0.475031371875 0.5212796609375 0.4804549015625 0.5261638421875 0.5170588234375 0.6236553671875 0.521568628125 0.6433587578125 0.521568628125 0.644067796875 0.43185882343750004
4 0.5130988703125 0.3089333328125 0.5023559328125 0.3428274515625 0.5004039546875 0.5163568625 0.5092344625 0.517647059375 0.53888700625 0.517647059375 0.5480225984375 0.49016470625 0.5480225984375 0.4860509796875 0.52188700625 0.475686275 0.5257937859374999 0.38892156875 0.514073446875 0.3726509796875 0.5130988703125 0.3089333328125
4 0.2368559328125 0.521568628125 0.2552542375 0.5087960781249999 0.26813559374999996 0.521568628125 0.4735960453125 0.521568628125 0.4984180796875 0.518286275 0.5 0.347113725 0.5 0.3065764703125 0.1790819203125 0.11564313749999999 0.180059321875 0.518286275 0.22497740156249998 0.521568628125 0.2368559328125 0.521568628125
4 0.2790423734375 0.5490196078125 0.3730254234375 0.5490196078125 0.442564971875 0.5466274515625 0.45135310781250004 0.5344235296875001 0.2697146890625 0.529003921875 0.2790423734375 0.5490196078125
4 0.21738700625 0.6420627453125001 0.2457627125 0.6357058828125 0.2457627125 0.60479215625 0.24082485937500003 0.5254705875 0.194926553125 0.5322509796875 0.20078531093750002 0.562074509375 0.21836440625 0.5647882359375 0.21836440625 0.6027450984375 0.1900423734375 0.595968628125 0.194926553125 0.5810549015625 0.1812542375 0.57292156875 0.1773474578125 0.6461294125 0.180700565625 0.6470588234375 0.1940395484375 0.6470588234375 0.2134802265625 0.6420627453125001 0.20566949218750002 0.6285058828125 0.21738700625 0.6420627453125001
4 0.5025847453125001 0.527286275 0.4967259890625 0.5544 0.48110169531249997 0.5544 0.47328813593749997 0.5245764703125 0.45668644062499997 0.5340666671875 0.472310734375 0.5882941171875 0.49574858749999995 0.5991372546875 0.482076271875 0.6126941171875 0.4967259890625 0.6221843140625001 0.6396610171875 0.6431372546875 0.6525423734375 0.6431372546875 0.6525423734375 0.5326235296874999 0.5025847453125001 0.527286275
4 0.8192090390625 0.6388235296875 0.8295903953125 0.6470588234375 0.8323898312500001 0.6470588234375 0.8361355937500001 0.59763529375 0.8722683609375 0.5881490203124999 0.8757062140625 0.5700156859375001 0.8757062140625 0.5585568624999999 0.8664096046875001 0.533917646875 0.823440678125 0.506803921875 0.8192090390625 0.6207725484375 0.8192090390625 0.6388235296875
4 1 0.001517646875 0.9682203390625 0.00018039218749999999 0.9555254234375001 0.0096705875 0.9262288140624999 0.1886235296875 0.8149011296875001 0.2238705875 0.8168531078125 0.4434941171875 0.8549378531249999 0.461117646875 0.876423728125 0.41502352968749995 0.894002825 0.43400392187500003 0.9272033890625 0.4312901953125 0.9262288140624999 0.35943921562500003 0.937946328125 0.3567294125 0.9418531078125 0.535682353125 0.92037005625 0.676674509375 0.922322034375 0.7336117640625 0.984822034375 0.991196078125 0.99888983125 0.99607843125 1 0.99607843125 1 0.001517646875
4 0 0.9885686281250001 0.00041525468750000006 0.99607843125 0.9745762718750001 0.99607843125 0.9745762718750001 0.98936470625 0.9546581921874999 0.8888156859375 0.9370819203125 0.8345882359375001 0.9214548015625 0.8373019609375 0.9029011296875 0.7491803921875 0.8657909609375001 0.7437568625 0.864816384375 0.7776509796875 0.8511440671875 0.780360784375 0.8404011296875 0.8223882359375001 0.8345423734375 0.7356235296875 0.8228220343749999 0.7844274515625 0.8071977406249999 0.7437568625 0.781807909375 0.765447059375 0.7739943499999999 0.7383333328125 0.7525113 0.7302 0.7154011296875 0.7464705875 0.6997768359375 0.7871411765625 0.688056496875 0.781717646875 0.6480169484375 0.83187843125 0.6079802265625001 0.9498235296875001 0.5855169484375 0.9376235296875001 0.5816129937500001 0.8644156859375001 0.5650113 0.84679215625 0.438056496875 0.8250980390624999 0.3775113 0.7844274515625 0.2837598875 0.7518901953125 0.26813559374999996 0.781717646875 0.2573926546875 0.7776509796875 0.2525113 0.8142549015625 0.2388389828125 0.7979843140625 0.20563559374999998 0.795274509375 0.198799434375 0.8373019609375 0.17536158125 0.8481450984375 0.16852542343750002 0.8928862750000001 0 0.9807882359375 0 0.9885686281250001
