4 0.4560542640625 0 0.32031317812500004 0.001465115625 0.42382790625 0.08642558125000001 0.4560542640625 0
4 0.3886713171875 0.188965115625 0.42187441875 0.09814418593749999 0.3095705421875 0 0.0742186046875 0.001465115625 0.3886713171875 0.188965115625
4 1 0.001465115625 0.461914728125 0 0.429686821875 0.08642558125000001 0.47753953437499996 0.1230465109375 0.4863286828125 0.1420906984375 0.48437519375000004 0.162597675 0.4648434109375 0.20947209375 0.4648434109375 0.30322325625 0.47460930156250003 0.3559581390625 0.47070387656249996 0.41748139531249995 0.47656279062499995 0.44970697656249997 0.4667969 0.46435581406250004 0.4648434109375 0.48193255781250005 0.4726558140625 0.5610348843749999 0.49511782968749996 0.5595697671875 0.50097674375 0.5185558140625 0.5107426359375 0.533202325 0.5205085265625 0.5214837203125 0.5439457359375 0.5214837203125 0.5517581390624999 0.5361325578125 0.5576170546875 0.51562558125 0.569336434375 0.51562558125 0.579102325 0.5742186046875 0.6083984499999999 0.5771488375 0.6113286828125 0.5698232562500001 0.60937519375 0.484862790625 0.5908201546875 0.4804697671875 0.5810542640625 0.4482418609375 0.522460465625 0.4570302328125 0.5117193796875 0.46435581406250004 0.506835659375 0.48339767499999997 0.49609302343749995 0.4790046515625 0.4902341078125 0.4584953484375 0.492187596875 0.3793953484375 0.48437519375000004 0.3559581390625 0.4941410859375 0.3002930234375 0.4941410859375 0.16552790625 0.5126945734375 0.158202325 0.5185550390625 0.1435558140625 0.6103519375 0.0732418609375 0.6132806203125 0.350097675 0.618164340625 0.375 0.633789146875 0.3603511625 0.6455085265625 0.3603511625 0.6601565890625001 0.39697209375 0.6542961234375 0.4584953484375 0.662110078125 0.5170906984375 0.662110078125 0.6225581390625 0.71972713125 0.6210930234375 0.788085271875 0.63867209375 0.8251953484375001 0.6591790703125 0.82617209375 0.7778325578125 0.8476558140625 0.7983395343749999 0.851562790625 0.8393558140625 0.8652341078125 0.859862790625 0.8701178296875 0.9023441859375 0.8964837203125 0.8862302328125 0.89062480625 0.7456046515625 0.90722635625 0.744139534375 0.912110078125 0.7543953484375 0.914062015625 0.9008790703124999 0.937500775 0.9360348843749999 0.9414062015625 0.9653325578124999 0.9550775187499999 0.9799813953125 0.9570310078125001 0.906737209375 0.9755860468750001 0.9023441859375 1 0.912597675 1 0.001465115625
4 0.4179689921875 1 0.4902341078125 0.9975581390625001 0.412110078125 0.8979488375000001 0.40917984531249996 0.8437511625 0.2167969 0.9829093015625 0.2216790703125 1 0.4179689921875 1
4 0.00097674375 0 0 0.1127930234375 0.024413953125000002 0.117188371875 0.0292961234375 0.139160465625 0.027344185937499998 0.1831046515625 0 0.186034884375 0 0.36767674375000003 0.0263674421875 0.3720697671875 0.0292961234375 0.39111395312499997 0.022460465625000002 0.40722558124999997 0 0.405762790625 0 0.7016604656250001 0.0097658921875 0.7016604656250001 0.3779302328125 0.6123046515625 0.38574263593749997 0.60937441875 0.40039069843749997 0.578613953125 0.398437209375 0.5112302328125 0.3876945734375 0.4892581390625 0.34472713125 0.49218837187500003 0.3330077515625 0.5039069765625 0.3173829453125 0.50097674375 0.3095705421875 0.4804697671875 0.2998046515625 0.4892581390625 0.295897675 0.47753953437499996 0.2919922484375 0.5712883718749999 0.131835659375 0.59472558125 0.1230465109375 0.587402325 0.125 0.18017674374999998 0.1298821703125 0.12597674375 0.291015503125 0.203613953125 0.2978511625 0.47167907031249995 0.3310542640625 0.46582092968750005 0.3779302328125 0.47460930156250003 0.39160154999999996 0.4687511625 0.398437209375 0.452637209375 0.40332092968750005 0.430665115625 0.3437503875 0.41748139531249995 0.350586046875 0.4013674421875 0.39062480625 0.39697209375 0.3886713171875 0.30322325625 0.3798821703125 0.30175813906250004 0.3701178296875 0.3251953484375 0.3564449609375 0.32812558125 0.335937984375 0.2915046515625 0.335937984375 0.279786046875 0.3486325578125 0.26074186093749996 0.3603519375 0.25781162812499997 0.383789146875 0.29882790625 0.38671937968750003 0.2944325578125 0.38671937968750003 0.19482325625000002 0.0810542640625 0.008788371875000001 0.06347596875 0 0.00097674375 0
4 0.4404294578125 0.46582092968750005 0.43554728750000005 0.5727534890625 0.443359690625 0.5727534890625 0.4404294578125 0.46582092968750005
4 0.429686821875 0.49072325625 0.42382790625 0.48779302343750003 0.42382790625 0.47314418593749996 0.431640309375 0.46728604687499997 0.428711628125 0.45117209375 0.4248046515625 0.45996046562500004 0.40527286875 0.430665115625 0.397460465625 0.430665115625 0.39062480625 0.4409186046875 0.3925782953125 0.5727534890625 0.3955085265625 0.5830069765625 0.40429612343750004 0.5815418609375 0.40722635625 0.5742186046875 0.4248046515625 0.5742186046875 0.429686821875 0.5639651156250001 0.429686821875 0.49072325625
4 0.445313178125 0.2065418609375 0.458984496875 0.203613953125 0.44726511562500004 0.1772465109375 0.45507751875 0.1274418609375 0.4248046515625 0.0996093015625 0.40429612343750004 0.156737209375 0.40527286875 0.1699209296875 0.42382790625 0.18017674374999998 0.416015503125 0.2065418609375 0.41992248125 0.250488371875 0.416015503125 0.312011628125 0.42382790625 0.32080000000000003 0.4189457359375 0.336913953125 0.40039069843749997 0.3295906984375 0.4062496125 0.23876976718749998 0.40332092968750005 0.1845697671875 0.39062480625 0.19482325625000002 0.3886713171875 0.2299813953125 0.3925782953125 0.39697209375 0.399413953125 0.40722558124999997 0.4082031 0.405762790625 0.42285116250000004 0.3867186046875 0.4326170546875 0.3955069765625 0.445313178125 0.37353488437500004 0.445313178125 0.2065418609375
4 1 0.001465115625 0.461914728125 0 0.437500775 0.054200000000000005 0.429686821875 0.08935581406250001 0.46972713125 0.117188371875 0.4863286828125 0.1420906984375 0.47656279062499995 0.1831046515625 0.462889921875 0.2065418609375 0.4648434109375 0.36767674375000003 0.458984496875 0.49365348906250006 0.462889921875 0.5581046515625 0.49706976718749996 0.5625 0.50097674375 0.539062790625 0.5126945734375 0.5419930234375 0.522460465625 0.5273441859375 0.538085271875 0.524413953125 0.5478511625 0.568360465625 0.54687441875 0.54052790625 0.5673829453125 0.51562558125 0.579102325 0.5742186046875 0.6064449609375 0.5800790703125001 0.6113286828125 0.5727534890625 0.60937519375 0.48193255781250005 0.59277364375 0.4804697671875 0.586914728125 0.4482418609375 0.5126945734375 0.4570302328125 0.5048821703125 0.48339767499999997 0.4941410859375 0.47314418593749996 0.492187596875 0.43212790625 0.5 0.423339534375 0.492187596875 0.41748139531249995 0.492187596875 0.399902325 0.5 0.3881837203125 0.492187596875 0.37646511562499996 0.4902341078125 0.3559581390625 0.4941410859375 0.16552790625 0.508789146875 0.15527441875 0.5126945734375 0.1611325578125 0.5185550390625 0.1435558140625 0.6103519375 0.0732418609375 0.6152341078125 0.37353488437500004 0.6435550390625 0.3603511625 0.6582030999999999 0.3881837203125 0.6523441859375 0.4350581390625 0.662110078125 0.5170906984375 0.662110078125 0.6225581390625 0.71972713125 0.6210930234375 0.788085271875 0.63867209375 0.8251953484375001 0.6591790703125 0.82617209375 0.7778325578125 0.8437503875000001 0.7895511625 0.851562790625 0.812988371875 0.851562790625 0.8422860468750001 0.8652341078125 0.859862790625 0.8701178296875 0.9023441859375 0.8964837203125 0.889160465625 0.89062480625 0.7456046515625 0.90722635625 0.744139534375 0.912110078125 0.7602534890625 0.912110078125 0.8950186046875 0.937500775 0.9360348843749999 0.9433596906249999 0.9770511624999999 0.9550775187499999 0.9799813953125 0.9570310078125001 0.906737209375 0.9755860468750001 0.9023441859375 1 0.912597675 1 0.001465115625
4 0.3613286828125 0.326660465625 0.3808589140625 0.3002930234375 0.3564449609375 0.25781162812499997 0.335937984375 0.28564418593749996 0.3613286828125 0.326660465625
4 0.4492186046875 0.1684581390625 0.4492186046875 0.1772465109375 0.4667969 0.1977534890625 0.4863286828125 0.1450186046875 0.46972713125 0.12011627968750001 0.462889921875 0.12451162812500001 0.4492186046875 0.1684581390625
