4 0.6894519781249999 0.025756862499999998 0.76562429375 0.0013568625 0.6621101687500001 0.0013568625 0.666991525 0.0216901953125 0.6894519781249999 0.025756862499999998
4 0.45898305156249997 0.090831371875 0.62988418125 0.0433843140625 0.6542966109374999 0.0013568625 0.15625141250000002 0.0013568625 0.45898305156249997 0.090831371875
4 0.5800790953125 0.44602352968750003 0.5878898312499999 0.4297568625 0.5917966109374999 0.16403921562499998 0.57812429375 0.1342156859375 0.8916016953125 0.062360784375 0.9111327687499999 0.0460941171875 0.9951158187500001 0.0406705875 1 0.0013568625 0.7822259890625001 0.0027098046875 0.6904293781249999 0.027113724999999998 0.6552740109374999 0.07320784375 0.6240225984375 0.0460941171875 0.44433615781249997 0.0948980390625 0.143553671875 0.0027098046875 0.0009774015625 0 0 0.267074509375 0.0410169484375 0.809352940625 0.09961016875 0.8662901953125001 0.456053671875 0.6886941171875 0.6103502828125 0.7483450984375 0.6308587578125 0.47042745156250004 0.5800790953125 0.44602352968750003
4 0.604491525 0.7564784312499999 0.46581920937500004 0.694117646875 0.0898446328125 0.8798470593750001 0.0947259890625 0.9977960781249999 1 0.9964392156249999 0.9990225984375 0.9245882359375001 0.637694915625 0.77003529375 0.6142570625 0.794439215625 0.604491525 0.7564784312499999
4 0.6367175140625 0.6141333328125 0.7851553671875 0.6629372546875001 0.7617175140625 0.603286275 0.721680790625 0.553125490625 0.6787118640625 0.56939215625 0.6367175140625 0.6141333328125
4 0.7431638421875 0.5368549015624999 0.7382824859375 0.5517686281249999 0.79687570625 0.6520901953125 0.8837881359375 0.580239215625 0.882813559375 0.5599019609375 0.8212881359375 0.52872156875 0.7431638421875 0.5368549015624999
4 0.6601553671875 0.5707490203125001 0.6992175140625 0.53007843125 0.6474604515625 0.49889803906249997 0.638672315625 0.5626156859375 0.6601553671875 0.5707490203125001
4 1 0.6873372546875001 0.9189463281249999 0.593796078125 0.872070621875 0.6046431375 0.810548021875 0.668360784375 1 0.73072156875 1 0.6873372546875001
4 1 0.9150980390625 0.9990225984375 0.8188431375 0.632813559375 0.6873372546875001 0.6357429375 0.7646156859375 1 0.9150980390625
4 1 0.0013568625 0.791991525 0 0.6884774015625 0.027113724999999998 0.6572259890625001 0.07049803906249999 0.6259774015625 0.0433843140625 0.44433615781249997 0.0921882359375 0.23535028281249998 0.0298235296875 0.2177740109375 0.008133332812500001 0.0009774015625 0 0 0.2724941171875 0.039062146874999995 0.806639215625 0.09961016875 0.8662901953125001 0.456053671875 0.6886941171875 0.6103502828125 0.7510588234375 0.632813559375 0.4731372546875 0.6181638421875 0.452803921875 0.5820310734375 0.44602352968750003 0.5937514125 0.2426705875 0.5839830515625 0.1342156859375 0.9736327687499999 0.051517646875 0.98437570625 0.055584314062499994 0.9228502828125 0.07320784375 0.914062146875 0.10438823593749999 0.9990225984375 0.0976117640625 1 0.055584314062499994 0.9882824859375001 0.050160784375 1 0.0447372546875 1 0.0013568625
4 0.789062146875 0.733431371875 0.784180790625 0.6832705875 0.632813559375 0.6385333328125 0.637694915625 0.6832705875 0.789062146875 0.733431371875
4 0.8056638421875 0.74563529375 1 0.8147764703125 0.9990225984375 0.7347882359375 0.798827684375 0.692760784375 0.79687570625 0.7388549015625 0.8056638421875 0.74563529375
4 0.9951158187500001 0.7022509796875 0.9687514125 0.7225882359375 0.9960932203124999 0.7252980390625 0.9951158187500001 0.7022509796875
4 1 0.5626156859375 0.9365225984375 0.5775294125 1 0.6737803921875 1 0.5626156859375
