4 0.3876945734375 0.1757813953125 0.45214883749999996 0.158202325 0.461914728125 0.1611325578125 0.46972713125 0.181639534375 0.5107426359375 0.1757813953125 0.944336434375 0.0175790703125 0.9648434109374999 0.001465115625 0.4560542640625 0.0029302328125 0.445313178125 0.0366209296875 0.460937984375 0.0512697671875 0.462889921875 0.08642558125000001 0.430663565625 0.0966790703125 0.42089767499999997 0.1142581390625 0.3896480625 0.108397675 0.3779302328125 0.1142581390625 0.3710930234375 0.10400465156250001 0.375 0.057127906250000006 0.4023441859375 0.016113953125 0.383789146875 0.0029302328125 0 0.001465115625 0.00097674375 0.1992186046875 0.1748046515625 0.2695302328125 0.22265581406249998 0.279786046875 0.3564449609375 0.2314441859375 0.3652341078125 0.218262790625 0.367187596875 0.19482325625000002 0.3876945734375 0.1757813953125
4 0.36328062031249997 0.001465115625 0.375 0.00732325625 0.3701178296875 0.0175790703125 0.3896480625 0.0205069765625 0.3935550390625 0.038086046875 0.40527286875 0.023437209375 0.42089767499999997 0.023437209375 0.43652403125 0.041016279687500004 0.44726511562500004 0.0395511625 0.4501953484375 0.023437209375 0.4941410859375 0.016113953125 0.4814449609375 0 0.36328062031249997 0.001465115625
4 0.3691410859375 0.1918953484375 0.3701178296875 0.210937209375 0.37597674375 0.2050790703125 0.3798821703125 0.21972558125 0.3886713171875 0.218262790625 0.45214883749999996 0.19628837187499998 0.45312558125 0.162597675 0.4013674421875 0.1699209296875 0.3691410859375 0.1918953484375
4 0.8212883718749999 0.21972558125 0.9326170546875 0.193360465625 0.9433596906249999 0.1831046515625 0.9501953484375001 0.1611325578125 0.9521488375 0.1845697671875 0.9990232562499999 0.1757813953125 1 0.0043953484375 0.5341798453125 0.1669930234375 0.53027286875 0.193360465625 0.6220697671875 0.1611325578125 0.6455085265625 0.1611325578125 0.6962883718749999 0.134765115625 0.8369147281249999 0.0878906984375 0.851562790625 0.095213953125 0.84472713125 0.12597674375 0.7548821703125 0.149413953125 0.743164340625 0.164062790625 0.71777364375 0.1611325578125 0.5292961234375 0.2211906984375 0.5361333328125 0.25195348906250004 0.5585937984375 0.250488371875 0.7919922484375 0.181639534375 0.8007813953125 0.188965115625 0.8037116281250001 0.21972558125 0.8212883718749999 0.21972558125
4 0.95117209375 0.2475581390625 0.960937984375 0.250488371875 1 0.24169999999999997 0.9990232562499999 0.1875 0.95117209375 0.20068372031249998 0.95117209375 0.2475581390625
4 0.802734884375 0.235839534375 0.802734884375 0.279786046875 0.8144527125 0.279786046875 0.8603519374999999 0.2695302328125 0.8613286828125 0.2211906984375 0.8076170546875 0.2285162796875 0.802734884375 0.235839534375
4 0.8710930234375001 0.25927674375 0.8867193796875 0.265137209375 0.9384759687500001 0.25781162812499997 0.9414062015625 0.203613953125 0.8740232562499999 0.21679767499999997 0.8710930234375001 0.25927674375
4 0.8007813953125 0.2915046515625 0.802734884375 0.3413093015625 0.805663565625 0.3486325578125 0.8183596906249999 0.3471674421875 0.9990232562499999 0.3251953484375 1 0.2563465109375 0.805663565625 0.28710930156250003 0.8007813953125 0.2915046515625
4 0.3076170546875 0.47460930156250003 0.3007813953125 0.48193255781250005 0.30371162812499997 0.5771488375 0.3105472875 0.5727534890625 0.3105472875 0.5434581390625 0.32324186093749996 0.539062790625 0.329102325 0.5742186046875 0.46972713125 0.585937209375 0.47851627968750005 0.5727534890625 0.4726558140625 0.546386046875 0.49902325625 0.539062790625 0.5058589140625 0.546386046875 0.5058589140625 0.5639651156250001 0.49609302343749995 0.5727534890625 0.5146480625 0.5742186046875 0.51562480625 0.5815418609375 0.492187596875 0.587402325 0.51562480625 0.587402325 0.5214837203125 0.5815418609375 0.523437209375 0.5493162796875 0.522460465625 0.4687511625 0.3076170546875 0.47460930156250003
4 0.3076170546875 0.3251953484375 0.312500775 0.3354488375 0.3105472875 0.46435581406250004 0.3154294578125 0.47167907031249995 0.366210853125 0.4687511625 0.367187596875 0.235839534375 0.3466790703125 0.23437441875 0.21386666718749997 0.2841790703125 0.00097674375 0.2021488375 0 0.6284186046875 0.0136713171875 0.6284186046875 0.21386666718749997 0.591797675 0.2187503875 0.5698232562500001 0.2216790703125 0.34277441875000003 0.3076170546875 0.3251953484375
4 0.212889921875 0.5961906984375 0.1689457359375 0.600586046875 0.163085271875 0.6210930234375 0.00097674375 0.6503906984375 0 0.7983395343749999 0.0058589140625 0.7983395343749999 0.1591798453125 0.7353511625 0.1669922484375 0.7412116281250001 0.2080077515625 0.7236325578125 0.212889921875 0.5961906984375
4 1 0.326660465625 0.8095705421874999 0.351562790625 0.8085937984375 0.6225581390625 1 0.6430674421875 1 0.326660465625
4 0.3457038765625 0.83642558125 0.33007751875 0.8247069765624999 0.337889921875 0.812988371875 0.336914728125 0.78222558125 0.2998046515625 0.805665115625 0.288085271875 0.8232418609375 0.26074263593749997 0.8320302328125001 0.257812403125 0.7368162796875 0.2373054265625 0.7236325578125 0.20410232499999997 0.726562790625 0 0.812988371875 0.00097674375 0.9990232562499999 0.587889921875 0.9975581390625001 0.5771488375 0.9843744187500001 0.3486325578125 0.8701162796874999 0.3437503875 0.859862790625 0.3457038765625 0.83642558125
