4 0.0048589140625 0 0 0.0072883718750000005 0 0.1743046515625 0.043934884375 0.20798837187500002 0.05467751875 0.253397675 0.0634666671875 0.2636534890625 0.25682480625 0.3046674421875 0.26366201562499997 0.2680465109375 0.2744031 0.2490046515625 0.309559690625 0.240213953125 0.33592713125 0.2680465109375 0.3456930234375 0.31492325625 0.3577550390625 0.3302325578125 0.40692713124999996 0.3302325578125 0.41112248124999995 0.316386046875 0.45799690000000004 0.3046674421875 0.9457364343749999 0.00822790625 0.9457364343749999 0.006039534375 0.938489921875 0 0.6962697671875 0 0.6630759687500001 0.067362790625 0.6162 0.0849418609375 0.60057519375 0.1113093015625 0.5908093015625 0.11423953437500001 0.5810434109375 0.1113093015625 0.5654186046875 0.08787209375 0.559559690625 0.096660465625 0.54002790625 0.0908 0.513662015625 0.042460465625 0.513662015625 0.010234884375 0.502939534375 0 0.0048589140625 0
4 0.7829798453125 0.5138744187500001 0.7790728687499999 0.5812581390625 0.7673534890625 0.5900465109375 0.76540155 0.6310627906249999 0.7419627906249999 0.645711628125 0.7624713171875 0.655965115625 0.7741906984375 0.67647209375 0.8152062015625001 0.6940511625 0.8239953484375 0.6808674421875 0.827900775 0.62227441875 0.8484093015624999 0.6208093015625 0.8552449609374999 0.6369209296875 0.8532914734375 0.8595790703124999 0.9655969000000001 0.9225674421875001 0.9911503875 0.9302325578125 0.9984496125 0.9302325578125 0.9984496125 0.358802325 0.8737999999999999 0.37764418593750004 0.8454790703124999 0.37032092968749997 0.8454790703124999 0.35274186093750004 0.8591503875000001 0.34102325625 0.8611038765625001 0.32051627968749996 0.8796589140625001 0.3073325578125 0.9734093015624999 0.28389534843750003 0.992939534375 0.28682325625 0.9984496125 0.30217209375 0.9984496125 0.213697675 0.8737999999999999 0.25459767499999997 0.8620806203125 0.25459767499999997 0.8454790703124999 0.23555581406249998 0.8454790703124999 0.2150465109375 0.85817364375 0.20772325625 0.8611038765625001 0.1916093015625 0.8864945734375 0.16524186093749998 0.87477674375 0.13594651093750001 0.8796589140625001 0.116902325 0.9030961234375001 0.1256906984375 0.9187209296875001 0.116902325 0.9265333328124999 0.0963953484375 0.9519240312499999 0.0963953484375 0.9675488375000001 0.08467674375 0.98512713125 0.093465115625 0.9984496125 0.0894674421875 0.9984496125 0.007002324999999999 0.9480186046875 0.00557441875 0.9323937984375 0.0085046515625 0.8015333328124999 0.0963953484375 0.76540155 0.13301627968750002 0.7634480625 0.1593837203125 0.7790728687499999 0.16817209375 0.771260465625 0.2296953484375 0.78102635625 0.2384837203125 0.7790728687499999 0.2531325578125 0.788838759375 0.26192092968749997 0.788838759375 0.27949999999999997 0.8005565890625 0.2912186046875 0.8005565890625 0.4230558140625 0.7829798453125 0.5138744187500001
4 0.7889860468750001 0.154013953125 0.784102325 0.146688371875 0.7782434109375 0.15254883749999998 0.7684775187499999 0.12911162812500002 0.6219937984375 0.21114186093749998 0.5760945734375 0.25362325625 0.5897658921875 0.262411628125 0.6063674421874999 0.3224697671875 0.61027441875 0.30782092968749997 0.6385953484375 0.3151465109375 0.6405472875 0.420613953125 0.604415503125 0.43086744218749995 0.5966031 0.442588371875 0.5907426359375 0.42500930156249994 0.58097674375 0.4455162796875 0.5780480625 0.42354418593750004 0.571212403125 0.4220790703125 0.5585162796875001 0.44112325625000004 0.56242325625 0.449911628125 0.5585162796875001 0.48506744218750003 0.5380093015625 0.49239302343749997 0.525313178125 0.52022325625 0.5301969 0.5392674421875 0.5448449609375 0.543660465625 0.5389860468750001 0.5583093015625 0.54679845 0.5671 0.54972713125 0.6125093015624999 0.6239457359375 0.597860465625 0.6805875968749999 0.65352558125 0.727462015625 0.6652441859375 0.7391798453125 0.6505953484375 0.7508992250000001 0.6505953484375 0.772384496875 0.6740325578124999 0.78117209375 0.6725674421875001 0.78117209375 0.637411628125 0.8026573640624999 0.593465115625 0.7987503874999999 0.5788186046875 0.8031007750000001 0.5679441859375001 0.8031007750000001 0.5626604656249999 0.7987503874999999 0.5583093015625 0.8031007750000001 0.545260465625 0.8031007750000001 0.53997674375 0.7987503874999999 0.537802325 0.7987503874999999 0.5172953484375 0.8031007750000001 0.5129441859375 0.8031007750000001 0.44277674375 0.79777364375 0.427939534375 0.7489457359375 0.43672790624999996 0.728438759375 0.4294046515625 0.7303922484375 0.30342790625 0.7987503874999999 0.2799906984375 0.7948449609375 0.23897441874999997 0.784102325 0.222860465625 0.7782434109375 0.2345790703125 0.773359690625 0.215537209375 0.7792201546874999 0.20674651093750002 0.7772666671875 0.1921 0.790937984375 0.1833093015625 0.7850790703125 0.16866046562499998 0.7889860468750001 0.154013953125
4 0.48085116250000004 0.32377674375 0.503313178125 0.331102325 0.5101488375 0.35307441875 0.5072186046875 0.4453581390625 0.472062015625 0.45707674374999996 0.44862480624999995 0.42192092968750006 0.4456961234375 0.4351046515625 0.43007131718749997 0.4497534890625 0.43202325625000004 0.5083465109375 0.4681565890625 0.518602325 0.495500775 0.5391093015624999 0.5072186046875 0.5859837203125 0.5160077515625 0.5845186046874999 0.518937984375 0.56547674375 0.534562790625 0.5596162796875 0.5453054265625 0.6226046515625 0.5560465109375 0.6094209296875001 0.6186046515625 0.5935418609374999 0.6186046515625 0.5822790703125 0.6175705421875 0.5698697671875 0.6058511625 0.5464325578125 0.6097581390625 0.44682325624999997 0.596086821875 0.43803488437500004 0.5941333328125 0.3179186046875 0.58827441875 0.2974093015625 0.5921798453125 0.276902325 0.581437209375 0.252 0.5501875968750001 0.26078837187500004 0.54237519375 0.275437209375 0.518937984375 0.2812953484375 0.5130790703125 0.2930162796875 0.4847581390625 0.30912790625 0.48085116250000004 0.32377674375
4 0.4916527125 0.45801395312500004 0.480911628125 0.45947907031249996 0.47407441875 0.4462953484375 0.47212248125 0.3671930234375 0.47700465156250005 0.3540093015625 0.50077519375 0.34402558125 0.50077519375 0.3402162796875 0.498488371875 0.3276418609375 0.4857937984375 0.3232488375 0.483840309375 0.3115302328125 0.4916527125 0.29980930156249996 0.48286356562500005 0.292486046875 0.43989457343750005 0.3188534890625 0.42622325625 0.3188534890625 0.40962170468750003 0.34668604687500004 0.41157519374999996 0.5136767437499999 0.4641302328125 0.5186046515625 0.4733286828125 0.5186046515625 0.4623565890625 0.504888371875 0.464310078125 0.472662790625 0.4916527125 0.45801395312500004
4 0.46227596875000004 0.8617162796875 0.47372868281249997 0.8674418609375 0.47403875937500006 0.8674418609375 0.47751937968749997 0.857 0.47751937968749997 0.855437209375 0.4632527125 0.8397418609375 0.46227596875000004 0.8617162796875
4 0.4729054265625 0.9930232562500001 0.4806201546875 0.9930232562500001 0.4806201546875 0.9865651156249999 0.4656077515625 0.9693465109374999 0.4626790703125 0.9913186046875 0.4729054265625 0.9930232562500001
4 0.5131782953124999 0.906588371875 0.5131782953124999 0.8883465109375001 0.51292713125 0.881937209375 0.49632558125 0.889260465625 0.5012077515625 0.9024441859375001 0.5131782953124999 0.906588371875
4 0.5922480625000001 0.8917604656250001 0.5922480625000001 0.8754069765624999 0.5887286828125 0.8701279062499999 0.57977674375 0.8674418609375 0.5787534890625 0.8674418609375 0.57017364375 0.8774511625000001 0.5750558140625001 0.8906348843749999 0.591010853125 0.89767441875 0.5916852718750001 0.89767441875 0.5922480625000001 0.8917604656250001
4 0.5465240312499999 0.9360162796875 0.5520930234375 0.9372093015624999 0.560300775 0.9372093015624999 0.561240309375 0.9217069765625 0.561240309375 0.9057767437500001 0.5494527125 0.8935348843750001 0.5465240312499999 0.9360162796875
4 0.687060465625 0.8664116281249999 0.70852713125 0.879011628125 0.70852713125 0.831265115625 0.68022480625 0.8473697671875 0.687060465625 0.8664116281249999
4 0.471589146875 0.9345581390625 0.49778914687500003 0.958139534375 0.51007751875 0.958139534375 0.51007751875 0.9551418609375 0.5047922484375 0.9404186046874999 0.49697984531249995 0.9404186046874999 0.4774480625 0.9111209296875 0.46475348906249997 0.912586046875 0.471589146875 0.9345581390625
4 0.8201550390625 0.8584697671875 0.799665115625 0.8640558140625 0.767438759375 0.8977488375 0.767438759375 0.9241162796875001 0.773302325 0.9255813953124999 0.78052248125 0.9255813953124999 0.8201550390625 0.8831186046875 0.8201550390625 0.8584697671875
4 0.44341085312499995 0.8118558140625 0.43442790625 0.8081813953125 0.423685271875 0.818434884375 0.41782635625 0.9942162796874999 0.4268821703125 0.9953488374999999 0.441302325 0.9953488374999999 0.44341085312499995 0.8957046515625 0.44341085312499995 0.8118558140625
4 0.8496077515625 0.9912581390625 0.8538852718750001 0.99767441875 0.94462480625 0.99767441875 0.9984496125 0.9971325578125001 0.9984496125 0.9426465109375 0.853514728125 0.8740697671875 0.8496077515625 0.9912581390625
4 0.20207751875 0.679765115625 0.178640309375 0.7061325578125001 0.1249302328125 0.7193162796875 0.1093038765625 0.8247837203125 0.10051627968750002 0.9991 0.254812403125 0.9991 0.2587193796875 0.9873813953124999 0.2684837203125 0.9991 0.396413953125 0.9976348843749999 0.40227286875 0.9800581390625001 0.4046511625 0.8801906984375 0.4046511625 0.8137023250000001 0.3905550390625 0.7925581390625001 0.3866480625 0.73982325625 0.3671178296875 0.7368930234375 0.3680930234375 0.7295697671875 0.3817658921875 0.7266395343750001 0.3817658921875 0.7149209296875 0.3680930234375 0.7061325578125001 0.34660930156249997 0.709060465625 0.3075472875 0.7237093015625 0.29387441875000003 0.7383581390625 0.2753209296875 0.7134558140625 0.26262480625 0.67097674375 0.24700000000000003 0.67097674375 0.20207751875 0.679765115625
