4 0.319336434375 0 0.3876945734375 0.04687441875 0.3945317828125 0.0600581390625 0.3964837203125 0.08935581406250001 0.39062480625 0.11572325624999999 0.414062015625 0.6196279062500001 0.1591798453125 0.75 0.148437209375 0.7485348843749999 0.1464837203125 0.6870116281249999 0.1396480625 0.670897675 0.11914108593749999 0.6811534890625001 0.1230465109375 0.7309581390625 0.102539534375 0.7470697671875 0.0898434109375 0.7426767437499999 0.08398449687500001 0.7075186046875 0.071288371875 0.697265115625 0 0.725097675 0.00097674375 0.9960930234375001 0.2812496125 0.9946279062500001 0.602539534375 0.679688371875 0.6074217046875 0.6665046515624999 0.60937519375 0.5815418609375 0.600586046875 0.5595697671875 0.56347596875 0.5478511625 0.4804682171875 0.58447209375 0.4726558140625 0.1538093015625 0.4648434109375 0.13037209375 0.4648434109375 0.095213953125 0.4814449609375 0.0966790703125 0.583984496875 0.1684581390625 0.5820310078125 0.5112302328125 0.6064449609375 0.5039069765625 0.6220697671875 0.48339767499999997 0.6298821703125 0.48339767499999997 0.6357426359375 0.5039069765625 0.665038759375 0.509765115625 0.66992248125 0.44677674375 0.665038759375 0.4248046515625 0.6201178296875 0.42773488437499996 0.5937503875 0.4145511625 0.5937503875 0.279786046875 0.600586046875 0.25781162812499997 0.6796868218750001 0.23876976718749998 0.6855472875 0.0805674421875 0.680663565625 0.06445348906250001 0.6416015500000001 0.0820302328125 0.6386713171875 0.109862790625 0.6220697671875 0.117188371875 0.49316434062500003 0 0.319336434375 0
4 1 0.001465115625 0.7314449609375 0 0.6923829453125 0.0205069765625 0.6835937984375 0.11572325624999999 0.681640309375 0.24462790625 0.68652403125 0.27539069843749997 0.697265115625 0.2709953484375 0.704102325 0.2373046515625 0.710937984375 0.24169999999999997 0.708984496875 0.265137209375 0.725586046875 0.2695302328125 0.8798821703125 0.23437441875 0.8916015500000001 0.1875 0.9042961234375 0.1918953484375 0.9023441859375 0.22705116250000001 0.912110078125 0.2475581390625 0.8964837203125 0.25927674375 0.8886713171875 0.35302790625 0.8886713171875 0.36767674375000003 0.8964837203125 0.3793953484375 0.8828124031250001 0.3881837203125 0.8779302328125 0.430665115625 0.8691410859375001 0.42626976718750004 0.868164340625 0.38378837187500003 0.709961240625 0.3896488375 0.70312558125 0.399902325 0.7021488375 0.42187441875 0.6953131781249999 0.41748139531249995 0.6923829453125 0.3925790703125 0.677734884375 0.3940418609375 0.67187441875 0.4965813953125 0.6796868218750001 0.5288093015625 0.6904294578125 0.539062790625 0.789062015625 0.5668953484375 0.7675782953125 0.6196279062500001 0.7617193796875 0.7426767437499999 0.7558589140625 0.766113953125 0.7919922484375 0.7910162796875 0.8037116281250001 0.7910162796875 0.8076170546875 0.7763674421875 0.8115240312499999 0.802734884375 0.8388666671875 0.8144534890624999 0.8457038765625 0.8100581390625001 0.84472713125 0.7998046515625 0.866210853125 0.802734884375 0.8701178296875 0.7910162796875 0.875 0.7954093015625 0.8710930234375001 0.8247069765624999 0.8779302328125 0.8320302328125001 0.8896480625000001 0.8378906984375 0.8925782953124999 0.8305674421875 0.8828124031250001 0.8159186046875 0.8857426359374999 0.7998046515625 0.8955085265625 0.82617209375 0.9062496124999999 0.827637209375 0.9023441859375 0.8334953484375 0.9062496124999999 0.8422860468750001 0.8974604656249999 0.8466790703125 0.920897675 0.86132790625 0.9287116281250001 0.8525395343750001 0.9384759687500001 0.8642581390625 0.944336434375 0.86132790625 0.9462883718749999 0.8759767437500001 0.9980465109375001 0.8979488375000001 1 0.531737209375 0.9521488375 0.5126953484375 0.9492186046875 0.49951162812499994 0.9667969 0.4584953484375 0.9726558140625 0.42626976718750004 1 0.39111395312499997 1 0.001465115625
4 0.711914728125 0.290039534375 0.7070310078125 0.297362790625 0.70507751875 0.3793953484375 0.726562790625 0.3793953484375 0.8720697671875 0.3720697671875 0.8808589140624999 0.2622069765625 0.8701178296875 0.25781162812499997 0.711914728125 0.290039534375
4 0.6757813953125 0.399902325 0.677734884375 0.4409186046875 0.6826170546875 0.413086046875 0.70117209375 0.4204093015625 0.7001953484375 0.3955069765625 0.6757813953125 0.399902325
4 0.681640309375 0.250488371875 0.6845705421875 0.2695302328125 0.7070310078125 0.2709953484375 0.709961240625 0.2373046515625 0.694336434375 0.2548837203125 0.6904294578125 0.2460930234375 0.681640309375 0.250488371875
4 0.704102325 0.3339837203125 0.7070310078125 0.3090813953125 0.7070310078125 0.2944325578125 0.6962883718749999 0.2929697671875 0.68652403125 0.27539069843749997 0.6796868218750001 0.279786046875 0.6757813953125 0.3618162796875 0.6757813953125 0.37646511562499996 0.6835937984375 0.3852534890625 0.697265115625 0.37646511562499996 0.697265115625 0.32080000000000003 0.70312558125 0.31787209375000003 0.704102325 0.3339837203125
4 0.048827906250000004 0.1596674421875 0.0820310078125 0.16552790625 0.070313178125 0.06591860468750001 0.041992248437500004 0.0585930234375 0.037110078125 0.06884651093750001 0.048827906250000004 0.1596674421875
4 0.0478511625 0.31054651093749996 0.025390698437499998 0.3002930234375 0.015624806250000001 0.1977534890625 0 0.1918953484375 0.00097674375 0.319334884375 0.0996093015625 0.3237302328125 0.084961240625 0.2050790703125 0.052734884375 0.2065418609375 0.0644527125 0.3061534890625 0.0478511625 0.31054651093749996
4 0 0.49951162812499994 0.023437209375 0.49951162812499994 0.12109302343749999 0.48193255781250005 0.102539534375 0.34570232500000003 0.070313178125 0.3471674421875 0.0820310078125 0.44677674375 0.0517581390625 0.45117209375 0.04492248125 0.43798837187500006 0.0332031 0.3471674421875 0 0.344237209375 0 0.49951162812499994
4 0.10546821718749999 0.5903325578125 0.0810542640625 0.6035162796875 0.070313178125 0.5991209296875 0.0595705421875 0.524413953125 0.00097674375 0.53027441875 0 0.6665046515624999 0.007812403125000001 0.6665046515624999 0.1357426359375 0.62402325625 0.125 0.5141604656250001 0.0976558140625 0.5200186046875 0.10546821718749999 0.5903325578125
4 0.5546868218750001 0.001465115625 0.6220697671875 0.0732418609375 0.64062480625 0.0805674421875 0.6845705421875 0.055665115625 0.687500775 0.021972093749999998 0.7167969000000001 0.001465115625 0.5546868218750001 0.001465115625
4 1 0.91552790625 0.9189457359375 0.867188371875 0.75097674375 0.779297675 0.7285162796875 0.8188465109375 0.725586046875 0.8466790703125 0.710937984375 0.8422860468750001 0.709961240625 0.8085930234375001 0.6826170546875 0.7910162796875 0.6611333328125 0.779297675 0.65722635625 0.7998046515625 0.6435550390625 0.79687441875 0.6425782953125 0.7690418609375 0.6308589140625 0.7543953484375 0.632812403125 0.7075186046875 0.62597674375 0.6855465109375001 0.5986325578125 0.68847674375 0.5712883718749999 0.711913953125 0.291015503125 0.9946279062500001 1 0.9975581390625001 1 0.91552790625
