4 0.5187503875 0.26377209375 0.5207038765625 0.2520534890625 0.5460945734375 0.2520534890625 0.5666031 0.2681674421875 0.5783209296875 0.1509790703125 0.6124031 0.0005325578125 0.6124031 0.00010232500000000001 0.36347751875 0.0044953484374999995 0.4201178296875 0.21543255781249998 0.4376961234375 0.24180000000000001 0.433789146875 0.2623093015625 0.4503906984375 0.257913953125 0.454297675 0.2784209296875 0.4601565890625 0.266702325 0.4611333328125 0.2769558140625 0.46992248124999997 0.2813511625 0.4738294578125 0.266702325 0.48057054218750006 0.28837209375 0.48077209375 0.28837209375 0.4894542640625 0.26377209375 0.5187503875 0.26377209375
4 0.424486821875 0.2307953484375 0.44694883750000003 0.32600930156249996 0.47916279062499995 0.38604651093750003 0.49189922499999994 0.38604651093750003 0.4977302328125 0.38167441874999997 0.501635659375 0.358234884375 0.51042480625 0.3538418609375 0.5240961234375 0.35677209374999996 0.535815503125 0.3772790703125 0.5533937984375 0.3772790703125 0.566088371875 0.328939534375 0.5674418609375 0.2883534890625 0.5674418609375 0.27020697656250003 0.51042480625 0.25716279062499997 0.503589146875 0.2615558140625 0.5133550390625 0.2703465109375 0.5153085265625 0.29085348906249997 0.49870697656249996 0.29817674375 0.48796434062499994 0.282065115625 0.49968217031249995 0.2615558140625 0.4967534890625 0.25716279062499997 0.4811286828125 0.24837209374999997 0.453784496875 0.25716279062499997 0.44987751875 0.24837209374999997 0.440113178125 0.251302325 0.4362062015625 0.23372325625 0.424486821875 0.2307953484375
4 0.626336434375 0 0.6195612406250001 0.010165115625 0.5863581390625 0.133211628125 0.574638759375 0.23282092968749998 0.5785457359375 0.382234884375 0.5863581390625 0.3968837203125 0.5863581390625 0.4115302328125 0.5765922484375 0.4232511625 0.574638759375 0.7191488374999999 0.5804976749999999 0.7982511624999999 0.593485271875 0.8372093015625 0.59432248125 0.8372093015625 0.59807596875 0.7865302328125 0.59612403125 0.7718837203125 0.5804976749999999 0.7484465109375 0.5804976749999999 0.733797675 0.5853813953125 0.729402325 0.59612403125 0.7543046515625 0.6000294578125 0.1830162796875 0.658914728125 0.0020162796875 0.658914728125 0 0.626336434375 0
4 0.7334930234375 0 0.730587596875 0.007267442187500001 0.7384000000000001 0.2738674421875 0.730587596875 0.9945720937500001 0.7352542640624999 0.9953488374999999 0.9332248062499999 0.9953488374999999 1 0.9945720937500001 1 0.8742465109375 0.9991410859375 0 0.7334930234375 0
4 0.365339534375 0.22992325624999999 0.36924496093750003 0.144960465625 0.36924496093750003 0.0805093015625 0.35752713125 0.02777441875 0.34092558125 0.005802325 0.0010806203125 0.00287209375 0.0001054265625 0.9930232562500001 0.34672403125 0.9930232562500001 0.3614325578125 0.9682046515625 0.3767441859375 0.910786046875 0.3767441859375 0.8926837203125 0.36924496093750003 0.487734884375 0.3614325578125 0.490665115625 0.365339534375 0.47308604687500005 0.3545969 0.45111395312499997 0.34092558125 0.4628325578125 0.28135503906250003 0.42914186093750006 0.27940155 0.1742581390625 0.2940496125 0.152286046875 0.341900775 0.22992325624999999 0.3536201546875 0.2562906984375 0.34971317812499997 0.300234884375 0.3545969 0.3046302328125 0.35557364375 0.2475 0.365339534375 0.22992325624999999
4 0.34219689999999997 0.4723581390625 0.3568449609375 0.497260465625 0.35879845 0.561713953125 0.371635659375 0.5837209296875 0.3725038765625 0.5837209296875 0.37637674374999996 0.41815813906250004 0.3724697671875 0.1662046515625 0.3754 0.161811628125 0.3880945734375 0.1837837203125 0.414462015625 0.2672790703125 0.4170542640625 0.2219186046875 0.4170542640625 0.21472325625000002 0.3705162796875 0.0373 0.3558682171875 0.006537209375 0.338289921875 0.0036069765625 0.32950077499999997 0.0109325578125 0.3412201546875 0.025581395312499998 0.3392666671875 0.078313953125 0.3177829453125 0.17792325625 0.2933689921875 0.1442325578125 0.28262635625 0.1574162796875 0.3412201546875 0.25702558125 0.3412201546875 0.44745581406249996 0.32852403125 0.45770930156249995 0.3275488375 0.467962790625 0.34219689999999997 0.4723581390625
4 0.38278759687499997 0.763162790625 0.3847410859375 0.9155046515624999 0.3663519375 0.9953488374999999 0.651162790625 0.9953488374999999 0.651162790625 0.993697675 0.62497519375 0.9067162796874999 0.600561240625 0.8935325578125 0.59372558125 0.8803488375 0.5761472875 0.7983186046874999 0.570286821875 0.701639534375 0.56247441875 0.6782 0.5556387593750001 0.6093534890625001 0.47946666718750003 0.6093534890625001 0.4550527125 0.6489046515625 0.42771007812499995 0.7602325578125 0.415013953125 0.7734162796875 0.397435659375 0.761697675 0.38278759687499997 0.763162790625
4 0.48013178281249996 0.390313953125 0.48013178281249996 0.592462790625 0.49576434062499997 0.5976744187499999 0.49771782968749995 0.5976744187499999 0.499663565625 0.42547209375 0.556589146875 0.4211302328125 0.556589146875 0.3580046515625 0.5514201546875 0.3683418609375 0.5279829453125 0.3624837203125 0.5045457359375 0.3859209296875 0.48013178281249996 0.390313953125
4 0.46097209375 0.3682209296875 0.4209317828125 0.24956976718749999 0.42581550312500005 0.71392558125 0.42204806250000004 0.753488371875 0.42613798437500006 0.753488371875 0.44729922499999997 0.658260465625 0.46292403125000003 0.62017441875 0.46292403125000003 0.5059162796875001 0.45511162812499995 0.46783255781250005 0.46097209375 0.3682209296875
4 0.4790697671875 0.568513953125 0.47712558125 0.50727674375 0.46247751875 0.51167209375 0.46247751875 0.6112813953125 0.46735969062500005 0.6186046515625 0.46917364375000004 0.6186046515625 0.4790697671875 0.6012883718750001 0.4790697671875 0.568513953125
