4 1 0.94817674375 0.9717054265625 0.9203697671875 0.9345953484375 0.9115813953125 0.8935798453125001 0.8705651156249999 0.8877209296874999 0.8734953484375 0.8623302328125 0.8500581390624999 0.8174093015624999 0.8266209296874999 0.7842046515625001 0.8178325578125 0.774440309375 0.8061116281249999 0.7656511625 0.80757674375 0.758815503125 0.8324790703125 0.7314713171875 0.8266209296874999 0.709986046875 0.844197675 0.709010853125 0.8954674421875 0.7002217046875 0.9115813953125 0.6865488375 0.9115813953125 0.6357674421875 0.9408790703125 0.55712713125 0.99767441875 1 0.99767441875 1 0.94817674375
4 0.19242325625 0 0.1798449609375 0.0072558140625 0.1798449609375 0.00732558125 0.19346046562500002 0.0160790703125 0.20322635625 0.0805302328125 0.21982790625 0.10836279062500001 0.43857829531250003 0.19332325625 0.59482790625 0.2460581390625 0.626813953125 0.251162790625 0.643863565625 0.251162790625 0.6924837203124999 0.21676279062499998 0.70322635625 0.1977186046875 0.70322635625 0.1742813953125 0.71592248125 0.1581674421875 0.89612403125 0.0018302328125 0.89612403125 0.0014255812499999999 0.6897519375 0 0.68467286875 0 0.6856480625 0.07467209375 0.6573286828125 0.11422325625 0.6202186046875 0.12887209375 0.59287441875 0.123011628125 0.5743193796875 0.0951790703125 0.5743193796875 0.060023256250000004 0.594815503125 0 0.19242325625 0
4 0.1685286828125 0 0.1425488375 0.004330232812499999 0.20602635625 0.213802325 0.2939162796875 0.2313813953125 0.30758759687500004 0.237239534375 0.31540155 0.2548186046875 0.3486046515625 0.26946744218749996 0.493134884375 0.30169302343750004 0.5204790703125 0.298762790625 0.525361240625 0.2826511625 0.519502325 0.2533534890625 0.5302449609375001 0.24895813906250003 0.5390341078125 0.2562837203125 0.53512713125 0.291439534375 0.5595410859375 0.281186046875 0.56540155 0.313411628125 0.5907922484375 0.3075534890625 0.6358186046875 0.3186046515625 0.6480837203125 0.3186046515625 0.70602635625 0.284113953125 0.7089550390625 0.2562837203125 0.7177441859375 0.2460302328125 0.9984496125 0.06473953437499999 0.9984496125 0.00137674375 0.9112930234375 0 0.907100775 0 0.8896201546875 0.0116534890625 0.713838759375 0.16692790625 0.698213953125 0.213802325 0.6396201546875 0.2577488375 0.43649457343750003 0.19329534843750001 0.20602635625 0.1054046515625 0.18747131718750001 0.024837209375 0.16896434062500001 0 0.1685286828125 0
4 0.1201286828125 0.59507209375 0.139660465625 0.571634884375 0.17872248125 0.5628465109375 0.203100775 0.5379813953125 0.203100775 0.2155697671875 0.1318480625 0.0003465109375 0.000012403125000000002 0.0018116281250000002 0.000012403125000000002 0.651162790625 0.0060310078125 0.651162790625 0.1201286828125 0.59507209375
4 1 0.0713837203125 0.7121426359374999 0.2543441859375 0.709212403125 0.44330930156250004 0.7110682171875 0.4627906984375 0.7200046515625 0.4627906984375 0.7248387593750001 0.4579581390625 0.7248387593750001 0.4345209296875 0.7160496125 0.30707907031250004 0.9777674421875 0.186962790625 0.9865565890625 0.18842558125 0.9885100781249999 0.422802325 0.9972992250000001 0.43012558125 1 0.0992534890625 1 0.0713837203125
4 0.2563829453125 0.5837209296875 0.2629426359375 0.568262790625 0.31007751875 0.5725906984375 0.31007751875 0.495897675 0.30889302343749997 0.48614651093749994 0.308840309375 0.4554697671875 0.306886821875 0.42617209375 0.304714728125 0.406102325 0.305761240625 0.395134884375 0.306702325 0.364162790625 0.30592713125 0.36402790625 0.306886821875 0.24160232499999998 0.20825426406249997 0.2137697671875 0.20337209375 0.22402325625000002 0.20727751875 0.531639534375 0.228762790625 0.5580069765625 0.23507751875 0.5837209296875 0.2563829453125 0.5837209296875
4 0.30592713125 0.36402790625 0.283787596875 0.36022790625 0.28386356562500004 0.36229302343750003 0.305911628125 0.366113953125 0.30592713125 0.36402790625
4 0.28205271249999997 0.2965209296875 0.23559845 0.28701162812500003 0.22732403125 0.28690000000000004 0.2288031 0.388313953125 0.28370232500000003 0.389465115625 0.28442635625 0.3778325578125 0.28386356562500004 0.36229302343750003 0.2832697671875 0.36218837187499997 0.2822341078125 0.31277209375 0.28205271249999997 0.2965209296875
4 0.610010853125 0.46367674374999995 0.6031751937500001 0.444634884375 0.6070806203125 0.43877441875 0.5914558140625 0.42412790625 0.5895038765625 0.3772511625 0.5914558140625 0.353813953125 0.6012217046874999 0.3420953484375 0.5934093015624999 0.33037674375 0.6139534890625 0.32197209375 0.6139534890625 0.3212930234375 0.572902325 0.30840465156249997 0.5602062015625 0.31865813906249996 0.556300775 0.3772511625 0.5641131781250001 0.5793999999999999 0.547511628125 0.58672558125 0.546534884375 0.5999069765625 0.5842341078125 0.60697674375 0.5934093015624999 0.60697674375 0.5934093015624999 0.509088371875 0.6129410859375 0.494439534375 0.6129410859375 0.476860465625 0.6051286828125 0.47393255781250004 0.610010853125 0.46367674374999995
4 0.6113937984375 0.490697675 0.6117302328124999 0.490697675 0.6164031 0.4780837203125 0.6349581390625 0.47368837187499996 0.6359333328125001 0.4282790703125 0.645699225 0.44292790625 0.6544883718750001 0.42974418593749997 0.6486294578125 0.3418534890625 0.70542635625 0.31152790625 0.70542635625 0.28809999999999997 0.6417937984375001 0.3228093015625 0.6095674421874999 0.3188953484375 0.5736434109374999 0.3423534890625 0.5736434109374999 0.342386046875 0.61347286875 0.3418534890625 0.6212852718749999 0.35357209375 0.6232387593750001 0.4209534890625 0.6124961234375 0.43413720937500005 0.5968713171875 0.4282790703125 0.5939410859375001 0.4385325578125 0.5980945734375 0.4518441859375 0.5986961234375 0.4643511625 0.607613953125 0.47368837187499996 0.6113937984375 0.490697675
4 1 0.5555209296875 0.9992527125 0.43099999999999994 0.739486821875 0.4602953484375 0.709212403125 0.4705488375 0.709212403125 0.5525813953125 0.7160496125 0.5628348843750001 0.723862015625 0.5042418609375 0.73167441875 0.5042418609375 0.739486821875 0.5188906984375 0.7785488375 0.5188906984375 0.786361240625 0.5013116281250001 0.8722992250000001 0.5071697671875001 0.8791348843750001 0.48812790625 0.9015953484375 0.46322558125 0.9426108531249999 0.46322558125 0.957260465625 0.47933953437500004 0.9650728687499999 0.5027767437499999 0.9494480624999999 0.5525813953125 0.9797209296875 0.5599046515625 0.9846031 0.58187674375 0.9767906984374999 0.587737209375 0.997934884375 0.59302325625 1 0.59302325625 1 0.5555209296875
