4 0.579102325 0.1699209296875 0.59277364375 0.1845697671875 0.6074217046875 0.1831046515625 0.9550775187499999 0.001465115625 0.3457038765625 0.001465115625 0.5361333328125 0.1757813953125 0.579102325 0.1699209296875
4 0.429686821875 0.12451162812500001 0.431640309375 0.1450186046875 0.437500775 0.1450186046875 0.4423829453125 0.12011627968750001 0.45312558125 0.12451162812500001 0.4570310078125 0.1450186046875 0.4667969 0.11865348906249999 0.4248046515625 0.079102325 0.42187441875 0.11572325624999999 0.429686821875 0.12451162812500001
4 0.2539069765625 0.001465115625 0.258789146875 0.029297675000000002 0.2783209296875 0.023437209375 0.2978511625 0.041016279687500004 0.32324186093749996 0.005860465625 0.33984341093750003 0.024902325 0.3466790703125 0.052734884375 0.3544914734375 0.0585930234375 0.36425736406250003 0.052734884375 0.3710930234375 0.062988371875 0.375 0.10400465156250001 0.3964837203125 0.11865348906249999 0.3964837203125 0.077637209375 0.4082031 0.06591860468750001 0.3408201546875 0 0.2539069765625 0.001465115625
4 0.9990232562499999 0 0.9521488375 0.005860465625 0.6142573640625 0.1845697671875 0.59277364375 0.1875 0.5732418609375001 0.1699209296875 0.540038759375 0.181639534375 0.49609302343749995 0.1479488375 0.4941410859375 0.1918953484375 0.5283209296875 0.1992186046875 0.5351565890625001 0.218262790625 0.5332030999999999 0.24462790625 0.552734884375 0.265137209375 0.5507813953125 0.46435581406250004 0.522460465625 0.47167907031249995 0.5195317828125 0.48779302343750003 0.540038759375 0.4892581390625 0.555663565625 0.5126953484375 0.5673829453125 0.51562558125 0.579102325 0.46289069843749997 0.6044914734375 0.46289069843749997 0.60937519375 0.484862790625 0.62402325625 0.506834884375 0.6376945734375 0.506834884375 0.649413953125 0.539062790625 0.6689457359375 0.5419930234375 0.67382790625 0.5288093015625 0.6601565890625001 0.5200186046875 0.664062015625 0.22705116250000001 0.9091798453125 0.12011627968750001 0.912110078125 0.5258790703125 0.8720697671875 0.53027441875 0.8671875968749999 0.5727534890625 0.95117209375 0.58447209375 0.962889921875 0.5581046515625 0.9707038765625 0.484862790625 1 0.47314418593749996 0.9990232562499999 0
4 0.1367193796875 0.5112302328125 0.14160155000000002 0.48339767499999997 0.170897675 0.48339767499999997 0.20507751875000002 0.4965813953125 0.20117209374999998 0.6049813953125 0.2060542640625 0.615234884375 0.43652403125 0.5742186046875 0.44726511562500004 0.5610348843749999 0.45117209375 0.5258790703125 0.48339845 0.5126953484375 0.4873054265625 0.4951162796875 0.5029302328125 0.50097674375 0.5185550390625 0.49218837187500003 0.5478511625 0.4951162796875 0.56152403125 0.51562558125 0.562500775 0.49365348906250006 0.552734884375 0.48779302343750003 0.552734884375 0.47607441875 0.562500775 0.46435581406250004 0.5537116281250001 0.4570302328125 0.5478511625 0.47460930156250003 0.42285116250000004 0.46289069843749997 0.42187441875 0.3325186046875 0.34277364375 0.30468837187500003 0.336914728125 0.45117209375 0.00097674375 0.42773488437499996 0 0.5083 0.028320929687500003 0.5185558140625 0.037110078125 0.5434581390625 0.037110078125 0.5961906984375 0.030272868749999998 0.6123046515625 0.015624806250000001 0.6225581390625 0.0214837203125 0.6284186046875 0.0888666671875 0.60937441875 0.11621085312499999 0.5888674421875 0.1425782953125 0.546386046875 0.1367193796875 0.5112302328125
4 0.12597674375 0.59472558125 0.087889921875 0.6284186046875 0.101562790625 0.6313465109374999 0.1689457359375 0.6210930234375 0.17187441875 0.537597675 0.1591798453125 0.533202325 0.12597674375 0.59472558125
4 0.1386713171875 0.5288093015625 0.14160155000000002 0.48632790625 0.17285116250000002 0.48632790625 0.197265115625 0.49951162812499994 0.20117209374999998 0.6108395343749999 0.2080077515625 0.615234884375 0.4423829453125 0.5712883718749999 0.45410232500000003 0.51562558125 0.4814449609375 0.5126953484375 0.4873054265625 0.49218837187500003 0.5126945734375 0.4980465109375 0.5214837203125 0.47607441875 0.46386666718749997 0.46289069843749997 0.4248046515625 0.46582092968750005 0.41992248125 0.45556744218749995 0.41992248125 0.3295906984375 0.3701178296875 0.3164069765625 0.36425736406250003 0.3251953484375 0.34277364375 0.319334884375 0.336914728125 0.45117209375 0.00097674375 0.42773488437499996 0 0.5083 0.024413953125000002 0.51562558125 0.037110078125 0.546386046875 0.0351565890625 0.6020511625 0.007812403125000001 0.6254883718750001 0.023437209375 0.6284186046875 0.0830077515625 0.6123046515625 0.11621085312499999 0.5888674421875 0.1445317828125 0.5434581390625 0.1386713171875 0.5288093015625
4 0.00097674375 0.524413953125 0 0.6020511625 0.0117193796875 0.6020511625 0.027344185937499998 0.58447209375 0.025390698437499998 0.54052790625 0.0146480625 0.524413953125 0.00097674375 0.524413953125
4 0.9404294578125001 0.9990232562499999 0.9980465109375001 0.9975581390625001 0.9990232562499999 0.9375 0.9580077515625 0.9169930234375 0.9394527125 0.9184581390625001 0.9404294578125001 0.9990232562499999
4 0.44726511562500004 0.9946279062500001 0.8886713171875 0.9975581390625001 0.743164340625 0.9111325578124999 0.7294914734375 0.8906255812499999 0.600586046875 0.82617209375 0.44726511562500004 0.9946279062500001
