4 1 0.001739534375 0.299837209375 0.00027441875 0.3183906984375 0.031037209375000003 0.315462015625 0.0530093015625 0.28616434062499996 0.050079070312499994 0.27151627968750003 0.019318604687499998 0.2744465109375 0.00027441875 0.158235659375 0.001739534375 0.174837209375 0.0266418609375 0.348665115625 0.18484418593750002 0.40139845 0.1672674421875 0.41702325625 0.170197675 0.497102325 0.2610162796875 0.5009162796875 0.2953488375 0.5158496125 0.2953488375 0.52737519375 0.2947093015625 0.909210853125 0.2082837203125 0.9365550390624999 0.17605581406249998 0.997102325 0.1584790703125 1 0.003439534375 1 0.001739534375
4 0 0.6375534890625 0.127913178125 0.618511628125 0.12888992187499998 0.38560232499999997 0.1347488375 0.2918534890625 0.15135038750000002 0.26987907031249997 0.174787596875 0.26987907031249997 0.237288371875 0.2962465109375 0.2636558140625 0.3240790703125 0.24998294531249998 0.33286744218750003 0.268537984375 0.3343325578125 0.28123410781249997 0.36802325625 0.28123410781249997 0.6024 0.2880697671875 0.618511628125 0.300764340625 0.625837209375 0.3027178296875 0.6463441859375 0.2870930234375 0.7635325578125001 0.29099845 0.798688371875 0.27732713124999997 0.8484930234375 0.2822093015625 0.870465115625 0.303137984375 0.8767441859374999 0.3074077515625 0.8767441859374999 0.32420155 0.8543534890625001 0.3202961234375 0.2274 0.3124837203125 0.2068906984375 0.344186046875 0.187311628125 0.344186046875 0.1850209296875 0.14744496093749998 0.0062069765625 0.000959690625 0.0003488375 0 0.43953720937499996 0 0.4471465109375 0.013655814062499999 0.4647046515625 0.0156077515625 0.48521162812499996 0 0.49691860468750004 0 0.6375534890625
4 0.2301922484375 0.9916209296874999 0.23580155 0.9930232562500001 0.24267441875 0.9930232562500001 0.246511628125 0.9853488374999999 0.246511628125 0.9820558140625 0.23116899218750003 0.97257674375 0.2301922484375 0.9916209296874999
4 0.2337550390625 0.9435069765625 0.26322790625 0.953488371875 0.26356589218750004 0.953488371875 0.26356589218750004 0.9498209296875 0.252310078125 0.8541511625 0.237662015625 0.8468255812500001 0.22887286874999999 0.8600093015624999 0.22887286874999999 0.9332511625000001 0.2337550390625 0.9435069765625
4 0.942635659375 0.9798302328125 0.8860170546875 0.8632325578125 0.618438759375 0.7958511625 0.5285937984375 0.7606953484375001 0.49734418593749996 0.7753418609375 0.40750077500000004 0.8983906984375001 0.337187596875 0.866162790625 0.321562790625 0.8778813953125001 0.28250077500000004 0.8778813953125001 0.2776186046875 0.8852069765625 0.2961193796875 0.99767441875 0.439314728125 0.99767441875 0.9416806203125001 0.996534884375 0.942635659375 0.9893697671874999 0.942635659375 0.9798302328125
4 0.2889782953125 0.736960465625 0.2928837203125 0.7984837203125 0.28702480625 0.816062790625 0.2967906984375 0.8248511625000001 0.280189146875 0.8204558140625 0.2753054265625 0.848288371875 0.280189146875 0.8673325578125001 0.3000325578125 0.8744186046875001 0.300699225 0.8744186046875001 0.30077519375 0.8679232562499999 0.30077519375 0.7048511625 0.2977674421875 0.7003395343750001 0.2889782953125 0.736960465625
4 0.216136434375 0.6092093015625 0.21906666718749998 0.5989558140625 0.2210201546875 0.3792302328125 0.233714728125 0.3572581390625 0.2669178296875 0.3396790703125 0.277660465625 0.35286279062500003 0.2815658921875 0.3733697671875 0.2815658921875 0.6136046515625 0.30077519375 0.6193674421875001 0.30077519375 0.3575930234375 0.295238759375 0.338213953125 0.2688713171875 0.30452325625 0.262035659375 0.3089162796875 0.264964340625 0.3221 0.2141829453125 0.284013953125 0.155589146875 0.2693674421875 0.138987596875 0.2825511625 0.13117519375 0.3411441859375 0.1731674421875 0.32796046562500003 0.1878170546875 0.3352837203125 0.1878170546875 0.6232558140625 0.1963953484375 0.6232558140625 0.20051162812499998 0.612139534375 0.216136434375 0.6092093015625
4 0.6047658921875 0.5742511625 0.6233209296875 0.5757162796874999 0.634063565625 0.5683930234375 0.6985162796875 0.5742511625 0.7160945734374999 0.5683930234375 0.7162790703125 0.5454046515625001 0.7162790703125 0.446797675 0.6301565890624999 0.4453465109375 0.6291798453124999 0.4819674421875 0.6223441859375 0.4951511625 0.540313178125 0.4951511625 0.5041798453124999 0.5054046515625 0.51687596875 0.5303069765624999 0.5246883718750001 0.509797675 0.5246883718750001 0.5215162796875 0.5578914734375 0.5156581390625 0.5578914734375 0.52737674375 0.539336434375 0.53177209375 0.5930480625000001 0.5390953484375001 0.595 0.5625325578125 0.6047658921875 0.5742511625
4 0.5515317828125 0.511702325 0.5705426359375 0.496765115625 0.5705426359375 0.49552325625 0.5036806203124999 0.49265813906249994 0.49782015468749996 0.50437674375 0.49196124062499996 0.48972790625 0.448015503125 0.485334884375 0.44899224843749996 0.5248860468750001 0.507586046875 0.5160953484374999 0.51147441875 0.5744186046875 0.5207162796875 0.5744186046875 0.5612976749999999 0.57322558125 0.5612976749999999 0.55857674375 0.5446961234375001 0.5541813953125 0.5417658921874999 0.5409976750000001 0.553485271875 0.5351395343750001 0.5515317828125 0.511702325
4 0.58177674375 0.5535930234374999 0.5407596906250001 0.5623837203125001 0.5378310078124999 0.5697069765625 0.54627441875 0.5767441859375 0.6232558140625 0.5767441859375 0.6232558140625 0.567734884375 0.58177674375 0.5535930234374999
4 0.63377364375 0.568739534375 0.6630713171875 0.568739534375 0.7060387593749999 0.5716697671875 0.719711628125 0.5863186046875 0.8171612406250001 0.59302325625 0.82627441875 0.59302325625 0.8300635656249999 0.573134884375 0.815413953125 0.5658093015625 0.8095550390625 0.5511627906250001 0.797835659375 0.568739534375 0.7802589140625 0.568739534375 0.7734217046875 0.5614162796875 0.7734217046875 0.543837209375 0.80760155 0.54237209375 0.8124852718750001 0.5086813953125 0.82322635625 0.49842790625 0.8290868218749999 0.504286046875 0.8427581390625001 0.49842790625 0.8564294578125 0.51307674375 0.9755705421875 0.51307674375 0.9984496125 0.5245162796875 0.9984496125 0.488197675 0.719711628125 0.4925674421875 0.7167813953125 0.4471581390625 0.688462015625 0.44276279062499996 0.6318201546875 0.4456930234375 0.626937984375 0.45301627968749997 0.6288914734375 0.482313953125 0.6220558140625 0.495497675 0.49607907031250004 0.49696279062500004 0.49607907031250004 0.5086813953125 0.5077969 0.5174697671875 0.5077969 0.5643441859375 0.5126806203125 0.5746 0.6220558140625 0.5804581390625 0.63377364375 0.568739534375
