4 1 0.001739534375 0.6653426359375 0.00027441875 0.6526480625 0.02517674375 0.6526480625 0.03982558125 0.662413953125 0.048613953125 0.660460465625 0.063262790625 0.6516713171874999 0.07351627968749999 0.6360465109375 0.050079070312499994 0.62237519375 0.0588697671875 0.60772558125 0.08377209375 0.60772558125 0.10427907031250001 0.5901488374999999 0.12185581406249998 0.5774527125 0.1614069765625 0.5725705421875 0.1452953484375 0.5842883718749999 0.0954906984375 0.6116325578125 0.048613953125 0.615537984375 0.02517674375 0.632139534375 0.01492325625 0.6360465109375 0.00027441875 0.263 0.00027441875 0.2522573640625 0.01052790625 0.240537984375 0.1277162796875 0.2288201546875 0.1833813953125 0.2288201546875 0.19802790625 0.23565581406249997 0.2053534890625 0.2962031 0.23757907031249997 0.43292092968749996 0.2873837203125 0.4860186046875 0.2953488375 0.4934 0.2953488375 0.5383906984375 0.27566511562499996 0.5983782953125 0.2953488375 0.6157302328125 0.2953488375 0.6272573640625 0.2947093015625 0.7590930234375 0.23172092968750002 0.93487441875 0.132111628125 0.99932713125 0.10867441874999999 1 0.035065115625 1 0.001739534375
4 0.20179069843750003 0 0.00002325625 0.00117674375 0.00002325625 0.71162790625 0.010444960937500001 0.71162790625 0.20607751875 0.6676813953125 0.21682015468750002 0.6574279062499999 0.2197488375 0.6208069765625 0.25002325625 0.6046930234375 0.2470930234375 0.5973697671875 0.2334217046875 0.6061581390625 0.22267907031249998 0.59297441875 0.228537984375 0.4728581390625 0.2246325578125 0.28242790625 0.21877209375 0.25313023281249997 0.22267907031249998 0.23262325625 0.21388992187500003 0.22822790624999997 0.1914294578125 0.241411628125 0.2197488375 0.2165093015625 0.2304914734375 0.19453720937500002 0.255813953125 0.010460465625 0.255813953125 0.009823256249999999 0.251136434375 0 0.20179069843750003 0
4 1 0.109862790625 0.9426201546874999 0.12882790625 0.798089921875 0.213788371875 0.673089921875 0.2694534890625 0.6115658921875 0.3090046515625 0.6203550390625 0.33097674375 0.6921085265625 0.355813953125 0.7367426359375 0.355813953125 0.780511628125 0.339765115625 0.7844170546875 0.313397675 0.811761240625 0.29582092968749996 0.8586356593750001 0.29289069843750004 0.8566837203125001 0.313397675 0.897699225 0.313397675 0.9426201546874999 0.30167907031249996 0.9562930234374999 0.26652325625 0.9973085265625 0.257734884375 1 0.121788371875 1 0.109862790625
4 1 0.8800348843749999 0.97382480625 0.8698558140625 0.9689426359375 0.8596 0.97382480625 0.764386046875 0.778513178125 0.6970023249999999 0.7677705421875001 0.70432790625 0.7677705421875001 0.7512023250000001 0.7335906984375 0.7848930234375 0.6417937984375001 0.7409488375 0.63007441875 0.7761046515625 0.5519503875 0.78782325625 0.5187472875 0.805402325 0.49823875937500006 0.757062790625 0.4914031 0.755597675 0.4923798453125 0.8713186046875 0.487497675 0.8786441859374999 0.47870852656249996 0.8683906984374999 0.47870852656249996 0.803937209375 0.46991937968749997 0.796611628125 0.1730434109375 0.9489558140625001 0.09980155 0.9943674421875001 0.40168217031250003 0.9953488374999999 1 0.9953488374999999 1 0.8800348843749999
4 0.4830418609375 0.4628 0.4771829453125 0.38370000000000004 0.47815969062499997 0.522860465625 0.5494480625 0.52432325625 0.558237209375 0.5345790703125 0.5610093015625 0.558139534375 0.585610853125 0.558139534375 0.5875333328125001 0.37637441875 0.5924170546874999 0.3573325578125 0.6021829453125 0.3631906984375 0.6046511625 0.3570186046875 0.6046511625 0.30877441875 0.5396821703125 0.27823023281250003 0.5221038765625 0.27823023281250003 0.4849953484375 0.30166744218749997 0.4840186046875 0.3177813953125 0.513314728125 0.385165115625 0.527964340625 0.40420697656250004 0.5631193796875 0.41592558124999995 0.5680031 0.4291093015625 0.5631193796875 0.49502790625 0.49866666718749997 0.49502790625 0.49573643437500003 0.4261790703125 0.48597209374999994 0.4261790703125 0.48987751875 0.45254651093750003 0.4830418609375 0.4628
4 0.58500155 0.42459534843749996 0.5684 0.426060465625 0.56742325625 0.49490697656249993 0.496134884375 0.49344186093750003 0.496134884375 0.42313023281250006 0.544962790625 0.41141162812500004 0.5244542640625001 0.40115813906250003 0.48343875937499997 0.324986046875 0.47464961250000004 0.34402790625 0.4766031 0.5256697671875 0.5537519375 0.527134884375 0.5614 0.555813953125 0.585962790625 0.555813953125 0.58500155 0.42459534843749996
4 0.0001937984375 0.71162790625 0.012920929687499999 0.71162790625 0.2121085265625 0.6644511625 0.22187286875 0.6205069765625 0.249612403125 0.6133325578125 0.249612403125 0.6099837203125 0.24726356562500001 0.5970697671874999 0.2257798453125 0.5970697671874999 0.22089767500000002 0.5721674421875 0.228710078125 0.4227534890625 0.2228496125 0.2997069765625 0.22675658906249999 0.2616209296875 0.2189441859375 0.2440418609375 0.22382635624999997 0.2367186046875 0.237499225 0.24257674375 0.244334884375 0.22939302343749998 0.23945116249999998 0.2220697671875 0.2101550390625 0.225 0.0001937984375 0.41103488437499996 0.0001937984375 0.71162790625
4 0.615186046875 0.5232558140625 0.632012403125 0.5232558140625 0.6342558140625 0.5230790703125 0.6498806203124999 0.50257209375 0.6498806203124999 0.37952325625 0.7035906984375 0.39270697656250003 0.70387596875 0.386302325 0.70387596875 0.3703674421875 0.6410914734375 0.3370441859375 0.6209317828125 0.3348837203125 0.6137441859375 0.3348837203125 0.6127705421874999 0.5172186046875 0.615186046875 0.5232558140625
4 1 0.487437209375 0.9328155031250001 0.48889767500000003 0.9289085265624999 0.42737441875000004 0.837111628125 0.43616279062499996 0.829299225 0.483039534375 0.7013705421875 0.4874325578125 0.704299225 0.544562790625 0.743362790625 0.5474906984375 0.744339534375 0.5313790703125 0.728713178125 0.5255186046875 0.743362790625 0.52112325625 0.7589875968750001 0.5504209296875 0.7648465109375 0.5240534890624999 0.8000031 0.515265115625 0.8087922484375 0.5255186046875 0.7931674421875 0.5313790703125 0.7951209296874999 0.551886046875 0.8019565890625 0.5562813953125 0.8919953484375001 0.5651162796875 0.9067054265625 0.5651162796875 0.915237209375 0.5181953484374999 0.9992217046875 0.5181953484374999 1 0.4936790703125 1 0.487437209375
4 0.92252403125 0.4279069765625 0.9314077515625 0.41991162812500005 0.9294542640625 0.35252790625 0.950387596875 0.341111628125 0.950387596875 0.3339209296875 0.9480093015625 0.304188371875 0.888438759375 0.320302325 0.888438759375 0.390613953125 0.9209503874999999 0.4279069765625 0.92252403125 0.4279069765625
4 0.8449612406250001 0.39207674375 0.8449612406250001 0.3294813953125 0.7941426359375 0.3337953484375 0.7082046515625 0.36602325625 0.70542635625 0.43964883749999994 0.70542635625 0.443688371875 0.708085271875 0.44418604687499996 0.7289085265625 0.44418604687499996 0.7501968999999999 0.4378 0.7501968999999999 0.382134884375 0.7570325578125 0.3777418609375 0.8253922484375 0.36602325625 0.83222790625 0.3733465109375 0.83027441875 0.40557209375000003 0.8351581390625 0.4041093015625 0.8449612406250001 0.39207674375
