4 1 0.9402534890625001 0.9973689921875 0.846839534375 0.6672899218749999 0.71207441875 0.641899225 0.703286046875 0.6311581390625001 0.7106093015625 0.6272511625 0.7779930234375 0.636040309375 0.7882465109375 1 0.9507093015624999 1 0.9402534890625001
4 0.0009038765625 0 0 0.22107674375 0 0.23954883749999997 0.0389906984375 0.8273441859374999 0.04387441875 0.846386046875 0.07121860468749999 0.8698232562499999 0.089784496875 0.89767441875 0.0994294578125 0.89767441875 0.099537984375 0.8976558140625001 0.457936434375 0.7057627906249999 0.6102806203125 0.7731441859375 0.6307875968750001 0.464062790625 0.6200465109375 0.4508790703125 0.5741472875 0.44062558125000006 0.5878201546875 0.4142581390625 0.59172558125 0.2062488375 0.59172558125 0.1330069765625 0.5741472875 0.10371162812500001 0.5946558140625 0.09052790625 0.6376248062500001 0.087597675 0.8387953484375 0.037793023437500003 0.9302325578125 0.0017000000000000001 0.9302325578125 0.0011651156249999999 0.7307969 0 0.680310078125 0 0.6678976750000001 0.0128906984375 0.6659441859374999 0.06562558125 0.65520155 0.0729488375 0.6464139531249999 0.06269534843749999 0.6464139531249999 0.0216790703125 0.63957674375 0.01142558125 0.44817054218749997 0.0670906984375 0.242040309375 0 0.0009038765625 0
4 0.6242031 0.011386046875 0.6341085265624999 0.0019325578125 0.6341085265624999 0.0011325578125 0.262015503125 0.0011325578125 0.262015503125 0.00117441875 0.40350077500000003 0.05240232500000001 0.44573178281250003 0.060465115624999996 0.46434883749999994 0.060465115624999996 0.6242031 0.011386046875
4 0.9968294578125001 0.9576627906249999 0.635500775 0.7906697671875 0.625736434375 0.7906697671875 0.6208527125 0.8126441859375 0.6140170546875 0.817037209375 0.6081581390624999 0.7789511625000001 0.46753333281250004 0.7115697671875 0.4128449609375 0.73207674375 0.0876496125 0.9093232562500001 0.09247751875 0.99767441875 0.7142821703125 0.99767441875 0.9984496125 0.9972162796875 0.9984496125 0.9795325578125 0.9968294578125001 0.9576627906249999
4 0.6636635656250001 0.491737209375 0.79067596875 0.509302325 0.8018527125 0.509302325 0.8062015499999999 0.4962534890625 0.8062015499999999 0.49237907031250006 0.79452403125 0.48294883750000006 0.653899225 0.4595093015625 0.6431565890625001 0.466834884375 0.646086821875 0.48587674375 0.6636635656250001 0.491737209375
4 1 0.5398837203125 0.99927286875 0.5104488375 0.8273984499999999 0.48993953437500004 0.8147023250000001 0.49726511562500003 0.8156790703125001 0.5163069765625 0.9938852718750001 0.548837209375 1 0.548837209375 1 0.5398837203125
4 0.6294573640625 0.6723465109375 0.6294573640625 0.6789209296875 0.63387441875 0.6881953484375 0.7783953484375 0.744186046875 0.7817488375 0.744186046875 0.7922480625 0.715313953125 0.7922480625 0.71092325625 0.7881705421875 0.699913953125 0.6358263562500001 0.6442511625 0.6309441859375 0.6545046515624999 0.6294573640625 0.6723465109375
4 0.803497675 0.7039930234375 0.7947085265625 0.7142465109375 0.795685271875 0.7537976750000001 0.9952093015625 0.8325581390625001 0.9984496125 0.8325581390625001 0.9984496125 0.7712511625 0.803497675 0.7039930234375
4 0.66920155 0.503539534375 0.6408806203124999 0.49914651093750007 0.6350217046875 0.604613953125 0.6399038765625 0.6090093015625 0.6623658921875 0.587037209375 0.6408806203124999 0.6221930234374999 0.643810853125 0.63537674375 0.776299225 0.6790697671875 0.7813953484375 0.6790697671875 0.7813953484375 0.657137209375 0.731700775 0.562134884375 0.7180294578125 0.547486046875 0.6877565890625 0.557739534375 0.7033813953125 0.5430906984375 0.7024046515625 0.5240488375 0.7180294578125 0.5357674421875 0.7414666671875 0.5240488375 0.7414666671875 0.515260465625 0.6945922484375 0.5064697671875 0.691662015625 0.5108651156249999 0.69947441875 0.5225837203125 0.6945922484375 0.5240488375 0.66920155 0.503539534375
4 0.97152713125 0.6769000000000001 0.963714728125 0.6563906984375001 0.9539488374999999 0.6563906984375001 0.9353937984374999 0.6109813953125001 0.9148868218749999 0.591939534375 0.8836356593750001 0.6036581390625 0.84652713125 0.6358837203125 0.8103937984374999 0.6842232562499999 0.8211364343750001 0.700337209375 0.9984496125 0.7570186046875 0.9984496125 0.702634884375 0.9832449609375 0.6798302328125 0.97152713125 0.6769000000000001
4 1 0.673213953125 0.9991410859375 0.5714906984375 0.9522666671875 0.5744186046875 0.9688682171874999 0.561237209375 0.8995317828125 0.5421930234375 0.8780480624999999 0.5421930234375 0.8829302328124999 0.5583069765625 0.8760945734375 0.55977209375 0.8487503875 0.5421930234375 0.795415503125 0.5279069765625 0.7923193796875 0.5279069765625 0.730587596875 0.54072790625 0.7344930234375 0.5583069765625 0.779415503125 0.6286186046875 0.7960170546875001 0.67402790625 0.8448449609375001 0.6125046515625 0.870235659375 0.6066465109375 0.89562635625 0.586139534375 0.8985550390625001 0.5817441859375 0.8907426359375 0.57002558125 0.89562635625 0.5627 0.909297675 0.5802790703125 0.9288294578125 0.5773488375 0.9298062015624999 0.5963930234375 0.9992155031250001 0.6860465109375 1 0.6860465109375 1 0.673213953125
4 1 0.9424418609374999 0.9991209296875001 0.8434790703124999 0.667088371875 0.708713953125 0.6290031 0.7013906984375 0.625097675 0.7804906984375 0.633885271875 0.7878162796875 0.9952728687500001 0.951162790625 1 0.951162790625 1 0.9424418609374999
