4 0 0.8305674421875 0.0039069765625 0.8305674421875 0.32324186093749996 0.755860465625 0.36328062031249997 0.7368162796875 0.35937519375 0.00732325625 0.3544914734375 0 0 0.001465115625 0 0.8305674421875
4 0.38183565937499997 0 0.3808589140625 0.095213953125 0.412110078125 0.12451162812500001 0.4101565890625 0.00732325625 0.40722635625 0 0.38183565937499997 0
4 0.414062015625 0.19482325625000002 0.4082031 0.156737209375 0.38183565937499997 0.131834884375 0.382812403125 0.587402325 0.39062480625 0.7221674421875 0.4082031 0.672362790625 0.41992248125 0.312011628125 0.4101565890625 0.30322325625 0.414062015625 0.19482325625000002
4 0.4941410859375 0.0043953484375 0.42285116250000004 0 0.42382790625 0.016113953125 0.437500775 0.030762790625 0.43945271249999995 0.048339534375 0.42187441875 0.0336906984375 0.4179689921875 0.1333 0.431640309375 0.212402325 0.416015503125 0.6870116281249999 0.45410232500000003 0.697265115625 0.4648434109375 0.7133790703125 0.4501953484375 0.7382813953125 0.42089767499999997 0.7324209296874999 0.41992248125 0.7514651156250001 0.4824217046875 0.8012697671875 0.4863286828125 0.7163093015625 0.4804682171875 0.0278325578125 0.492187596875 0.0190418609375 0.4941410859375 0.0043953484375
4 0.70117209375 0.4204093015625 0.70117209375 0.48193255781250005 0.708984496875 0.5053720937499999 0.70312558125 0.5170906984375 0.726562790625 0.5229488375 0.7304682171875 0.4204093015625 0.727539534375 0.4101558140625 0.7080077515625 0.4101558140625 0.70117209375 0.4204093015625
4 0.8886713171875 0.5727534890625 0.89062480625 0.0747069765625 0.774413953125 0.1230465109375 0.7001953484375 0.0820302328125 0.70117209375 0.1333 0.7158201546875 0.12011627968750001 0.7226558140625 0.12451162812500001 0.71972713125 0.1464837203125 0.7080077515625 0.1376953484375 0.6992186046875 0.1420906984375 0.6992186046875 0.3647465109375 0.704102325 0.3779302328125 0.7304682171875 0.3793953484375 0.7285162796875 0.1479488375 0.7392573640625 0.1464837203125 0.742187596875 0.156737209375 0.742187596875 0.5610348843749999 0.7529302328125 0.5654302328125 0.758789146875 0.585937209375 0.7773441859375 0.5903325578125 0.757812403125 0.6049813953125 0.757812403125 0.6284186046875 0.8574217046875001 0.64892558125 0.8613286828125 0.6225581390625 0.8554682171874999 0.6020511625 0.883789146875 0.5976558140625 0.8886713171875 0.5727534890625
4 0.8945317828125001 0.344237209375 0.8867193796875 0.6459953484375001 0.8916015500000001 0.6591790703125 0.9111333328125 0.67382790625 0.9687503875000001 0.6811534890625001 1 0.6606441859375 0.9990232562499999 0.0205069765625 0.8925782953124999 0.06884651093750001 0.8945317828125001 0.344237209375
4 0.5332030999999999 0.6840813953125 0.540038759375 0.670897675 0.5644527125 0.6606441859375 0.5664062015625 0.5668953484375 0.5585937984375 0.5493162796875 0.5585937984375 0.48193255781250005 0.5673829453125 0.47167907031249995 0.584961240625 0.47460930156250003 0.5937503875 0.46728604687499997 0.586914728125 0.3867186046875 0.647460465625 0.369139534375 0.694336434375 0.3720697671875 0.697265115625 0.3647465109375 0.6923829453125 0 0.49609302343749995 0.001465115625 0.48828062031249997 0.0600581390625 0.4863286828125 0.1977534890625 0.48828062031249997 0.77197209375 0.4902341078125 0.8100581390625001 0.5 0.827637209375 0.5039069765625 0.8569325578125 0.5058589140625 0.9799813953125 0.5166015500000001 0.9960930234375001 0.537110078125 0.9946279062500001 0.5429689921875 0.9829093015625 0.5429689921875 0.77197209375 0.5332030999999999 0.7456046515625 0.5332030999999999 0.6840813953125
4 0.6425782953125 0.5170906984375 0.6455085265625 0.47753953437499996 0.663085271875 0.47753953437499996 0.664062015625 0.5170906984375 0.6855472875 0.5200186046875 0.687500775 0.41748139531249995 0.633789146875 0.4189441859375 0.632812403125 0.5141604656250001 0.6425782953125 0.5170906984375
4 0.6123054265625 0.4189441859375 0.5917969000000001 0.4204093015625 0.5937503875 0.484862790625 0.5917969000000001 0.5141604656250001 0.585937984375 0.5170906984375 0.5976558140625 0.5200186046875 0.6191410859375 0.5112302328125 0.6152341078125 0.4965813953125 0.6210930234375 0.42626976718750004 0.6123054265625 0.4189441859375
4 0.7001953484375 0.07617209375 0.7792961234375 0.11865348906249999 0.9970697671875 0.0205069765625 1 0.001465115625 0.6953131781249999 0.001465115625 0.7001953484375 0.07617209375
