4 0.5078434109375001 0.23839534843750002 0.5322573640625 0.2691558140625 0.60592558125 0.2744186046875 0.6366868218749999 0.2744186046875 0.8564759687500001 0.034781395312500005 0.8728682171875001 0.013086046874999998 0.8728682171875001 0.0010906984375 0.1348837203125 0.0010906984375 0.1348837203125 0.001197675 0.1553038765625 0.025993023437500002 0.26467907031250004 0.023062790625 0.3594046515625 0.1915209296875 0.363311628125 0.2061674421875 0.35549922500000003 0.22667674375 0.35549922500000003 0.258902325 0.36428837187499996 0.2691558140625 0.46975658906250006 0.26622790625000003 0.49612403125000004 0.24132558125 0.49612403125000004 0.2061674421875 0.504913178125 0.20177441875 0.5078434109375001 0.23839534843750002
4 0.539534884375 0.3099953484375 0.539534884375 0.302234884375 0.5221534890624999 0.287139534375 0.49871472812500006 0.29300000000000004 0.4838573640625 0.2790697671875 0.46727751875 0.2790697671875 0.354184496875 0.2842093015625 0.354184496875 0.33401395312500004 0.4459813953125 0.33694418593750003 0.450863565625 0.3442697671875 0.44892092968749997 0.5162790703125 0.4707829453125 0.5162790703125 0.47918449687500003 0.49807674375 0.49676279062499995 0.49514883750000005 0.50457519375 0.4658511625 0.5231286828124999 0.45559767500000004 0.5260589140625 0.41897674374999994 0.5368015500000001 0.42044186093749997 0.528989146875 0.370637209375 0.539534884375 0.3099953484375
4 0.5784186046875 0.478988371875 0.583088371875 0.5 0.648062015625 0.5 0.648062015625 0.32873953437500003 0.6409193796875 0.288560465625 0.5325209296875 0.281234884375 0.527637209375 0.3002790703125 0.533497675 0.338365115625 0.544238759375 0.3281093015625 0.558886821875 0.3705906984375 0.544238759375 0.421860465625 0.53447286875 0.4042813953125 0.527637209375 0.414537209375 0.5354496125 0.44383255781250003 0.5540046515625 0.4365093015625 0.560840309375 0.46434186093749996 0.5784186046875 0.478988371875
4 0.6713178296875 0.5680534890625 0.6713178296875 0.504039534375 0.6683488375 0.33261860468750004 0.6523969000000001 0.3255813953125 0.6517503875 0.3255813953125 0.65467751875 0.5904325578125 0.657410853125 0.6 0.6626372093749999 0.6 0.6683488375 0.5992209296875 0.6713178296875 0.5680534890625
4 0.8921038765624999 0 0.6411503875 0.2885488375 0.6450558140625 0.31491627968749997 0.6538449609375 0.3222418609375 0.679235659375 0.3105209296875 0.7163457359375001 0.2695069765625 0.727086821875 0.2739 0.729040309375 0.48776744218749996 0.74442790625 0.5162790703125 0.7526589140625 0.5162790703125 0.7690790703125 0.445288371875 0.8100945734374999 0.43942790625 0.8140015500000001 0.4657953484375 0.8306031 0.4614 0.8286496124999999 0.139134884375 0.9350945734374999 0.0439209296875 0.9429069765625 0.02927209375 0.9643922484375 0.020483720312500002 0.9689922484375 0.0043813953125 0.9689922484375 0 0.8921038765624999 0
4 0.9898542640624999 0.5790697671875 0.9984496125 0.5790697671875 0.9984496125 0.47459534843749995 0.8160821703125001 0.4672813953125 0.8190124031250001 0.5361279062500001 0.9898542640624999 0.5790697671875
4 0.296387596875 0.3967906984375 0.31005891406249997 0.40264883749999997 0.31005891406249997 0.41729767500000003 0.296387596875 0.42608604687499996 0.296387596875 0.4612418609375 0.30419999999999997 0.45831395312499995 0.296387596875 0.4700325578125 0.296387596875 0.48468139531250004 0.30713023281249996 0.49200465156249995 0.31005891406249997 0.505188371875 0.296387596875 0.519837209375 0.301489921875 0.5209302328125001 0.313936434375 0.5209302328125001 0.34716899218749997 0.505188371875 0.350387596875 0.2710093015625 0.350387596875 0.2199162796875 0.2543953484375 0.06720000000000001 0.225097675 0.06720000000000001 0.2221689921875 0.07452325625 0.2729503875 0.144837209375 0.2729503875 0.223937209375 0.2788093015625 0.23858604687499999 0.2827162796875 0.303039534375 0.296387596875 0.3001093015625 0.3012697671875 0.23419302343749998 0.3090821703125 0.23419302343749998 0.3315441859375 0.270813953125 0.3295906984375 0.37628139531250004 0.296387596875 0.37628139531250004 0.296387596875 0.3967906984375
4 0.33178294531249997 0.506311628125 0.3205193796875 0.45562790625 0.3185674421875 0.3853162796875 0.2970821703125 0.367737209375 0.299035659375 0.23883255781249998 0.27657519375 0.219788371875 0.2716914734375 0.23004418593749998 0.2736449609375 0.6372697671875 0.27559845 0.7222302328125 0.28341085312500003 0.7339488375000001 0.2970821703125 0.7134418609375001 0.2892697671875 0.6987930234374999 0.29122325625 0.5347302328125 0.33178294531249997 0.5086558140624999 0.33178294531249997 0.506311628125
4 0.024806201562499998 0.3667837203125 0.016894573437499998 0.3549162796875 0.0002930234375 0.3563813953125 0.0002930234375 0.46744186093750006 0.005088371875 0.46744186093750006 0.023730232812499998 0.4618488375 0.024806201562499998 0.4101790703125 0.024806201562499998 0.3667837203125
4 0.6142170546875 0.726111628125 0.611286821875 0.61917674375 0.6044511625 0.679234884375 0.5937085265625 0.6777697671875 0.5917565890625001 0.6221069765625 0.5771069765625 0.6206418609375 0.57222480625 0.733434884375 0.564412403125 0.7363651156250001 0.5624589140625 0.6982790703124999 0.5526930234375 0.6924186046874999 0.549764340625 0.67337674375 0.52632558125 0.6704465109375 0.5233969 0.7246465109375 0.516561240625 0.7378302328124999 0.50972403125 0.7070674421875001 0.49800620156250003 0.6924186046874999 0.49605271249999994 0.6367558140625 0.4794511625 0.6411488375000001 0.47163875937500005 0.60892325625 0.4608961234375 0.6221069765625 0.454060465625 0.726111628125 0.4423426359375 0.726111628125 0.43941240312499996 0.7158558140625 0.43843565937499995 0.6382209296875 0.362263565625 0.6382209296875 0.3573813953125 0.6748418609375 0.29292713125000003 0.7715209296875 0.2792558140625 0.797888371875 0.2792558140625 0.8154651156250001 0.16597519375 0.9912465109375 0.1685457359375 0.99767441875 0.5391317828125 0.99767441875 0.7720930234375001 0.9971093015625 0.7720930234375001 0.9912418609375001 0.767536434375 0.9707395343749999 0.6933178296875 0.8301139531249999 0.6913658921875 0.75687209375 0.6698806203125 0.7627325578125 0.6698806203125 0.709997675 0.6669519375 0.6997441859375 0.6581627906249999 0.7012093015625 0.66597519375 0.66312325625 0.6571860468749999 0.6411488375000001 0.643513178125 0.6411488375000001 0.6376542640625 0.62357209375 0.6308186046875 0.627965115625 0.628865115625 0.7217162796875 0.6142170546875 0.726111628125
