4 0.54687441875 0.162597675 0.54882790625 0.08642558125000001 0.5419922484375 0.07617209375 0.4013674421875 0.08496046562500001 0.38671937968750003 0.0512697671875 0.3847658921875 0.021972093749999998 0.36425736406250003 0 0 0.0043953484375 0.00097674375 0.3398441859375 0.1611333328125 0.3896488375 0.34277364375 0.3867186046875 0.366210853125 0.3896488375 0.399413953125 0.413086046875 0.5507813953125 0.41162092968749997 0.5585937984375 0.399902325 0.5585937984375 0.188965115625 0.556640309375 0.171386046875 0.54687441875 0.162597675
4 0.164062015625 0.654786046875 0.19628837187499998 0.632811628125 0.295897675 0.6298837203125001 0.3085937984375 0.640137209375 0.29882790625 0.7836906984375 0.2792961234375 0.8247069765624999 0.2714837203125 0.8569325578125 0.2714837203125 0.8920906984375 0.25 0.9389651156250001 0.25097674375 0.960937209375 0.35839845000000004 0.960937209375 0.38183565937499997 0.8906255812499999 0.4326170546875 0.8935558140625 0.43359379843749996 0.6928720937499999 0.38574263593749997 0.6562511625 0.37695348906250004 0.6167 0.3876945734375 0.600586046875 0.45214883749999996 0.59472558125 0.461914728125 0.5537116281250001 0.47070387656249996 0.5581046515625 0.475586046875 0.59472558125 0.522460465625 0.5976558140625 0.541015503125 0.6137697671875 0.541015503125 0.6313465109374999 0.5312496125 0.654786046875 0.4863286828125 0.6958 0.4863286828125 0.8862302328125 0.4892573640625 0.8935558140625 0.5517581390624999 0.8935558140625 0.556640309375 0.8862302328125 0.5644527125 0.7133790703125 0.556640309375 0.42919999999999997 0.3955085265625 0.42773488437499996 0.36425736406250003 0.40722558124999997 0.1533209296875 0.404297675 0.00097674375 0.3632813953125 0 0.9946279062500001 0.0214837203125 0.9946279062500001 0.031249612500000003 0.9418953484375001 0.071288371875 0.8906255812499999 0.17187441875 0.8159186046875 0.164062015625 0.654786046875
4 0.38671937968750003 0.001465115625 0.398437209375 0.06591860468750001 0.40527286875 0.07617209375 0.556640309375 0.0747069765625 0.5605472875 0.021972093749999998 0.584961240625 0.0175790703125 0.5888666671875 0 0.38671937968750003 0.001465115625
4 0.555663565625 0.8994139531249999 0.4892573640625 0.8994139531249999 0.4824217046875 0.9536139531250001 0.461914728125 0.9814441859375 0.444336434375 0.9785162796875 0.437500775 0.968262790625 0.4326170546875 0.8994139531249999 0.38574263593749997 0.8994139531249999 0.36425736406250003 0.9667976749999999 0.3564449609375 0.9726558140625 0.24121085312499999 0.9667976749999999 0.23632868281250002 0.9741209296875001 0.2353519375 0.9990232562499999 0.2597658921875 1 0.569336434375 0.9990232562499999 0.572265115625 0.9917 0.5644527125 0.9243162796875 0.555663565625 0.8994139531249999
4 0.647460465625 0.47167907031249995 0.6425782953125 0.8012697671875 0.6455085265625 0.8085930234375001 0.666015503125 0.8071279062500001 0.6962883718749999 0.805665115625 0.6992186046875 0.7983395343749999 0.67382790625 0.7104488375 0.647460465625 0.47167907031249995
4 0.772460465625 0 0.7626945734375 0.014648837500000001 0.7548821703125 0.008788371875000001 0.71777364375 0.0175790703125 0.6464837203125 0.016113953125 0.6445317828125 0.37353488437500004 0.6669922484375 0.36621162812499997 0.6767581390624999 0.38378837187500003 0.7021488375 0.380860465625 0.70507751875 0.39111395312499997 0.6894527125 0.399902325 0.70117209375 0.405762790625 0.7685550390625 0.4013674421875 0.8964837203125 0.3559581390625 0.8955085265625 0 0.772460465625 0
4 0.6748046515625 0.4189441859375 0.666015503125 0.5346674421875 0.6835937984375 0.6987302328125 0.70312558125 0.774902325 0.71972713125 0.805665115625 0.7626945734375 0.805665115625 0.8466790703125 0.9111325578124999 0.8583984499999999 0.9169930234375 0.875 0.9389651156250001 0.8798821703125 0.960937209375 0.89062480625 0.962402325 0.8886713171875 0.9770511624999999 0.8945317828125001 0.9770511624999999 0.8964837203125 0.3793953484375 0.883789146875 0.375 0.7666015500000001 0.4189441859375 0.6748046515625 0.4189441859375
4 0.704102325 0.8115232562499999 0.647460465625 0.8085930234375001 0.6425782953125 0.8569325578125 0.648437209375 0.8686534890625 0.663085271875 0.858397675 0.7158201546875 0.858397675 0.7207038765625 0.8393558140625 0.704102325 0.8115232562499999
4 0.7548821703125 0.805665115625 0.7216790703125 0.8085930234375001 0.7324217046875 0.85107441875 0.725586046875 0.867188371875 0.670897675 0.8759767437500001 0.664062015625 0.9213860468749999 0.65527286875 0.9257813953125 0.6455085265625 0.914062790625 0.6425782953125 0.9243162796875 0.6455085265625 0.9873046515624999 0.8691410859375001 0.985839534375 0.8828124031250001 0.9829093015625 0.8789069765624999 0.9536139531250001 0.7666015500000001 0.8115232562499999 0.7548821703125 0.805665115625
4 1 0.001465115625 0.9482418609375 0 0.9433596906249999 0.0278325578125 0.9394527125 0.9770511624999999 0.944336434375 0.9960930234375001 1 0.9946279062500001 1 0.001465115625
4 0.9433596906249999 0.35888604687500003 0.9531255812499999 0.3618162796875 0.9990232562499999 0.3486325578125 1 0.31787209375000003 0.9462883718749999 0.3339837203125 0.9433596906249999 0.35888604687500003
4 0.8759767437500001 0.3574209296875 0.7607426359375 0.4013674421875 0.67187441875 0.405762790625 0.6728511625 0.4189441859375 0.7695317828125 0.41748139531249995 0.8896480625000001 0.380860465625 0.898437209375 0.37353488437500004 0.898437209375 0.35888604687500003 0.8759767437500001 0.3574209296875
4 0.41503875937499995 0.413086046875 0.3935550390625 0.4101558140625 0.3603519375 0.3867186046875 0.163085271875 0.3867186046875 0 0.3383790703125 0.00097674375 0.36621162812499997 0.1591798453125 0.40722558124999997 0.3623054265625 0.40722558124999997 0.40722635625 0.430665115625 0.5507813953125 0.42919999999999997 0.562500775 0.4145511625 0.56152403125 0.404297675 0.540038759375 0.413086046875 0.41503875937499995 0.413086046875
