4 1 0.0016558140624999998 0.4991441859375 0.0001930234375 0.48742635625 0.0207 0.479613953125 0.0207 0.4698480625 0.0001930234375 0.0313705421875 0.0016558140624999998 0.44076744218749997 0.31162790625 0.4444186046875 0.31162790625 0.9639875968749999 0.2082 1 0.1746209296875 1 0.0016558140624999998
4 0.382086821875 0.54992790625 0.399665115625 0.5323488375000001 0.41724341093749995 0.5323488375000001 0.4328682171875 0.570434884375 0.45044651093750004 0.5733651156249999 0.45630542656250006 0.5323488375000001 0.4816961234375 0.5440674421875 0.49146201562499997 0.5616465109375001 0.514899225 0.5616465109375001 0.51587596875 0.548462790625 0.524665115625 0.541137209375 0.5441969 0.546997675 0.5647038765625 0.4488534890625 0.6047441859375 0.3887953484375 0.661384496875 0.35949767499999996 0.7082589140625 0.3653581390625 0.743415503125 0.38586511562500003 0.787361240625 0.4429930234375 0.8088449609374999 0.52502558125 0.8088449609374999 0.6715093015625 0.8489782953124999 0.6767441859375001 0.8540449609375 0.6767441859375001 0.8615798453125001 0.6597906984375 0.8625565890625 0.5294186046875 0.8703689921875 0.5382093015625 0.9406806203125001 0.5352790703125 0.9475162796875001 0.5748302328125 0.9582589140625 0.5821534890625 0.9631426359375 0.5719000000000001 0.9643410859375001 0.3542558140625 0.9643410859375001 0.21627674375 0.960212403125 0.21008372031250003 0.43677519374999996 0.3155511625 0.036384496875 0.007934884375 0.0002511625 0.0006116281250000001 0.00122790625 0.39465348906250003 0.0441969 0.3331302328125 0.10669612343749998 0.289186046875 0.15747751875 0.274537209375 0.2297441859375 0.289186046875 0.28052403125 0.3302 0.320564340625 0.393188371875 0.3459550390625 0.48400930156250005 0.35083720937499996 0.5528581390625 0.382086821875 0.54992790625
4 0.7357922484375 0.9953488374999999 0.8214790703125001 0.9953488374999999 0.8232558140625 0.9926837203125001 0.8232558140625 0.9891906984375 0.7947906984374999 0.912334884375 0.7518217046875 0.7599906984375 0.7459627906249999 0.7131162796875 0.7215488375 0.7057930234375001 0.7186186046875 0.7453441859375001 0.713736434375 0.749737209375 0.70592403125 0.7057930234375001 0.698111628125 0.7233697671875 0.690299225 0.6999325578125 0.666860465625 0.6970023249999999 0.681510078125 0.70432790625 0.68932248125 0.7775697671875 0.69322790625 0.9943674421875001 0.7357922484375 0.9953488374999999
4 0.39590697656249996 0.9159511625000001 0.3900480625 0.9159511625000001 0.3783286828125 0.8895837203125 0.337313178125 0.8866558140624999 0.28067286875 0.8602883718750001 0.24356434062500001 0.85442790625 0.22403255781250003 0.8720069765625 0.213289921875 0.791439534375 0.204500775 0.78997441875 0.14102480625 0.8295255812500001 0.17618139531250002 0.85882325625 0.1625085265625 0.9349953484375 0.164462015625 0.9584325578125 0.15567286875 0.9716162796875001 0.15079069843749998 0.9086279062499999 0.1459069765625 0.907162790625 0.1361426359375 0.91302325625 0.1302821703125 0.9305999999999999 0.116610853125 0.9247418609375 0.0482511625 0.9716162796875001 0.033603100000000004 0.9906581390625 0.0401503875 0.99767441875 0.17321705468749998 0.99767441875 0.6697674421875 0.9965186046875001 0.6697674421875 0.852639534375 0.647860465625 0.8397790703125001 0.53067286875 0.813413953125 0.5277441859375 0.93792558125 0.5209069765625001 0.9452488375 0.508212403125 0.93792558125 0.508212403125 0.7973 0.557040309375 0.773862790625 0.54922790625 0.694760465625 0.5423922484375 0.68157674375 0.5296961234374999 0.68597209375 0.507235659375 0.748960465625 0.4027441859375 0.8617534890625 0.4046961234375 0.9027674421875 0.39590697656249996 0.9159511625000001
4 0 0.9023255812500001 0.00702635625 0.9023255812500001 0.035658914062500005 0.8835348843749999 0.035658914062500005 0.867911628125 0.03217674375 0.8313465109375 0 0.847434884375 0 0.9023255812500001
4 0.09457364375 0.8519534890625 0.09457364375 0.8030441859374999 0.048799999999999996 0.8249581390625 0.0468589140625 0.8744186046875001 0.055260465625 0.8744186046875001 0.09457364375 0.8519534890625
4 0.2108527125 0.760334884375 0.2105426359375 0.74872558125 0.19980155 0.7472604656249999 0.113863565625 0.7912046515625 0.11093488437500001 0.839534884375 0.11681085312499999 0.839534884375 0.2108527125 0.78572790625 0.2108527125 0.760334884375
4 0.7039069765625 0.6744186046875 0.70102480625 0.6960325578125001 0.7054 0.6976744187499999 0.7089813953124999 0.6976744187499999 0.71007751875 0.6878046515625 0.71007751875 0.6806209296875 0.7042883718749999 0.6744186046875 0.7039069765625 0.6744186046875
4 0.5953488375 0.6767441859375001 0.5953488375 0.6683488375 0.594789146875 0.6557418609375001 0.5811162796875 0.652811628125 0.5705426359375 0.6715581390625001 0.5705426359375 0.6718953484375 0.5915581390625 0.6767441859375001 0.5953488375 0.6767441859375001
4 0.6930232562499999 0.6930232562499999 0.6930232562499999 0.6778186046875 0.686737984375 0.671086046875 0.6652542640625 0.6681558140625 0.6623240312500001 0.6754813953125 0.663300775 0.6915930234375 0.6928449609375 0.6930232562499999 0.6930232562499999 0.6930232562499999
4 0.6096046515625 0.658139534375 0.61057519375 0.6828883718750001 0.6379550390625 0.6860465109375 0.648062015625 0.6860465109375 0.648062015625 0.683865115625 0.6437782953125 0.6594488375 0.6132031 0.658139534375 0.6096046515625 0.658139534375
4 0.7643410859374999 0.6800674421874999 0.7240449609375 0.6714325578125 0.7172093015625001 0.6787581390625 0.720139534375 0.7007302328125 0.7471503875 0.7046511625 0.7506914734375 0.7046511625 0.7643410859374999 0.6814465109375 0.7643410859374999 0.6800674421874999
