4 0.786 0.32467441875 0.7977178296874999 0.3276046515625 0.8055302328125 0.34811395312500004 0.8211565890625 0.3510418609375 0.826038759375 0.29098372031249997 0.8406868218750001 0.2807302328125 0.839710078125 0.302702325 0.8533829453124999 0.326139534375 0.8514294578125 0.3525069765625 0.8651007749999999 0.370086046875 0.8348279062499999 0.3656906984375 0.8074837203125 0.40377674375000006 0.7830697671875 0.41109999999999997 0.7654914734375 0.5077813953125 0.7674449609375 0.572234884375 0.8250620156249999 0.582488371875 0.8309209296875 0.6557302328125 0.841663565625 0.64547674375 0.8445937984375 0.6088558140625 0.8895147281250001 0.6088558140625 0.8934217046875 0.597137209375 0.9149054265625001 0.597137209375 0.9178356593749999 0.6191093015625 0.9061162796875 0.627897675 0.9285782953125 0.63522325625 0.9627581390625 0.677702325 0.9588511625 0.701139534375 0.9627581390625 0.8124674421875 0.9719209296875 0.8372093015625 0.972902325 0.8372093015625 0.9861953484375 0.7802418609374999 0.9764294578125 0.6337581390625 0.9627581390625 0.5868813953124999 0.9227178296874999 0.5561209296875 0.9197891468750001 0.5370767437499999 0.9402961234375 0.535613953125 0.9656868218750001 0.5649093015625 0.9793596906250001 0.5942069765625 0.9822883718750001 0.589811628125 0.9803348843749999 0.4931325578125 0.9549441859375 0.48727209374999997 0.95787441875 0.46529999999999994 0.9803348843749999 0.4609046515625 0.9764294578125 0.416960465625 0.9656868218750001 0.3979186046875 0.934437209375 0.386197675 0.9295550390624999 0.370086046875 0.9984496125 0.3471209296875 0.9984496125 0.00097674375 0.7977178296874999 0.005339534375 0.7967410859374999 0.0536790703125 0.7654914734375 0.11813255781250001 0.7654914734375 0.138639534375 0.7713519375 0.14450000000000002 0.7654914734375 0.1855162796875 0.7713519375 0.19137441875 0.7674449609375 0.20602325625 0.7791643406250001 0.21481162812500001 0.7752573640625 0.22946046562500003 0.7811162796875 0.23824883749999998 0.7811162796875 0.302702325 0.7889286828125 0.308562790625 0.786 0.32467441875
4 0.5980527125 0.4494790703125 0.59707596875 0.4655930234375 0.5912170546875 0.45387441875 0.589263565625 0.4655930234375 0.5619209296875 0.4685209296875 0.5589906984375 0.511002325 0.5853581390625 0.541765115625 0.589263565625 0.556411628125 0.7582449609374999 0.5744186046875 0.7714310078125 0.5744186046875 0.7777410859375 0.5725255812500001 0.7699286828125 0.5549465109375 0.7816465109374999 0.5373697671875 0.7816465109374999 0.5197906984375 0.7953193796875 0.511002325 0.7953193796875 0.49342325625 0.7894589140625 0.487565115625 0.7953193796875 0.44361860468750003 0.7836000000000001 0.42897209375 0.7894589140625 0.4201813953125 0.7953193796875 0.3586581390625 0.8207085265625 0.3381511625 0.824615503125 0.3088534890625 0.8207085265625 0.2619790703125 0.8109441859375 0.2531906984375 0.8168030999999999 0.2385418609375 0.8109441859375 0.22682325625000002 0.8177798453125 0.228288371875 0.8382868218749999 0.206313953125 0.8382868218749999 0.16822790625 0.8265689921874999 0.15358139531249998 0.83047441875 0.12428372031249998 0.8421937984375001 0.112565115625 0.8434108531250001 0.087002325 0.8434108531250001 0.06897441875 0.8382868218749999 0.0510418609375 0.8421937984375001 0.01002558125 0.8197333328124999 0.0027023249999999998 0.587310078125 0.0027023249999999998 0.5589906984375 0.048111628125 0.5589906984375 0.37037674374999996 0.57852248125 0.3733069765625 0.5814511625 0.33082558125 0.587310078125 0.34547441874999996 0.59512403125 0.34254418593749997 0.60977209375 0.376237209375 0.61367751875 0.42897209375 0.6107488375 0.4421558140625 0.5980527125 0.4494790703125
4 0.504984496875 0.3376558140625 0.49912558125000006 0.37867209375 0.45736434062500003 0.3859558140625 0.45736434062500003 0.4089325578125 0.459085271875 0.5793558140624999 0.5143922484375001 0.5837209296875 0.537784496875 0.5837209296875 0.5684604656250001 0.5734953484374999 0.5547891468749999 0.544197675 0.5577178296875 0.5398046515625 0.5743193796875 0.5529883718749999 0.5811565890625 0.5808186046875 0.59092248125 0.560311628125 0.6186046515625 0.5560162796875 0.6186046515625 0.554165115625 0.60752403125 0.5236906984374999 0.60947596875 0.4182209296875 0.5967813953125 0.410897675 0.5870155031250001 0.43140465156249996 0.5723674421875 0.43579999999999997 0.5762728687500001 0.40650232500000005 0.5879922484375 0.40357441875 0.591897675 0.34204883750000004 0.5635782953125 0.33472558124999996 0.56162480625 0.343513953125 0.5586945734375 0.333260465625 0.5665069765624999 0.327402325 0.56162480625 0.32007674375 0.504984496875 0.3376558140625
4 0.021705426562499998 0.04297441875 0.0293829453125 0.0602511625 0.027429457812500002 0.0749 0.0342666671875 0.08222325625 0.5049689921875 0.3019488375 0.5464480625 0.31162790625 0.5489178296875 0.31162790625 0.550387596875 0.0956558140625 0.550387596875 0.0244488375 0.532313178125 0.0001930234375 0.021705426562499998 0.0016558140624999998 0.021705426562499998 0.04297441875
4 0.46909302343750003 0.3767441859375 0.47323875937500004 0.3767441859375 0.49237364375 0.3754953484375 0.49767441874999996 0.3728465109375 0.49767441874999996 0.33987441875 0.4894434109375 0.33301627968749997 0.000186046875 0.1587 0.000186046875 0.24951860468749998 0.0050697671875 0.253913953125 0.46909302343750003 0.3767441859375
4 0.4695813953125 0.32842325625 0.501739534375 0.3325581390625 0.504384496875 0.3325581390625 0.5379844968749999 0.31855813906249997 0.5379844968749999 0.31773488437499997 0.0652837203125 0.0969790703125 0.0320806203125 0.0823302328125 0.023291473437499998 0.08672325625 0.0320806203125 0.1672906984375 0.4695813953125 0.32842325625
4 0 0.7050697671874999 0.040958139062499996 0.7109209296875 0.0390046515625 0.7929511625 0.043468217187500005 0.8023255812500001 0.051514728125 0.8023255812500001 0.0565829453125 0.801739534375 0.10150542656249999 0.7812325578125 0.10345736406249999 0.699202325 0.1581457359375 0.643537209375 0.16693488437499998 0.59812790625 0.28372092968749996 0.585097675 0.28372092968749996 0.33142092968750003 0 0.256834884375 0 0.2591488375 0.00287286875 0.37547209375 0.184513178125 0.407697675 0.25482480625 0.41062790624999995 0.261660465625 0.4296697671875 0.261660465625 0.461897675 0.25287286875000003 0.4780093015625 0 0.4648302328125 0 0.7050697671874999
4 0.454263565625 0.382234884375 0.454263565625 0.3818790703125 0.435786046875 0.3687511625 0.30492713125000004 0.33652558125 0.3039503875 0.6133790703125 0.31957519375 0.633888371875 0.327387596875 0.6631837203125001 0.327387596875 0.7232558140625 0.34278604687500003 0.7232558140625 0.357660465625 0.7173837203125 0.36059069843749997 0.6983418609375 0.37621550312499996 0.68662325625 0.374262015625 0.37900465156249996 0.44359845 0.3892581390625 0.44945736406250003 0.40097674375 0.454263565625 0.382234884375
4 0.2847286828125 0.578539534375 0.2997426359375 0.5860465109375 0.3023178296875 0.5860465109375 0.30387596875 0.387334884375 0.30387596875 0.338134884375 0.2876589140625 0.3309813953125 0.2847286828125 0.578539534375
4 0.9488372093749999 0.94667441875 0.9350310078125 0.9425325578124999 0.923311628125 0.92202558125 0.87057674375 0.8868674421874999 0.8617891468750001 0.8883325578125 0.859835659375 0.9205604656249999 0.8715534890625 0.9410674421874999 0.86862480625 0.9542511625 0.7944062015625 0.9103069765624999 0.7699922484374999 0.967434884375 0.7728713171875 0.99767441875 0.8331565890625001 0.99767441875 0.9418666671875 0.9967325578124999 0.9488372093749999 0.9522930234375 0.9488372093749999 0.94667441875
4 0.1408914734375 0.8241046515624999 0.1350325578125 0.853402325 0.12428992187500001 0.8636558140625 0.11940775156250001 0.859260465625 0.123313178125 0.8211744187500001 0.10085271250000001 0.7904139531250001 0.0559302328125 0.805062790625 0.0471410859375 0.8153162796875 0.045189146875 0.8621906984375001 0.0002666671875 0.9002767437499999 0.001235659375 0.99767441875 0.2378434109375 0.99767441875 0.46511007812500005 0.9969558140625001 0.46821705468749997 0.992297675 0.46821705468749997 0.9898976749999999 0.46022790625 0.977913953125 0.421164340625 0.9339674421874999 0.3840558140625 0.9251790703125 0.36159534843749996 0.9002767437499999 0.365500775 0.7977372093749999 0.357688371875 0.7889488375 0.3635472875 0.7537930234375 0.3606186046875 0.720102325 0.32839224843750003 0.736213953125 0.31667286875 0.7684418609375 0.31569612343750003 0.8079930234375 0.29030542656249997 0.7786953484375 0.153587596875 0.8138511625 0.1408914734375 0.8241046515624999
4 0.43652248125000004 0.7037046515625 0.4651162796875 0.688486046875 0.4651162796875 0.68507441875 0.461913178125 0.6802674421875 0.43456899218749995 0.683197675 0.38281085312499996 0.7051697671875 0.3936511625 0.7069767437500001 0.40962325625 0.7069767437500001 0.43652248125000004 0.7037046515625
