4 0.610686821875 0.1813953484375 0.9550387593749999 0.0014813953125 0.9550387593749999 0.0014581390625 0.345736434375 0.0014581390625 0.345736434375 0.001486046875 0.536136434375 0.17577674375000002 0.5791054265625 0.1699162796875 0.5898186046875 0.1813953484375 0.610686821875 0.1813953484375
4 0.42983720937500003 0.12494418593750001 0.43166976718749994 0.144186046875 0.437897675 0.144186046875 0.4425333328125 0.1205488375 0.45327441874999996 0.12494418593750001 0.456939534375 0.144186046875 0.4576496125 0.144186046875 0.46666666718750005 0.1198418609375 0.46666666718750005 0.1188209296875 0.4249550390625 0.079534884375 0.42202480624999994 0.1161558140625 0.42983720937500003 0.12494418593750001
4 0.39642635625 0.1186046515625 0.3965317828125 0.1186046515625 0.3965317828125 0.077660465625 0.40775193749999994 0.066439534375 0.40775193749999994 0.06545348906250001 0.34086666718749997 0.00002325625 0.25426356562499997 0.0014837203125 0.25426356562499997 0.0032581390624999997 0.25883565937499997 0.029320929687500004 0.2783674421875 0.023460465625 0.297899225 0.041039534375 0.323289921875 0.0058837203125 0.3398914734375 0.024925581250000002 0.34672713125 0.0527581390625 0.354539534375 0.0586186046875 0.3643054265625 0.0527581390625 0.3711410859375 0.063011628125 0.37504651093749997 0.10402790625 0.39642635625 0.1186046515625
4 0.519314728125 0.4881697671875 0.5398232562499999 0.48963255781250004 0.5554480625 0.51307209375 0.5671658921875 0.516 0.578885271875 0.46326744218749993 0.60427596875 0.46326744218749993 0.6091581390624999 0.48523953437499995 0.6238077515625 0.507211628125 0.6374790703125 0.507211628125 0.6491969 0.5394372093750001 0.6687286828125 0.5423674421875 0.673612403125 0.5291837203124999 0.6599395343750001 0.5203953484375 0.6638465109375 0.22742558124999998 0.908962790625 0.12049302343749999 0.9118930234375 0.5262558140625 0.8718542640625 0.5306488375 0.8669705421874999 0.5731302328125001 0.94287441875 0.5837209296875 0.9514558140625 0.5837209296875 0.96267441875 0.5584813953125 0.970486821875 0.48523953437499995 0.9984496125 0.4740534890625 0.9984496125 0.00042092968749999997 0.9519317828125 0.006234884375 0.6140418609375 0.1849465109375 0.5925565890625 0.18787674375000002 0.57302635625 0.17029767499999998 0.5398232562499999 0.1820162796875 0.49587751874999997 0.14832558125 0.49392403125 0.1922697671875 0.5281038765625 0.1995953484375 0.5349395343750001 0.21863720937500003 0.532986046875 0.2450046515625 0.5525178296875 0.265511628125 0.550564340625 0.4647302328125 0.5222449609375001 0.4720558140625 0.519314728125 0.4881697671875
4 0 0.50862790625 0.02817519375 0.5188279062500001 0.036964340624999995 0.5437302328125 0.036964340624999995 0.596465115625 0.0301286828125 0.6125790703125 0.0154790703125 0.6228325578125 0.0205550390625 0.6279069765624999 0.0241162796875 0.6279069765624999 0.08872248125 0.6096488375 0.11606511562499999 0.5891418609375 0.1424325578125 0.546660465625 0.13657364375 0.5115046515625 0.14145581406250002 0.48367209375 0.1707534890625 0.48367209375 0.20493333281249998 0.4968558140625 0.20102635625 0.6052534890625 0.205910078125 0.6155069765625 0.4363782953125 0.5744930234375001 0.4471209296875 0.5613093015625 0.45102635625 0.5261534890624999 0.4832527125 0.5129697671875 0.487159690625 0.4953906984375 0.502784496875 0.5012511625 0.5184093015625 0.49246046562499995 0.5477069765625 0.4953906984375 0.561240309375 0.5156930234375 0.561240309375 0.4932581390625 0.552589146875 0.4880674421875 0.552589146875 0.47634883749999996 0.561240309375 0.46596744218749997 0.561240309375 0.46369999999999995 0.5535658921875 0.4573046515625 0.5477069765625 0.47488372031250004 0.4227069765625 0.463165115625 0.4217302328125 0.3327930234375 0.34262790625 0.304960465625 0.3367689921875 0.4514465109375 0.0008310078125 0.4280069765625 0 0.4965906984375 0 0.50862790625
4 0.1685953484375 0.62197441875 0.17054263593750002 0.5664813953125 0.17054263593750002 0.538137209375 0.1588294578125 0.5340837203125 0.12562635625000002 0.5956069765625001 0.0875410859375 0.629297675 0.09190232499999999 0.6302325578125 0.11432403124999999 0.6302325578125 0.1685953484375 0.62197441875
4 0.008089921875 0.6258069765625 0.019286821875 0.6279069765624999 0.0267829453125 0.6279069765624999 0.083285271875 0.61262325625 0.11648837187500001 0.589186046875 0.1448077515625 0.54377674375 0.1389488375 0.5291279062500001 0.1418790703125 0.48664651093750005 0.1731286828125 0.48664651093750005 0.19754263593750002 0.4998302328125 0.20144961249999999 0.6111581390625 0.20828527187499998 0.6155534890625 0.44266046562500005 0.5716069765625 0.45437829531249996 0.5159441859375 0.48172248125 0.513013953125 0.4875813953125 0.49250697656250003 0.51297209375 0.49836511562499997 0.5209302328125001 0.47847209375000005 0.5209302328125001 0.47620232500000004 0.4641441859375 0.4632093015625 0.4250821703125 0.466139534375 0.42019845 0.455886046875 0.42019845 0.3299093015625 0.3703937984375 0.31672558125 0.364534884375 0.32551395312500003 0.3430511625 0.3196558140625 0.3371906984375 0.4514906984375 0.0012542640625000001 0.42805348906249996 0.00027751874999999997 0.5086209296875001 0.0246914734375 0.5159441859375 0.037386046875 0.5467046515625 0.0354325578125 0.6023697671875 0.008089921875 0.6258069765625
4 0 0.60232558125 0.011586046875 0.60232558125 0.0263565890625 0.5857069765625 0.0263565890625 0.569037209375 0.0251085265625 0.5409697671875 0.014367442187500001 0.5248558140624999 0.0006945734375 0.5248558140624999 0 0.5801093015625 0 0.60232558125
4 0.9984496125 0.9369581390624999 0.9582542640625 0.916860465625 0.939699225 0.9183255812500001 0.9406604656249999 0.99767441875 0.988559690625 0.99767441875 0.9982930234375 0.9974279062500001 0.9984496125 0.9877906984375 0.9984496125 0.9369581390624999
4 0.8883720937499999 0.99767441875 0.8883720937499999 0.9973046515625 0.7436914734375 0.9113697671875001 0.7300186046875 0.8908627906250001 0.601113178125 0.8264093015625 0.4477922484375 0.9948674421874999 0.87087441875 0.99767441875 0.8883720937499999 0.99767441875
