4 0.52172713125 0.2739813953125 0.8625472875 0.1494697671875 0.8830542640625 0.1011302328125 0.9023255812500001 0.0028488375 0.9023255812500001 0.00232558125 0.1614031 0.00232558125 0.4875472875 0.26372790625000003 0.5018015499999999 0.2744186046875 0.516187596875 0.2744186046875 0.52172713125 0.2739813953125
4 0 0.8651162796874999 0.005610853125000001 0.8651162796874999 0.1861658921875 0.785460465625 0.18909612343749999 0.58477674375 0.215463565625 0.5803813953125 0.2408542640625 0.562802325 0.2681969 0.5745209296875 0.2887054265625 0.567197675 0.2906589140625 0.4089953484375 0.276986046875 0.39727674375 0.2818697671875 0.24932558125 0.4205410859375 0.32256976718749997 0.42542325625000005 0.33282325625000003 0.4215178296875 0.4412209296875 0.44983720937499994 0.45147441875 0.46741550312499996 0.4397558140625 0.472299225 0.44415116250000003 0.47718139531250003 0.539365115625 0.50697674375 0.535039534375 0.50697674375 0.452613953125 0.48597054218749997 0.4382906984375 0.4908542640625 0.4221790703125 0.5055023249999999 0.4148534890625 0.5055023249999999 0.2830186046875 0.1549162796875 0.0032325578124999996 0.0006186046875 0.000302325 0 0.54922325625 0 0.8651162796874999
4 0.9112201546875 0 0.8703038765625 0.1490534890625 0.50799845 0.2823558140625 0.5060449609375001 0.405402325 0.4982325578125 0.41712092968750003 0.5304589140625 0.4244441859375 0.5372961234375 0.43762790625000003 0.4982325578125 0.45227674375 0.4982325578125 0.4639953484375 0.5060449609375001 0.4698558140625 0.5060449609375001 0.5548162796875 0.5304589140625 0.562139534375 0.53827286875 0.5738581390624999 0.5753813953125 0.5797186046875 0.58807751875 0.5343069765624999 0.5978418609375 0.35852558125 0.5978418609375 0.302862790625 0.57342790625 0.301397675 0.5753813953125 0.2926093015625 0.6144434109375 0.26917209375 0.626162790625 0.2662418609375 0.6359286828124999 0.2750302328125 0.7531162796875 0.23987441875 0.7746000000000001 0.21936744218749998 0.8195224812499999 0.21936744218749998 0.8224511624999999 0.22669069843749998 0.80682635625 0.2442697671875 0.7951085265625 0.317511628125 0.8048744187500001 0.66907441875 0.75799845 0.663213953125 0.75799845 0.522588371875 0.7531162796875 0.497686046875 0.6203038765625 0.49475813906250005 0.611514728125 0.522588371875 0.6173736437499999 0.57532325625 0.6281162796875 0.5826488375000001 0.6378821703125 0.5592093015625 0.7257720937500001 0.562139534375 0.7394434109375 0.538702325 0.74432713125 0.54602558125 0.74432713125 0.6749325578125001 0.750186046875 0.6807930234375 0.7462806203125 0.6866511625 0.782412403125 0.702765115625 0.7951085265625 0.7013 0.7804589140625 0.685186046875 0.796085271875 0.6910465109375 0.820499225 0.6749325578125001 0.815615503125 0.6324534890625 0.837100775 0.6353813953125 0.83612403125 0.6602837203125 0.80682635625 0.7042302328125001 0.842959690625 0.7144837203125001 0.8585844968749999 0.7144837203125001 0.8644434109375 0.7056953484374999 0.8908108531250001 0.81262790625 0.945499225 0.9796209296875 0.9542883718749999 0.9928046515625001 0.9611550390625 0.9930232562500001 1 0.9930232562500001 1 0.80462325625 0.9992093015625001 0 0.9112201546875 0
4 0.39635193750000003 0.537502325 0.39635193750000003 0.5316418609375 0.39689922499999997 0.5308209296874999 0.39689922499999997 0.4855906984375 0.39342170468750004 0.48037441875000003 0.3797503875 0.48037441875000003 0.3777969 0.48330232500000003 0.371936434375 0.48330232500000003 0.3690077515625 0.487697675 0.370961240625 0.49648604687500003 0.36705426406249997 0.5023465109374999 0.36705426406249997 0.53457209375 0.3690077515625 0.537502325 0.36705426406249997 0.5404325578125 0.36705426406249997 0.541860465625 0.39689922499999997 0.541860465625 0.39689922499999997 0.53832325625 0.39635193750000003 0.537502325
4 0.3345441859375 0.55077674375 0.3404046515625 0.55077674375 0.342635659375 0.54742790625 0.342635659375 0.544811628125 0.33942790624999997 0.5375930234374999 0.33942790624999997 0.51122558125 0.3413798453125 0.5082953484375 0.3413798453125 0.4995069765625 0.336497675 0.4921837203125 0.330638759375 0.4921837203125 0.3247782953125 0.49804186093749997 0.3052480625 0.49804186093749997 0.3032945734375 0.50097209375 0.3013410859375 0.50097209375 0.298412403125 0.5082953484375 0.298412403125 0.553488371875 0.332736434375 0.553488371875 0.3345441859375 0.55077674375
4 0.41359845 0.53952558125 0.41515348906250005 0.541860465625 0.417900775 0.541860465625 0.4194573640625 0.53952558125 0.421410853125 0.53952558125 0.4229674421875 0.541860465625 0.42455348906249996 0.541860465625 0.42629302343750003 0.5409906984374999 0.43019999999999997 0.532202325 0.43019999999999997 0.5175534890625 0.4282465109375 0.5146232562499999 0.4282465109375 0.5116930234375 0.43100775156250004 0.5054790703125 0.43100775156250004 0.4941837203125 0.42922325624999996 0.48972092968750003 0.4272697671875 0.48972092968750003 0.4175038765625 0.4809325578125 0.41359845 0.4809325578125 0.41164496093749997 0.478002325 0.4096914734375 0.478002325 0.4028558140625 0.48532558124999997 0.4028558140625 0.49997441875000004 0.400902325 0.5029046515625 0.400902325 0.5351302328124999 0.4071829453125 0.541860465625 0.41008837187499997 0.541860465625 0.41164496093749997 0.53952558125 0.41359845 0.53952558125
4 0.4451503875 0.5138534890625001 0.4451503875 0.5343604656250001 0.4470496125 0.5372093015625 0.4588217046875 0.5372093015625 0.4588217046875 0.5314325578125 0.46077519375 0.528502325 0.46077519375 0.5167837203125 0.46201550312500006 0.51492325625 0.46201550312500006 0.5098534890625 0.45979844999999997 0.5065302328125 0.44808062031249996 0.5065302328125 0.4451503875 0.5138534890625001
4 0.2960062015625 0.4078697671875 0.300888371875 0.41519302343750003 0.300888371875 0.4239837203125 0.30772403125 0.43716511562499993 0.308902325 0.43720930156250004 0.3828341078125 0.43720930156250004 0.3838961234375 0.43716511562499993 0.3878031 0.43130697656250006 0.395615503125 0.434237209375 0.3965922484375 0.4298418609375 0.3819426359375 0.42251860468749997 0.3585054265625 0.41958837187500003 0.3565534890625 0.4166581390625 0.3233503875 0.41079999999999994 0.3116310078125 0.40493953437499997 0.2813581390625 0.40347441875 0.286240309375 0.42251860468749997 0.29014573593750004 0.42251860468749997 0.29112248125 0.412262790625 0.2960062015625 0.4078697671875
4 0.3561969 0.541860465625 0.358139534375 0.5364372093750001 0.358139534375 0.5053906984375 0.3542806203125 0.4995302328125 0.34867286875 0.5067069765625 0.3473410859375 0.51797209375 0.34660930156249997 0.5326465109375 0.3505209296875 0.541860465625 0.3561969 0.541860465625
4 0.435361240625 0.5372093015625 0.438759690625 0.5339209296874999 0.438759690625 0.5076302328125 0.436734884375 0.5031488375000001 0.43456589218749997 0.511611628125 0.433513178125 0.5204837203125 0.4336496125 0.5287953484375 0.43527907031249996 0.5372093015625 0.435361240625 0.5372093015625
4 0.31847596875 0.4904837203125 0.338463565625 0.4832837203125 0.35227751875 0.48372092968749997 0.3684062015625 0.4738930234375 0.38399845 0.4691465109375 0.3891472875 0.4677697671875 0.3891472875 0.46763720937500003 0.29972092968749997 0.47197907031249997 0.299737984375 0.4953488375 0.2999782953125 0.4953488375 0.31847596875 0.4904837203125
4 0.4635658921875 0.4953488375 0.4635658921875 0.486939534375 0.43294573593749996 0.4791674421875 0.4202294578125 0.47460930156250003 0.4359054265625 0.4844465109375 0.4562558140625 0.4908581390625 0.4628821703125 0.4953488375 0.4635658921875 0.4953488375
4 0.43100775156250004 0.4572441859375 0.43100775156250004 0.467797675 0.43687596875 0.468360465625 0.4472325578125 0.47172558125 0.45669457343750003 0.47338837187499994 0.46093333281250004 0.47441860468749997 0.4635658921875 0.47441860468749997 0.4635658921875 0.46537441875 0.45498914687500003 0.465765115625 0.44200775156249994 0.46171162812500005 0.43100775156250004 0.4572441859375
4 0.3008930234375 0.46046511562500003 0.3643410859375 0.46046511562500003 0.3643410859375 0.457797675 0.36382480625 0.4476302328125 0.3009410859375 0.4450953484375 0.3008930234375 0.46046511562500003
4 0.2201550390625 0.7621674421875 0.21199845 0.7390581390625 0.20155038749999998 0.7518813953125 0.20155038749999998 0.7557674421875 0.2031054265625 0.7744186046875 0.205102325 0.7744186046875 0.2201550390625 0.7643837203125 0.2201550390625 0.7621674421875
4 0.18415038749999998 0.755911628125 0.1714558140625 0.7661674421875 0.17829147343750001 0.7852093015625 0.16852558125 0.7734906984375 0.15387751875 0.7896046515624999 0.161537984375 0.7953488375 0.161888371875 0.7953488375 0.1860465109375 0.781411628125 0.1860465109375 0.779262790625 0.1792682171875 0.7690953484375 0.18512713125 0.7661674421875 0.18415038749999998 0.755911628125
4 0.3643410859375 0.698602325 0.3643410859375 0.6978488375 0.3289829453125 0.6820790703124999 0.3317534890625 0.7139534890625 0.3353457359375 0.7139534890625 0.3643410859375 0.698602325
4 0.2821705421875 0.7284534890625001 0.23482325624999997 0.744397675 0.2299410859375 0.7575813953125 0.236886821875 0.7627906984374999 0.239186046875 0.7627906984374999 0.2797457359375 0.744397675 0.2821705421875 0.7310581390625 0.2821705421875 0.7284534890625001
4 0.19987751874999998 0.7044302328125001 0.20076279062500002 0.7046511625 0.216110078125 0.7046511625 0.2201550390625 0.70222325625 0.2201550390625 0.6481 0.20280775156250003 0.6385116281250001 0.19987751874999998 0.7044302328125001
4 0.281697675 0.6865046515625 0.2821705421875 0.6659558140625 0.2821705421875 0.6432674421875 0.2777922484375 0.6367 0.23286976718750002 0.6484186046875 0.2299410859375 0.69382790625 0.2363503875 0.6976744187499999 0.2461193796875 0.6976744187499999 0.281697675 0.6865046515625
4 0.8051472875 0.99767441875 0.9415333328125 0.9968651156250001 0.9454403093750001 0.9910069765625 0.9200496125000001 0.90897441875 0.85657209375 0.722939534375 0.7452449609375 0.6965720937500001 0.7442682171875 0.744911628125 0.7374325578125001 0.7493069765625 0.7305953484375001 0.73612325625 0.7305953484375001 0.698037209375 0.724736434375 0.703897675 0.6895798453124999 0.80057674375 0.68762635625 0.9763581390624999 0.6942589140625001 0.99767441875 0.8051472875 0.99767441875
4 0.0002790703125 0.8744232562500001 0.0012449609375 0.99767441875 0.5751627906250001 0.99767441875 0.6682480625 0.9974697671874999 0.6713178296875 0.8915395343749999 0.6713178296875 0.8599069765625 0.6594589140625 0.82022325625 0.3860201546875 0.7030372093749999 0.3313333328125 0.7235441859375 0.32547441875 0.7704186046875 0.316685271875 0.7689534890624999 0.31180155 0.735262790625 0.24344341093750002 0.7616302328125 0.232700775 0.7718837203125 0.232700775 0.8158302328125 0.225865115625 0.8231534890625 0.21902790625000002 0.8099697671874999 0.21902790625000002 0.78067209375 0.2121922484375 0.7762790703125 0.0002790703125 0.8744232562500001
