4 0.5605472875 0.0190418609375 0.5605472875 0.0600581390625 0.5498046515625 0.0820302328125 0.5361333328125 0.0908209296875 0.5205085265625 0.0820302328125 0.5117193796875 0.0600581390625 0.5097658921875 0.042481395312499996 0.5185550390625 0 0.179686821875 0.001465115625 0.1894527125 0.057127906250000006 0.2353519375 0.210937209375 0.42089767499999997 0.26074186093749996 0.54687441875 0.282713953125 0.6298821703125 0.21386744218749998 0.8554682171874999 0.001465115625 0.5537116281250001 0 0.5605472875 0.0190418609375
4 0.162110078125 0.8950186046875 0.16015658906250002 0.8715813953125 0.1435550390625 0.86132790625 0.10058604687499999 0.881834884375 0.0908201546875 0.8789069765624999 0.07812558124999999 0.9038093015625 0.08007751874999999 0.9917 0.1445317828125 0.9946279062500001 0.15722635625 0.993165115625 0.166015503125 0.9653325578124999 0.1562496125 0.912597675 0.162110078125 0.8950186046875
4 0 0.7895511625 0.0039069765625 0.7895511625 0.170897675 0.6357418609375001 0.208984496875 0.6254883718750001 0.2070310078125 0.399902325 0.208984496875 0.3852534890625 0.22265581406249998 0.3706046515625 0.2207038765625 0.2475581390625 0.2285162796875 0.2065418609375 0.177734884375 0.016113953125 0.1669922484375 0 0.125 0.001465115625 0.166015503125 0.1215813953125 0.1591798453125 0.29882790625 0.1533209296875 0.29882790625 0.0214837203125 0.095213953125 0.023437209375 0.001465115625 0 0.001465115625 0 0.7895511625
4 0.3652341078125 0.49365348906250006 0.36425736406250003 0.31347674375 0.5048821703125 0.3339837203125 0.5117193796875 0.3881837203125 0.5097658921875 0.4790046515625 0.5146480625 0.51562558125 0.5195317828125 0.45556744218749995 0.51562480625 0.3149418609375 0.537110078125 0.28857441875 0.22949147343749998 0.21972558125 0.22949147343749998 0.2314441859375 0.32031317812500004 0.2534186046875 0.32031317812500004 0.42919999999999997 0.22753953437500002 0.42773488437499996 0.2207038765625 0.4204093015625 0.21972713124999999 0.36621162812499997 0.21093798437500003 0.3793953484375 0.2187503875 0.3940418609375 0.21093798437500003 0.4086906984375 0.2148434109375 0.41748139531249995 0.21093798437500003 0.5346674421875 0.2158201546875 0.5449209296874999 0.22265581406249998 0.5434581390625 0.351562790625 0.5346674421875 0.3535162796875 0.49951162812499994 0.3623054265625 0.509765115625 0.3652341078125 0.49365348906250006
4 0.7675782953125 0.43798837187500006 0.774413953125 0.430665115625 0.79687441875 0.43798837187500006 0.8007813953125 0.4584953484375 0.791015503125 0.47021395312500003 0.7929689921875 0.48779302343750003 0.8115240312499999 0.524413953125 0.8271488375 0.5361325578125 0.8281255812499999 0.279786046875 0.9042961234375 0.235839534375 0.9062496124999999 0.1420906984375 1 0.0454093015625 0.9990232562499999 0 0.8623054265625001 0.0029302328125 0.616210853125 0.225586046875 0.6035162796875 0.24169999999999997 0.632812403125 0.25927674375 0.632812403125 0.42626976718750004 0.5908201546875 0.4423837203125 0.5117193796875 0.45556744218749995 0.5146480625 0.5126953484375 0.5263674421875 0.49218837187500003 0.56152403125 0.48339767499999997 0.579102325 0.5185558140625 0.5820310078125 0.47021395312500003 0.6123054265625 0.45117209375 0.6210930234375 0.46142558125 0.6210930234375 0.48193255781250005 0.5917969000000001 0.48779302343750003 0.5966790703125 0.53027441875 0.647460465625 0.5273441859375 0.6845705421875 0.539062790625 0.8144527125 0.5434581390625 0.79882790625 0.5229488375 0.7812496125 0.47314418593749996 0.7636713171875 0.46435581406250004 0.7675782953125 0.43798837187500006
4 0.25 0.9887697671875 0.2558589140625 0.9946279062500001 0.27539069843749997 0.9360348843749999 0.2783209296875 0.9082023250000001 0.2714837203125 0.912597675 0.25 0.9887697671875
4 0.3574217046875 0.9975581390625001 0.351562790625 0.9008790703124999 0.34277364375 0.8876953484375001 0.33984341093750003 0.9946279062500001 0.3574217046875 0.9975581390625001
4 0.3085937984375 0.9975581390625001 0.3085937984375 0.9038093015625 0.30371162812499997 0.8994139531249999 0.27539069843749997 0.9975581390625001 0.3085937984375 0.9975581390625001
4 0.17675813906249999 0.9726558140625 0.16992248125 0.9887697671875 0.17285116250000002 0.9990232562499999 0.23437519375 0.9975581390625001 0.2548821703125 0.914062790625 0.2021488375 0.9257813953125 0.197265115625 0.962402325 0.17675813906249999 0.9726558140625
4 0.5810542640625 0.7939441859375 0.5751953484375 0.779297675 0.5263674421875 0.7353511625 0.3613286828125 0.780762790625 0.3652341078125 0.8452139531249999 0.3710930234375 0.8569325578125 0.367187596875 0.8950186046875 0.37597674375 0.9990232562499999 0.7675782953125 0.9975581390625001 0.7607426359375 0.9814441859375 0.6748046515625 0.8964837203125 0.65527286875 0.867188371875 0.5810542640625 0.7939441859375
