4 0.8362589140625 0.08837209375 0.8411813953125 0.08837209375 0.8959627906250001 0.0235 0.9038759687500001 0.0037186046875000004 0.9038759687500001 0.00232558125 0.36392248125000004 0.00232558125 0.379361240625 0.0689093015625 0.39205736406249997 0.0879511625 0.8119798453125 0.0820930234375 0.8362589140625 0.08837209375
4 0.341415503125 0.09240000000000001 0.34922790625 0.1334162796875 0.36236589218750004 0.14186046562500002 0.362914728125 0.14186046562500002 0.3648542640625 0.0953302328125 0.3813953484375 0.0898162796875 0.3813953484375 0.08496279062499999 0.362900775 0.0045093015625 0.29356434062500003 0.00011395312499999999 0.323837209375 0.0777511625 0.341415503125 0.09240000000000001
4 0.8294573640625 0.0932813953125 0.8236868218750001 0.0821534890625 0.385210853125 0.0865488375 0.3920465109375 0.096802325 0.4311085265625 0.0997325578125 0.8129457359375 0.0982674421875 0.8294573640625 0.095513953125 0.8294573640625 0.0932813953125
4 0.8515007750000001 0.45015813906249996 0.860289921875 0.46627209374999995 0.8964217046874999 0.46480697656250003 0.8886093015625001 0.4823837203125 0.890562790625 0.5234 0.9115953484375 0.5279069765625 0.9180449609375 0.5279069765625 0.9218124031249999 0.49117441875 0.9100945734374999 0.46480697656250003 0.920835659375 0.4574813953125 0.9325550390625 0.46627209374999995 0.9374387593750001 0.44722790625000003 0.9472031 0.43843953437499994 0.9520868218749999 0.40181860468749997 0.9608759687499999 0.406211628125 0.966734884375 0.44429767499999995 0.985289921875 0.45162325625 0.9882186046875001 0.4735953484375 0.9984496125 0.4812674421875 0.9984496125 0.2953488375 0.9013054265625 0.3256465109375 0.89837519375 0.26851627968749997 0.89837519375 0.22750232499999998 0.9032589140624999 0.22017674375000001 0.9984496125 0.16392790625 0.9984496125 0.0004674421875 0.9091178296875 0.0033813953124999995 0.8339224812499999 0.09566511562499999 0.8993519375 0.0971302328125 0.9110713171875 0.07662325625000001 0.9423209296874999 0.0502558140625 0.955015503125 0.0575790703125 0.955015503125 0.092734884375 0.9481798453125 0.1117790703125 0.9032589140624999 0.1440046515625 0.8973984500000001 0.123497675 0.8925162796875 0.1308209296875 0.8964217046874999 0.40914186093750005 0.8515007750000001 0.41793023281249997 0.8515007750000001 0.45015813906249996
4 0.44677364375 0.47914186093750005 0.4672806203125 0.49525348906250005 0.46435193750000003 0.4703511625 0.48681240312499996 0.4659581390625 0.485835659375 0.514297675 0.4926713171875 0.5216209296875001 0.501460465625 0.51722790625 0.5219689921875 0.46302790624999995 0.5395472875 0.4718162796875 0.547359690625 0.46302790624999995 0.5522418609375 0.51722790625 0.5463829453125 0.523086046875 0.5463829453125 0.5435953484375 0.5522170546875 0.546511628125 0.5522697671875 0.546511628125 0.5747038765625 0.5362697671875 0.6547813953125 0.5362697671875 0.6577116281250001 0.4996488375 0.687984496875 0.49232558125 0.6918914734375 0.460097675 0.7153286828125001 0.46302790624999995 0.7182573640625 0.4996488375 0.7387658921875 0.5040441859375 0.7410852718750001 0.4356162796875 0.7410852718750001 0.4175790703125 0.672359690625 0.41322325624999995 0.65282790625 0.42201162812500004 0.65282790625 0.3517 0.55907751875 0.3546302328125 0.5561488375 0.3883209296875 0.5639612406250001 0.40590000000000004 0.55712558125 0.4161534890625 0.38036744218749996 0.4176186046875 0.38720309999999997 0.46302790624999995 0.422359690625 0.46302790624999995 0.42626511562499997 0.48353488437500003 0.4418914734375 0.48060697656249995 0.4477503875 0.46302790624999995 0.44677364375 0.47914186093750005
4 0.20971472812499997 0.425211628125 0.21752713125 0.43107209375 0.21850387656249998 0.42081860468750004 0.2145969 0.3680837203125 0.1892062015625 0.3358558140625 0.179440309375 0.28312325625 0.2136201546875 0.22892325625 0.23217519375 0.21866976718750003 0.2263162796875 0.1132 0.1999488375 0.082439534375 0.1442837203125 0.1630046515625 0.1423317828125 0.198160465625 0.1560031 0.2098813953125 0.159910078125 0.230388371875 0.1579565890625 0.4149581390625 0.1667457359375 0.41642325625 0.1735813953125 0.43253720937500006 0.1667457359375 0.4515790703125 0.1579565890625 0.4530441859375 0.1657472875 0.660465115625 0.1668790703125 0.660465115625 0.33471472812499997 0.571697675 0.342635659375 0.5096441859375 0.342635659375 0.49842558124999997 0.3386201546875 0.47794651093749996 0.28002635625 0.4925953484375 0.23510542656250003 0.457439534375 0.21947907031249997 0.46915813906250003 0.1999488375 0.4457209296875 0.19701860468750002 0.45890465156250004 0.20287751874999999 0.46476279062500003 0.1960418609375 0.46915813906250003 0.1833472875 0.45597441875 0.18627596875000002 0.41056279062499995 0.192136434375 0.42228372031249994 0.201902325 0.42228372031249994 0.20385426406249998 0.43400232499999997 0.20971472812499997 0.425211628125
4 0 0.0306209296875 0.0007457359375 0.1146 0.11012092968750001 0.193702325 0.1327969 0.2 0.1378558140625 0.2 0.139534884375 0.1987418609375 0.139534884375 0.1962906984375 0.1306294578125 0.177588371875 0.1296527125 0.00034186093750000003 0.088637209375 0.00034186093750000003 0.0847302328125 0.0237790703125 0.06520000000000001 0.0237790703125 0.043714728125000005 0.00034186093750000003 0 0.004713953125 0 0.0306209296875
4 0.1444542640625 0.018206976562499998 0.14832248125 0.1139534890625 0.149015503125 0.1139534890625 0.1844961234375 0.063534884375 0.1844961234375 0.060523256250000004 0.151289921875 0.00502325625 0.1444542640625 0.018206976562499998
4 0.43928527187500005 0.9565325578125 0.4353782953125 0.9799697671875001 0.423660465625 0.982897675 0.42634728749999995 0.99767441875 0.8466030999999999 0.99767441875 0.8852713171875 0.9975511625 0.8852713171875 0.99567209375 0.801589146875 0.8730348843750001 0.4197534890625 0.8744999999999999 0.4197534890625 0.9067279062500001 0.43928527187500005 0.9565325578125
4 0.25309457343749997 0.790697675 0.2919922484375 0.7820069765625 0.29882945781250003 0.716088371875 0.3271488375 0.71462558125 0.3300790703125 0.68972325625 0.2451178296875 0.6882581390625 0.24607907031249998 0.790697675 0.25309457343749997 0.790697675
