4 0.9257813953125 0.188439534375 0.9111333328125 0.20162325625 0.8896480625000001 0.20455348906249998 0.883789146875 0.18697441875 0.8583984499999999 0.18697441875 0.8496093015625 0.16207209375 0.8759767437500001 0.1195930234375 0.9082031 0.091760465625 0.9023441859375 0.062462790625 0.915038759375 0.0434209296875 0.944336434375 0.037560465625 0.9394527125 0.0653930234375 0.944336434375 0.084437209375 0.9990232562499999 0.0756465109375 1 0.000939534375 0 0.000939534375 0.00097674375 0.20455348906249998 0.38183565937499997 0.3539674421875 0.41113333281250003 0.3539674421875 0.4179689921875 0.3466441859375 0.399413953125 0.333460465625 0.3925782953125 0.31441627968749997 0.41992248125 0.279260465625 0.4179689921875 0.2616813953125 0.430663565625 0.2543581390625 0.437500775 0.2587534890625 0.43945271249999995 0.2851209296875 0.458984496875 0.3173465109375 0.45312558125 0.34957209375 0.475586046875 0.383265115625 0.49351472812499997 0.38604651093750003 0.50682325625 0.38604651093750003 0.522460465625 0.37740465156249997 0.545897675 0.383265115625 0.586914728125 0.37447441875 0.5937503875 0.326134884375 0.618164340625 0.3012325578125 0.7333984499999999 0.2924441859375 0.9990232562499999 0.225060465625 1 0.138634884375 0.9794914734375 0.15474883749999999 0.9638666671875 0.09322558125 0.9550775187499999 0.0976209296875 0.9531255812499999 0.11812790625 0.927734884375 0.1679325578125 0.9257813953125 0.188439534375
4 0 0.576097675 0.0007472875000000001 0.6265790703125 0.1999658921875 0.5972837203125 0.20289612343750002 0.6661302328125001 0.2087550390625 0.6719906984375 0.20777984531250002 0.6910325578125 0.1862945734375 0.7027511625 0.0007472875000000001 0.770134884375 0.001702325 0.81162790625 0.0040573640625 0.81162790625 0.26832558125 0.6998209296875 0.28992248125 0.68432790625 0.28992248125 0.6143348843750001 0.2868806203125 0.3702325578125 0.28199845 0.36290697656250004 0.25074728749999997 0.348260465625 0.2497705421875 0.33507674375 0.2409829453125 0.32775116249999997 0.23414573593750002 0.3292162796875 0.2312170546875 0.348260465625 0.22340465156249997 0.33068139531249996 0.2155922484375 0.3394697671875 0.20191937968749998 0.33068139531249996 0.181412403125 0.33507674375 0.1843410859375 0.5416186046875 0 0.5606372093750001 0 0.576097675
4 0.3892434109375 0.6395209296875 0.44523410781250006 0.644186046875 0.45956434062499996 0.644186046875 0.46046511562500003 0.5159186046875 0.46046511562500003 0.366413953125 0.4449085265625 0.35680465156249996 0.415610853125 0.3714534890625 0.399986046875 0.40075116250000004 0.38729147343750003 0.399286046875 0.3892434109375 0.6395209296875
4 0.733660465625 0.5538186046875 0.8391302328125001 0.5596790703125001 0.8420589140624999 0.666611628125 0.8498713171875 0.6695418609375 0.844012403125 0.6754 0.8488961234374999 0.6827255812499999 0.8537782953124999 0.6754 0.8498713171875 0.5787209296875 0.8537782953124999 0.4527441859375 0.8479193796875 0.43809534843750003 0.85182480625 0.33262790625 0.8459658921875001 0.3209093015625 0.8547550390625 0.3047953484375 0.8820992249999999 0.3106558140625 0.9094418609374999 0.29893488437500004 0.9563178296875 0.29893488437500004 0.9984496125 0.2874465109375 0.9984496125 0.2288488375 0.7922542640625 0.284288371875 0.69459845 0.30186511562499996 0.657489921875 0.3194441859375 0.6125674421875 0.32237441875 0.5959658921875 0.33262790625 0.594012403125 0.681260465625 0.8342465109375 0.73692325625 0.8381534890625 0.731065115625 0.8313178296875 0.7120209296875 0.7317085265625 0.6856558140625 0.72780155 0.6915139531250001 0.7229193796875 0.6841906984375 0.72682480625 0.5611441859374999 0.733660465625 0.5538186046875
4 0.9963813953124999 0.99767209375 0.9984496125 0.84147209375 0.9984496125 0.7763093015625 0.7375922484374999 0.7237465109375 0.42899845000000003 0.6446465109374999 0.40555969062499997 0.6446465109374999 0.000286821875 0.8189627906249999 0.001263565625 0.9962093015625 0.9963813953124999 0.99767209375
4 0.5897193796875 0.6767441859375001 0.5922480625000001 0.6426069765625 0.5922480625000001 0.619802325 0.590660465625 0.6142418609375 0.5808945734375001 0.611313953125 0.5183937984375 0.60252325625 0.4646837203125 0.6450046515625 0.5877937984375 0.6767441859375001 0.5897193796875 0.6767441859375001
4 0.85627286875 0.741413953125 0.9984496125 0.7718813953125 0.9984496125 0.7410418609375 0.9324449609375 0.6798906984374999 0.9148666671875001 0.6916093015625 0.8914294578125 0.6857511625 0.8758046515625001 0.66817209375 0.8552961234374999 0.669637209375 0.85627286875 0.741413953125
4 0.9984496125 0.42717441875000006 0.9890852718750001 0.42845116250000004 0.9871317828124999 0.4372418609375 0.9685767437499999 0.43284651093750004 0.9773658921875 0.419662790625 0.9984496125 0.41553720937499994 0.9984496125 0.2996209296875 0.8718976749999999 0.3229837203125 0.8631085265625 0.32737674375000003 0.8718976749999999 0.33470232499999997 0.8552961234374999 0.3361674421875 0.85627286875 0.481186046875 0.8611550390625 0.47972092968749996 0.8631085265625 0.45628372031250003 0.8699441859375 0.45189069843749996 0.8787333328125 0.45628372031250003 0.8815674421875 0.4860465109375 0.9489488375 0.4860465109375 0.9802961234374999 0.4855813953125 0.9984496125 0.48285813906249997 0.9984496125 0.42717441875000006
4 0.8679922484375 0.4855906984375 0.8552961234374999 0.5046348843749999 0.85822635625 0.532465115625 0.9168201546875 0.532465115625 0.9558821703125 0.5529744187500001 0.9666248062499999 0.5515093015625 0.958812403125 0.5427209296875 0.960764340625 0.5251418609375 0.9754139531250001 0.5207465109375 0.9802961234374999 0.5427209296875 0.974437209375 0.5544395343749999 0.9984496125 0.5627511625 0.9984496125 0.48266976718750004 0.8679922484375 0.4855906984375
4 0.493699225 0.48445813906249996 0.49661550312499997 0.5209302328125001 0.576438759375 0.5209302328125001 0.590697675 0.51967209375 0.590697675 0.47920697656250005 0.5903782953125 0.4595558140625 0.5708465109375 0.4595558140625 0.5630341078125001 0.4771325578125 0.49662790625 0.4771325578125 0.493699225 0.48445813906249996
