4 0.454263565625 0.004488371875 0.454263565625 0.0002069765625 0.32012403125 0.0016534890625 0.4229472875 0.0860465109375 0.4238511625 0.0860465109375 0.454263565625 0.004488371875
4 0.0742031 0.001760465625 0.38716589218749997 0.18837209375 0.3889813953125 0.18837209375 0.4201550390625 0.1031046515625 0.4201550390625 0.0969511625 0.30955503906250004 0.0002953484375 0.0742031 0.001760465625
4 1 0.0019209296875000001 0.4620294578125 0.0004558140625 0.4298031 0.0868813953125 0.4776542640625 0.123502325 0.4864434109375 0.1425441859375 0.484489921875 0.1630534890625 0.46495813906250005 0.20992790625 0.46495813906250005 0.30367907031249997 0.47472403124999996 0.356411628125 0.47081860468750003 0.417934884375 0.47667751875000003 0.45016279062500003 0.466911628125 0.464811628125 0.46495813906250005 0.48238837187500005 0.47277054218750003 0.5614906984375 0.49523255781250003 0.56002558125 0.5010914734374999 0.5190093015625 0.5108573640625 0.5336581390624999 0.52062325625 0.521939534375 0.544060465625 0.521939534375 0.5518728687500001 0.536588371875 0.5577317828125 0.5160813953125001 0.5694511624999999 0.5160813953125001 0.5792170546875 0.57467441875 0.608513178125 0.5776046515625 0.6114434109375 0.5702790703125 0.6094899218750001 0.4853186046875 0.590934884375 0.48092325625 0.5811689921875 0.448697675 0.52257674375 0.457486046875 0.5118341078124999 0.464811628125 0.5069503875 0.4838534890625 0.49620930156250004 0.4794581390625 0.4903488375 0.4589511625 0.492302325 0.3798488375 0.484489921875 0.356411628125 0.49425581406249997 0.3007488375 0.49425581406249997 0.1659837203125 0.512810853125 0.15865813906249998 0.5186697671875 0.1440093015625 0.6104666671875 0.07369767499999999 0.6133968999999999 0.3505534890625 0.6182790703125 0.3754558140625 0.6339038765625 0.3608069765625 0.64562325625 0.3608069765625 0.6602713171875 0.39742790625 0.654412403125 0.4589511625 0.66222480625 0.5175441859375 0.66222480625 0.623013953125 0.7198418609375 0.6215488375 0.7882015499999999 0.6391279062499999 0.825310078125 0.6596348843750001 0.826286821875 0.778288371875 0.8477705421874999 0.7987953484375 0.8516775187500001 0.8398116281249999 0.8653488375 0.8603186046875001 0.8702325578125001 0.9028 0.8966 0.886686046875 0.890739534375 0.7460604656250001 0.9073410859375001 0.7445953484375 0.91222480625 0.7548488375 0.9141782953125 0.901334884375 0.9376155031250001 0.9364906984375001 0.9415209296875 0.965788371875 0.9539178296875 0.9790697671874999 0.9552294578125 0.9790697671874999 0.9571457359375 0.9071930234375 0.975700775 0.9028 1 0.9130046515625001 1 0.0019209296875000001
4 0.48038294531250003 0.99767441875 0.48992248125 0.9973511625 0.48992248125 0.9969093015625001 0.41213643437499997 0.8977302328125001 0.40920620156250004 0.8435325578124999 0.2170542640625 0.98252558125 0.2170542640625 0.983497675 0.2211054265625 0.99767441875 0.48038294531250003 0.99767441875
4 0.0010837203125 0 0.000110078125 0.112460465625 0.02452403125 0.11685581406250001 0.0294062015625 0.13882790625000002 0.0274542640625 0.18277209375 0.000110078125 0.185702325 0.000110078125 0.3673418609375 0.02647751875 0.371737209375 0.0294062015625 0.3907813953125 0.0225705421875 0.4068930234375 0.000110078125 0.40542790625 0.000110078125 0.7 0.0153441859375 0.7 0.378038759375 0.6119720937500001 0.38585271250000003 0.6090418609375 0.400500775 0.5782813953125 0.3985472875 0.510897675 0.3878046515625 0.48892558125 0.344835659375 0.49185581406249995 0.33311782968750003 0.50357441875 0.3174930234375 0.5006441859375 0.3096806203125 0.48013488437499996 0.299914728125 0.48892558125 0.29600775156250003 0.4772069765625 0.292102325 0.5709558140625 0.1319457359375 0.5943930234375 0.1231565890625 0.5870697671875 0.125110078125 0.17984186093750001 0.12999224843749999 0.12564418593749999 0.29112558125 0.20328139531249997 0.29796124062499996 0.4713465109375 0.331164340625 0.465488371875 0.378038759375 0.47427674375000006 0.39171162812500004 0.46841627968750005 0.3985472875 0.45230465156250005 0.40310077499999997 0.431813953125 0.40310077499999997 0.4302581390625 0.343860465625 0.4171488375 0.3506961234375 0.401034884375 0.390734884375 0.396639534375 0.3887813953125 0.3028906984375 0.3799922484375 0.30142558125 0.37022635625 0.324862790625 0.35655503906249997 0.3277930234375 0.33604651093750004 0.29117209375 0.33604651093750004 0.2794534890625 0.3487426359375 0.26040930156250003 0.360462015625 0.2574790703125 0.383899225 0.29849534843750003 0.38682790625 0.2941 0.38682790625 0.1944906984375 0.081164340625 0.0084558140625 0.0642511625 0 0.0010837203125 0
4 0.4403472875 0.466502325 0.43552713125000003 0.5720930234375 0.44186046562500003 0.5720930234375 0.44186046562500003 0.5217093015625001 0.4403472875 0.466502325
4 0.42410852656250003 0.47300465156250004 0.43100775156250004 0.46783023281249997 0.43100775156250004 0.46212325625000006 0.42899069843750004 0.45103023281250004 0.425085271875 0.4598209296875 0.4055534890625 0.43052325625 0.3977410859375 0.43052325625 0.3909054265625 0.44077674375000003 0.3928589140625 0.5726139531250001 0.39536744218750003 0.5813953484375001 0.4045798453125 0.5813953484375001 0.4075069765625 0.5740790703124999 0.425085271875 0.5740790703124999 0.42996744218750005 0.56382325625 0.42996744218750005 0.49058139531249995 0.42410852656250003 0.4876511625 0.42410852656250003 0.47300465156250004
4 0.4031178296875 0.1845 0.3904217046875 0.1947534890625 0.3884682171875 0.2299093015625 0.39237519375 0.396902325 0.39754108593750004 0.4046511625 0.4088 0.4046511625 0.4226480625 0.3866488375 0.43241395312500003 0.395437209375 0.44511007812500003 0.373465115625 0.44511007812500003 0.20647209375000003 0.45736434062500003 0.2038465109375 0.45736434062500003 0.2003534890625 0.447062015625 0.17717674375 0.45487441874999995 0.12737209375 0.42460155000000005 0.099539534375 0.4040945734375 0.1566674421875 0.4050697671875 0.1698511625 0.42362480625 0.1801046515625 0.415812403125 0.20647209375000003 0.4197193796875 0.2504186046875 0.415812403125 0.3119418609375 0.42362480625 0.3207302328125 0.41874263593750005 0.3368441859375 0.40018759687500005 0.3295186046875 0.40604651093750005 0.2387 0.4031178296875 0.1845
4 1 0.0019209296875000001 0.4620294578125 0.0004558140625 0.43761550312499997 0.054653489062500005 0.4298031 0.089811628125 0.4698418609375 0.1176418609375 0.4864434109375 0.1425441859375 0.47667751875000003 0.183560465625 0.46300620156249994 0.206997675 0.46495813906250005 0.3681302328125 0.459099225 0.4941069765625 0.46300620156249994 0.5585604656250001 0.497186046875 0.5629558140625 0.5010914734374999 0.5395186046875 0.512810853125 0.5424465109375001 0.52257674375 0.5277999999999999 0.5382015499999999 0.5248697671875 0.5479658921875 0.568813953125 0.5469906984375 0.5409837203125 0.567497675 0.5160813953125001 0.5792170546875 0.57467441875 0.6065596906249999 0.5805325578125 0.6114434109375 0.5732093015624999 0.6094899218750001 0.48238837187500005 0.592888371875 0.48092325625 0.5870294578124999 0.448697675 0.512810853125 0.457486046875 0.50499845 0.4838534890625 0.49425581406249997 0.47359999999999997 0.492302325 0.43258372031250003 0.500114728125 0.4237953484375 0.492302325 0.417934884375 0.492302325 0.40035813906250006 0.500114728125 0.388639534375 0.492302325 0.3769209296875 0.4903488375 0.356411628125 0.49425581406249997 0.1659837203125 0.5089038765625 0.15572790625 0.512810853125 0.161588371875 0.5186697671875 0.1440093015625 0.6104666671875 0.07369767499999999 0.6153488375 0.3739906984375 0.6436697671875 0.3608069765625 0.6583178296875001 0.388639534375 0.6524589140625 0.43551395312499996 0.66222480625 0.5175441859375 0.66222480625 0.623013953125 0.7198418609375 0.6215488375 0.7882015499999999 0.6391279062499999 0.825310078125 0.6596348843750001 0.826286821875 0.778288371875 0.843865115625 0.7900069765625 0.8516775187500001 0.8134441859375 0.8516775187500001 0.8427395343749999 0.8653488375 0.8603186046875001 0.8702325578125001 0.9028 0.8966 0.8896162796875 0.890739534375 0.7460604656250001 0.9073410859375001 0.7445953484375 0.91222480625 0.7607093015624999 0.91222480625 0.8954744187499999 0.9376155031250001 0.9364906984375001 0.9434744187499999 0.9775069765625 0.9497286828125 0.9790697671874999 0.9552294578125 0.9790697671874999 0.9571457359375 0.9071930234375 0.975700775 0.9028 1 0.9130046515625001 1 0.0019209296875000001
4 0.3354217046875 0.2860209296875 0.359911628125 0.3255813953125 0.361889921875 0.3255813953125 0.3798449609375 0.3013418609375 0.3798449609375 0.29980232500000004 0.3559286828125 0.258188371875 0.3354217046875 0.2860209296875
4 0.4671085265625 0.1953488375 0.4852713171875 0.1463093015625 0.4852713171875 0.1437325578125 0.46928372031250004 0.1197511625 0.46244651093750005 0.12414418593750001 0.44877519374999997 0.1680906984375 0.44877519374999997 0.1768790703125 0.4646062015625 0.1953488375 0.4671085265625 0.1953488375
