4 0.61602790625 0 0.421584496875 0.11083255781250001 0.4206077515625 0.1240162796875 0.43135038750000004 0.1313418609375 0.45576434062500004 0.1767511625 0.4489286828125 0.1957930234375 0.4411162796875 0.1957930234375 0.42353798437499995 0.16942790624999998 0.41084186093749997 0.214837209375 0.40009922500000006 0.21630232500000002 0.393263565625 0.17382092968750001 0.378615503125 0.16942790624999998 0.3737333328125 0.1474534890625 0.3629906984375 0.14306046562500002 0.26142790625 0.19872325625 0.237013953125 0.22948604687500002 0.3715209296875 0.3209302328125 0.385640309375 0.3209302328125 0.3952170546875 0.3203046515625 0.41572558125 0.31005116250000003 0.421584496875 0.2983325578125 0.4450217046875 0.2983325578125 0.45088062031250004 0.31005116250000003 0.4645534890625 0.31005116250000003 0.60322480625 0.27489534843749996 0.6188496125 0.25731627968750004 0.6540062015625 0.25731627968750004 0.6696310078125001 0.24852790625 0.6852558140625 0.254388371875 0.7848651156249999 0.2338790703125 0.88992248125 0.0097906984375 0.88992248125 0.0047465109375 0.8867581390625 0 0.61602790625 0
4 0.00023720937500000002 0.001339534375 0.0031674421875 0.087765115625 0.1535581390625 0.178586046875 0.164300775 0.188839534375 0.17113643437499998 0.21666976718750003 0.1830170546875 0.22558139531250002 0.20612403124999998 0.22558139531250002 0.264886821875 0.2137418609375 0.2687922484375 0.196162790625 0.3000418609375 0.1756558140625 0.5891054265625 0.023311628125 0.6108527125000001 0.002037209375 0.6108527125000001 0.001339534375 0.00023720937500000002 0.001339534375
4 0.0020139531249999997 0.8232558140625 0.00407751875 0.8232558140625 0.1367829453125 0.7540186046875 0.12018139531250001 0.74962325625 0.0791658921875 0.7730627906249999 0.0488914734375 0.7774558140625001 0.0498682171875 0.5269674421875 0.1846341078125 0.5181790703125 0.1895162796875 0.531362790625 0.1895162796875 0.7130023249999999 0.1826806203125 0.726186046875 0.14947751874999998 0.7379046515625001 0.140688371875 0.751088371875 0.23248527187499998 0.71007441875 0.234438759375 0.6690581390625 0.2471333328125 0.6763813953125 0.25787596874999996 0.6602697671875 0.2617829453125 0.5518697671874999 0.28326666718750004 0.5430813953125 0.28326666718750004 0.376088371875 0.296937984375 0.329213953125 0.30377519375 0.3248186046875 0.31158759687500004 0.336537209375 0.3162790703125 0.318239534375 0.3162790703125 0.3172534890625 0.30377519375 0.3013813953125 0.23736899218750002 0.2691558140625 0.23248527187499998 0.232534884375 0.22369612343749998 0.2252093015625 0.1826806203125 0.2310697671875 0.16412558125 0.21202558124999998 0.1592434109375 0.18712325624999998 0.0049457359375 0.0904441859375 0.000063565625 0.0919093015625 0.001040309375 0.210562790625 0.25787596874999996 0.3174953484375 0.2617829453125 0.4815581390625 0.001040309375 0.48302325625 0.0020139531249999997 0.8232558140625
4 0.35905426406249996 0.36820465156250004 0.351810853125 0.37906976718749996 0.361139534375 0.37906976718749996 0.3658914734375 0.3481790703125 0.3658914734375 0.34132558125 0.32487441875 0.319865115625 0.3258511625 0.3476953484375 0.334640309375 0.3579511625 0.3424527125 0.3462302328125 0.35905426406249996 0.36820465156250004
4 0.4104 0.4553488375 0.387939534375 0.456813953125 0.385010853125 0.446560465625 0.3831085265625 0.509302325 0.41629767500000003 0.509302325 0.4201550390625 0.3328209296875 0.4201550390625 0.332302325 0.36840930156249996 0.33669534843750004 0.370361240625 0.3747813953125 0.41235348906249997 0.385034884375 0.4104 0.4553488375
4 0.686784496875 0.583 0.7024093015624999 0.5624930234375001 0.7317069765624999 0.574211628125 0.749285271875 0.5390558140625 0.7854170546875 0.5082930234374999 0.7860465109375 0.333739534375 0.7860465109375 0.237362790625 0.6926434109375 0.25487674375 0.656511628125 0.2797790703125 0.6613937984375 0.386711628125 0.6662775187500001 0.3559511625 0.673113178125 0.34862558125 0.72682325625 0.34716046562499997 0.7238945734375 0.45702558125000003 0.6672527125000001 0.45702558125000003 0.66432403125 0.39989534843749996 0.658465115625 0.40282558125 0.656511628125 0.5698186046875 0.6624093015625 0.5837209296875 0.67862635625 0.5837209296875 0.686784496875 0.583
4 0.793265115625 0.5046511625 0.804212403125 0.5046511625 0.8601162796875 0.4983930234375 0.887460465625 0.48667441875 0.90077519375 0.466702325 0.90077519375 0.45728372031250003 0.8845302328125 0.4529837203125 0.8845302328125 0.35337441875 0.8757410859375 0.3431186046875 0.8405860468749999 0.3665581390625 0.835702325 0.3592325578125 0.8337503875 0.2127488375 0.857187596875 0.168802325 0.8464449609375 0.149760465625 0.8405860468749999 0.1614790703125 0.8366790703125 0.14683023281250002 0.8239844968750001 0.160013953125 0.78882790625 0.23618604687500003 0.78687441875 0.4998581390625 0.793265115625 0.5046511625
4 1 0.3894674421875 0.999102325 0.0002697671875 0.895586046875 0.0061279062500000005 0.8203906984374999 0.17458604687499998 0.8233209296874999 0.1965581390625 0.8291798453125001 0.1877697671875 0.8389457359374999 0.1965581390625 0.9248837203125 0.0471441859375 0.9405085265625001 0.026637209375 0.9571100781249999 0.028100000000000003 0.9551565890625 0.2800534890625 0.8682434109375 0.34597209375000004 0.85652403125 0.36355116249999997 0.8379689921875 0.37087441875 0.8731255812500001 0.37673488437499997 0.8731255812500001 0.4177488375 0.8526170546875 0.42507441874999996 0.8516418609375 0.44118604687499996 0.8360155031250001 0.44997674375 0.8379689921875 0.46169534843750004 0.8428527125 0.45730000000000004 0.83992248125 0.46462558125 0.8448046515625001 0.466088371875 0.848711628125 0.45730000000000004 0.848711628125 0.466088371875 0.884889921875 0.48139534843750004 0.887500775 0.48139534843750004 0.9033984500000001 0.463160465625 0.91902480625 0.463160465625 0.9385550390624999 0.43093255781249995 0.9698046515625001 0.433862790625 1 0.423634884375 1 0.3894674421875
4 0.444961240625 0.5751581390625 0.41742325625000004 0.570886046875 0.41644651093749996 0.610437209375 0.42425891406250005 0.63387441875 0.4303162796875 0.6348837203125 0.44195969062499996 0.6348837203125 0.444961240625 0.5876093015625 0.444961240625 0.5751581390625
4 0 0.8789395343749999 0.0008325578125 0.99767441875 0.170110078125 0.99767441875 0.523297675 0.9966837203125 0.5291565890625 0.8736372093749999 0.54087596875 0.8326209296875 0.5565007750000001 0.8150441859375 0.5838449609375 0.741802325 0.5875969000000001 0.7001488375 0.5875969000000001 0.6873674421875 0.40513333281249997 0.6495162796875 0.3875550390625 0.67002325625 0.344586046875 0.6729534890625 0.3094310078125 0.7022511625 0.282086821875 0.7081093015625 0.2723209296875 0.71982790625 0.24497674374999998 0.7139697671875 0.23521085312499998 0.7344767437499999 0 0.858913953125 0 0.8789395343749999
