4 0.117013953125 0.03032558125 0.1531457359375 0.0581581390625 0.23517674375 0.11382092968749999 0.2508031 0.11382092968749999 0.26837984531250003 0.13140000000000002 0.3250217046875 0.15190697656250002 0.36551007812499997 0.1837209296875 0.38128682187499996 0.1837209296875 0.42853643437500005 0.1489790703125 0.5860465109375 0.0025813953125 0.5860465109375 0.00102790625 0.117013953125 0.00102790625 0.117013953125 0.03032558125
4 0.7550914734374999 0 0.754114728125 0.991339534375 0.89557364375 0.9930232562500001 1 0.9930232562500001 1 0.45243255781249997 0.9923968999999999 0.45813720937499997 0.996302325 0.4698558140625 0.9904434109375 0.48157441875 0.9923968999999999 0.5138 0.987513178125 0.5240534890624999 0.9777472875000001 0.5181953484374999 0.971888371875 0.5269837203125001 0.9670062015625 0.4786441859375 0.9533333328125 0.47278372031250004 0.9611457359375001 0.461065115625 0.93282635625 0.44495348906250004 0.9181782953125 0.4259093015625 0.9289193796875 0.41272558125 0.9006000000000001 0.40247209375 0.9601705421875 0.39514883749999996 0.963099225 0.3907534890625 0.9533333328125 0.379034884375 0.968959690625 0.3702465109375 0.9670062015625 0.32923023281249997 0.9826310078124999 0.31165116249999997 0.9640759687499999 0.301397675 0.9113410859375 0.31897674375 0.9045054265625 0.31165116249999997 0.9045054265625 0.26770697656250003 0.9093891468749999 0.2574534890625 0.946497675 0.24573488437500002 0.96212248125 0.24573488437500002 0.9640759687499999 0.2574534890625 0.971888371875 0.2574534890625 0.968959690625 0.247197675 0.985561240625 0.234013953125 0.987513178125 0.2222953484375 0.99532558125 0.23987441875 1 0.23566744218750002 1 0.0040302328125 0.77517209375 0 0.7550914734374999 0
4 0.8953658921875001 0.38654651093750003 0.8719286828125 0.3836162796875 0.8670449609374999 0.3938697671875 0.8729038765625001 0.402660465625 0.863139534375 0.43195581406250005 0.8670449609374999 0.44367441875 0.863139534375 0.481760465625 0.8709519374999999 0.49347907031249993 0.8670449609374999 0.5022697671875 0.8709519374999999 0.5257069765625 0.8846232562499999 0.5403558140625 0.8836465109375 0.57697674375 0.909037209375 0.5886953484374999 0.9207565890625 0.6092023249999999 0.93247441875 0.6092023249999999 0.9402868218749999 0.632639534375 0.9832558140625001 0.632639534375 0.9867844968749999 0.651162790625 0.9984496125 0.651162790625 0.9984496125 0.43554418593750005 0.9969286828125 0.20197674375000002 0.981302325 0.2371325578125 0.9754434109375 0.2429906984375 0.96372558125 0.2371325578125 0.9620186046875 0.23481395312500003 0.9627488375000001 0.262034884375 0.9666542640625 0.2913302328125 0.9598186046875 0.30451395312499996 0.9051317828125001 0.31916279062499997 0.8709519374999999 0.36164418593750003 0.86997519375 0.37482790625 0.9002480625 0.3792209296875 0.8953658921875001 0.38654651093750003
4 0.5519488375 0.1292186046875 0.556589146875 0.12225813906250001 0.556589146875 0.11244883750000001 0.55487751875 0.04572325625 0.546088371875 0.0442581390625 0.421088371875 0.155586046875 0.4083937984375 0.1687697671875 0.4074170546875 0.18781162812500002 0.405463565625 0.173162790625 0.3976511625 0.17902325624999998 0.40058139531250003 0.2009953484375 0.3927689921875 0.2156441859375 0.4074170546875 0.21124883749999998 0.41132403125000006 0.2229674421875 0.4130465109375 0.2232558140625 0.42174263593749994 0.2232558140625 0.5519488375 0.1292186046875
4 0.682438759375 0 0.6815410859375 0.025581395312499998 0.69027441875 0.025581395312499998 0.7209302328125 0.002588371875 0.7209302328125 0.0013697671875 0.683463565625 0 0.682438759375 0
4 0.5547069765625 0.044560465625000004 0.542012403125 0.04602558125 0.4052930234375 0.16907209375 0.3984573640625 0.17932558125 0.4062697671875 0.1910441859375 0.4062697671875 0.2056930234375 0.417989146875 0.2115511625 0.4153085265625 0.22093023281250002 0.41914418593749997 0.22093023281250002 0.4218945734375 0.2203418609375 0.55177674375 0.1280558140625 0.556589146875 0.120837209375 0.556589146875 0.1179558140625 0.5547069765625 0.044560465625000004
4 0.748837209375 0.001634884375 0.7215410859375 0.00022325625000000002 0.4441969 0.2082325578125 0.424665115625 0.2140906984375 0.41587596875 0.23020465156249997 0.41392403125 0.2624302328125 0.41392403125 0.4645790703125 0.4260294578125 0.4697674421875 0.4282666671875 0.4697674421875 0.43931317812500004 0.4587209296875 0.44126666718749996 0.44114186093749996 0.44224341093749997 0.2492465109375 0.7449782953125 0.07053720937499999 0.748837209375 0.0647465109375 0.748837209375 0.001634884375
4 0.382761240625 0.9241441859374999 0.37787751875 0.9549046515624999 0.327097675 0.957834884375 0.321237209375 0.9168186046875 0.31440155000000003 0.9241441859374999 0.31342480625 0.9549046515624999 0.30463565937500003 0.9534418609375 0.2978 0.9256093015625 0.290964340625 0.930002325 0.290964340625 0.9534418609375 0.2841286828125 0.9549046515624999 0.2792449609375 0.9153558140625 0.2645969 0.9138906984374999 0.25287751875 0.9549046515624999 0.2392062015625 0.957834884375 0.195260465625 0.9973860468750001 0.25132248125 0.99767441875 0.6784821703125 0.99767441875 0.68992248125 0.994813953125 0.68992248125 0.99282325625 0.6669410859375 0.9666232562499999 0.5145969 0.8552953484374999 0.477486821875 0.9080302328125001 0.46869922500000005 0.9094953484375001 0.48627596874999995 0.9387930234375 0.479440309375 0.9549046515624999 0.46088527187499995 0.950511628125 0.478463565625 0.9417209296875001 0.46186201562500007 0.9256093015625 0.452097675 0.9549046515624999 0.4091286828125 0.957834884375 0.398386046875 0.9446511624999999 0.3954558140625 0.9168186046875 0.382761240625 0.9241441859374999
4 0.43431627968750003 0.9003232562499999 0.4396341078125 0.9162790703124999 0.4470325578125 0.9162790703124999 0.448062015625 0.9085534890625 0.448062015625 0.8999558140625 0.43236279062499994 0.8680953484374999 0.39622945781249996 0.869560465625 0.40013643437499996 0.8373348843749999 0.3893937984375 0.8182906984375 0.284902325 0.8988581390625001 0.2858790703125 0.9061813953125 0.32103410781249997 0.9003232562499999 0.3352186046875 0.9162790703124999 0.3379565890625 0.9162790703124999 0.3483782953125 0.9032511624999999 0.369862015625 0.9120418609375 0.37962790625 0.9032511624999999 0.399159690625 0.909111628125 0.43431627968750003 0.9003232562499999
4 0.3015674421875 0.555813953125 0.3392310078125 0.5506790703125 0.3489969 0.5155209296875001 0.358762790625 0.527239534375 0.3841534890625 0.5184511625 0.38805891406250004 0.5506790703125 0.41240309999999997 0.5478697671874999 0.41240309999999997 0.44373720937499994 0.2611069765625 0.4276302328125 0.25622325625000003 0.4525325578125 0.25817674375 0.55507209375 0.261637209375 0.555813953125 0.2754961234375 0.555813953125 0.28161395312500004 0.5521418609375 0.2855209296875 0.4789 0.309934884375 0.45692790624999996 0.329465115625 0.4657162796875 0.33825426406250003 0.49061860468749996 0.313840309375 0.4657162796875 0.29333333281249996 0.48183023281250004 0.29623410781250004 0.555813953125 0.3015674421875 0.555813953125
4 0.1627906984375 0.41039534843750003 0.1627906984375 0.40619767500000004 0.09682790625 0.39455813906250004 0.0382341078125 0.388697675 0.03432713125 0.42678372031249995 0.0001472875 0.42531860468750005 0.00112403125 0.43850232499999997 0.024561240625 0.4414325578125 0.03432713125 0.4326441859375 0.06557674375 0.43850232499999997 0.0772961234375 0.42678372031249995 0.0929209296875 0.42678372031249995 0.110499225 0.4502209296875 0.1412511625 0.45116279062500003 0.1584077515625 0.45116279062500003 0.1627906984375 0.41039534843750003
