4 0.7529302328125 0 0.7636713171875 0.0131837203125 0.76562480625 0.0278325578125 0.7451178296875 0.052734884375 0.7187503875 0.0395511625 0.7373054265625 0 0.07617209375 0.001465115625 0.10937519375 0.07177674375000001 0.13378914687500001 0.0996093015625 0.2373054265625 0.117188371875 0.4736325578125 0.181639534375 0.5751953484375 0.19628837187499998 0.6787116281250001 0.193360465625 0.708984496875 0.20068372031249998 0.74902325625 0.193360465625 0.7998046515625 0.164062790625 0.9013674421875001 0.079102325 0.9990232562499999 0.0175790703125 1 0.0043953484375 0.9033209296875 0 0.8798821703125 0.052734884375 0.84472713125 0.061523256250000005 0.8339844968750001 0.0454093015625 0.835937984375 0.0336906984375 0.868164340625 0 0.7529302328125 0
4 0.8691410859375001 0.657713953125 0.8632806203125 0.5258790703125 0.8691410859375001 0.344237209375 0.8955085265625 0.30175813906250004 0.9501953484375001 0.2695302328125 1 0.2563465109375 0.9990232562499999 0.023437209375 0.9189457359375 0.0732418609375 0.8720697671875 0.117188371875 0.7314449609375 0.21386744218749998 0.68652403125 0.1992186046875 0.6591798453125 0.1992186046875 0.6376945734375 0.210937209375 0.586914728125 0.20800697656249997 0.4189457359375 0.1757813953125 0.23339845 0.12011627968750001 0.1464837203125 0.1069325578125 0.1845705421875 0.134765115625 0.2001953484375 0.158202325 0.2470697671875 0.1669930234375 0.2636713171875 0.19482325625000002 0.2636713171875 0.2153325578125 0.2773441859375 0.2563465109375 0.2792961234375 0.8540046515625 0.2841798453125 0.8642581390625 0.3095705421875 0.858397675 0.3251953484375 0.8408209296875 0.3330077515625 0.8437511625 0.3437503875 0.8305674421875 0.3408201546875 0.820311628125 0.35937519375 0.8159186046875 0.3613286828125 0.7309581390625 0.3554682171875 0.72802790625 0.3535162796875 0.7045906984375 0.35937519375 0.6606441859375 0.3476558140625 0.654786046875 0.3437503875 0.5903325578125 0.3144527125 0.58447209375 0.312500775 0.4584953484375 0.32128837187500003 0.4482418609375 0.3457038765625 0.44677674375 0.3535162796875 0.41748139531249995 0.351562790625 0.2944325578125 0.37402325625 0.290039534375 0.6220697671875 0.3251953484375 0.62597674375 0.568360465625 0.758789146875 0.5595697671875 0.84472713125 0.5742186046875 0.8476558140625 0.58447209375 0.84277364375 0.591797675 0.8154294578125001 0.59472558125 0.8066403093750001 0.6049813953125 0.7929689921875 0.72802790625 0.8085937984375 0.8393558140625 0.829102325 0.8642581390625 0.8535162796875 0.8715813953125 0.8720697671875 0.867188371875 0.875 0.8540046515625 0.8671875968749999 0.827637209375 0.8691410859375001 0.657713953125
4 0.0107426359375 0 0.007812403125000001 0.4086906984375 0.0507813953125 0.4204093015625 0.0507813953125 0.1772465109375 0.0966790703125 0.17871162812500002 0.0937503875 0.11865348906249999 0.1123054265625 0.11132790625 0.11523410781250001 0.10107441875 0.06152403125 0 0.0107426359375 0
4 0.960937984375 0.3090813953125 0.962889921875 0.46435581406250004 0.9814449609375 0.46582092968750005 0.9902341078125 0.48193255781250005 0.9833984499999999 0.4951162796875 0.9648434109374999 0.4965813953125 0.960937984375 0.531737209375 0.9589844968750001 0.7983395343749999 0.9619147281249999 0.820311628125 0.976562790625 0.8217767437499999 1 0.812988371875 0.9990232562499999 0.26074186093749996 0.9355472875 0.28857441875 0.960937984375 0.3090813953125
4 0.70117209375 0.8305674421875 0.7148434109374999 0.8305674421875 0.727539534375 0.829102325 0.7285162796875 0.8188465109375 0.704102325 0.7998046515625 0.70117209375 0.8305674421875
4 0.70312558125 0.7778325578125 0.7246093015625 0.7778325578125 0.7304682171875 0.774902325 0.7304682171875 0.7075186046875 0.71777364375 0.697265115625 0.70312558125 0.7778325578125
4 0.7021488375 0.5976558140625 0.70117209375 0.6606441859375 0.7167969000000001 0.6606441859375 0.7304682171875 0.654786046875 0.7304682171875 0.6167 0.71972713125 0.5976558140625 0.7021488375 0.5976558140625
4 0.670897675 0.63867209375 0.687500775 0.6665046515624999 0.68652403125 0.5976558140625 0.6269534890624999 0.593262790625 0.6279302328125 0.6210930234375 0.670897675 0.63867209375
4 0.8847658921875 0.874511628125 0.868164340625 0.881834884375 0.8466790703125 0.884765115625 0.8115240312499999 0.86132790625 0.8183596906249999 0.9096674421875001 0.8134759687500001 0.9199209296875 0.802734884375 0.912597675 0.7939457359375 0.867188371875 0.790038759375 0.8730465109375001 0.758789146875 0.867188371875 0.7548821703125 0.9462883718749999 0.742187596875 0.9360348843749999 0.7402341078125 0.8657232562500001 0.725586046875 0.8320302328125001 0.709961240625 0.8349604656249999 0.6992186046875 0.8657232562500001 0.680663565625 0.8789069765624999 0.6757813953125 0.8657232562500001 0.677734884375 0.8334953484375 0.665038759375 0.8085930234375001 0.6591798453125 0.8085930234375001 0.6464837203125 0.8247069765624999 0.6445317828125 0.874511628125 0.6376945734375 0.8906255812499999 0.632812403125 0.8715813953125 0.6347658921875 0.8334953484375 0.625 0.8393558140625 0.6210930234375 0.8012697671875 0.6113286828125 0.7983395343749999 0.6054682171875 0.8334953484375 0.5986325578125 0.8378906984375 0.5976558140625 0.812988371875 0.585937984375 0.7924813953125 0.5937503875 0.7690418609375 0.5644527125 0.725097675 0.562500775 0.6079093015625 0.49316434062500003 0.5888674421875 0.4804682171875 0.6020511625 0.4736325578125 0.6562511625 0.4667969 0.6459953484375001 0.461914728125 0.600586046875 0.45410232500000003 0.6269534890624999 0.446288371875 0.5976558140625 0.43847596875 0.6064441859375 0.430663565625 0.5888674421875 0.41503875937499995 0.591797675 0.4082031 0.6079093015625 0.4062496125 0.6518558140625 0.399413953125 0.6533209296875 0.3808589140625 0.5991209296875 0.375 0.5961906984375 0.37304651093749996 0.827637209375 0.3789069765625 0.8393558140625 0.3408201546875 0.86132790625 0.28027286875 0.8759767437500001 0.2714837203125 0.9565418609374999 0.25195348906250004 0.9946279062500001 1 0.9975581390625001 0.9990232562499999 0.820311628125 0.8896480625000001 0.8437511625 0.8828124031250001 0.8481441859375 0.8847658921875 0.874511628125
4 0.37304651093749996 0.326660465625 0.37597674375 0.41601627968750005 0.556640309375 0.42919999999999997 0.5644527125 0.423339534375 0.5644527125 0.3793953484375 0.5888666671875 0.3486325578125 0.37304651093749996 0.326660465625
4 0.37597674375 0.41601627968750005 0.37304651093749996 0.46435581406250004 0.3886713171875 0.48779302343750003 0.3925782953125 0.5346674421875 0.4023441859375 0.5346674421875 0.40917984531249996 0.51562558125 0.431640309375 0.5141604656250001 0.431640309375 0.4204093015625 0.37597674375 0.41601627968750005
4 0.43359379843749996 0.5112302328125 0.444336434375 0.51562558125 0.45214883749999996 0.5361325578125 0.4687503875 0.537597675 0.4687503875 0.42626976718750004 0.4404294578125 0.4248046515625 0.43359379843749996 0.43212790625 0.43359379843749996 0.5112302328125
