4 0.5249503875 0 0.35137519375 0.0011581390625 0.5359457359375 0.075865115625 0.5896558140625 0.1564302328125 0.5952031 0.1813953484375 0.6055286828125 0.1813953484375 0.8660232562499999 0.0934418609375 0.9984496125 0.058388371875 0.9984496125 0.0011511625 0.7182341078125 0 0.6433565890625 0 0.640437209375 0.083188371875 0.6277426359375 0.099302325 0.610164340625 0.105160465625 0.58672558125 0.105160465625 0.57207751875 0.0949069765625 0.5711038765625001 0 0.5249503875 0
4 0.959689921875 0.66197674375 0.959689921875 0.6535418609375 0.9422077515625 0.638360465625 0.92072248125 0.638360465625 0.89142635625 0.6237116281249999 0.8650589140625 0.5900186046875 0.8640821703125001 0.5563279062500001 0.6433782953125 0.48601627968749994 0.6375193796875 0.515311628125 0.6043162796875 0.5182418609375 0.59357364375 0.4992 0.5945503875 0.5592581390625 0.9411085265624999 0.744186046875 0.9439224812499999 0.744186046875 0.9490434109375 0.7365046515625 0.959689921875 0.66197674375
4 0.0010077515625 0 0.0000341078125 0.9953488374999999 0.08202325625 0.9953488374999999 0.08792248124999999 0.988711628125 0.1094062015625 0.801211628125 0.12307907031250001 0.8041418609375001 0.1250310078125 0.848086046875 0.14749302343749998 0.94037209375 0.158139534375 0.8692325578125001 0.158139534375 0.8681023250000001 0.126984496875 0.707460465625 0.0547193796875 0.2475 0.048860465625 0.19183720937499998 0.05667286875000001 0.1654697671875 0.043 0.021913953125 0.030337984374999998 0 0.0010077515625 0
4 0.937984496875 0.7949302328125001 0.937984496875 0.7849069765625 0.9342186046875 0.7702209296875 0.5924217046875 0.576862790625 0.514297675 0.6178790703125 0.492812403125 0.609088371875 0.37367286875 0.67647209375 0.352187596875 0.6911209296874999 0.3424217046875 0.7233465109375 0.180313178125 0.8229558140625001 0.17347751875 0.842 0.1695705421875 0.9914139531249999 0.17541395312500002 0.99767441875 0.7000976750000001 0.99767441875 0.898086821875 0.99727209375 0.937984496875 0.7949302328125001
4 0.49147286875 0.5367418609375 0.480089921875 0.53542790625 0.337511628125 0.5940209296875001 0.33848837187499997 0.6628697671875 0.3461085265625 0.6674418609375 0.3505457359375 0.6674418609375 0.49147286875 0.5883511625 0.49147286875 0.5367418609375
4 0.3028930234375 0.2615046515625 0.3263302328125 0.52517674375 0.3347565890625 0.5302325578125 0.33829612343750004 0.5302325578125 0.48837209374999996 0.47539767499999996 0.48837209374999996 0.474086046875 0.48355658906250004 0.38308604687500003 0.4601193796875 0.39187674375000003 0.4444945734375 0.4094534890625 0.42886976718750003 0.39187674375000003 0.39957364375000004 0.3948069765625 0.3878542640625 0.4182441859375 0.377111628125 0.4167790703125 0.3732062015625 0.39041162812499997 0.3732062015625 0.375762790625 0.38394728749999996 0.3713674421875 0.454260465625 0.3655093015625 0.4816046515625 0.374297675 0.48355658906250004 0.26883023281249996 0.3028930234375 0.2615046515625
4 0.5994558140625 0.30232558125 0.603289921875 0.22466744218749998 0.6140325578125 0.211486046875 0.9984496125 0.1148930234375 0.9984496125 0.0639441859375 0.5964542640625 0.1880465109375 0.5915705421874999 0.1924418609375 0.5915705421874999 0.2656837203125 0.5934496125 0.30232558125 0.5994558140625 0.30232558125
4 0.1783038765625 0.7813953484375 0.257364340625 0.7372674421875 0.257364340625 0.730713953125 0.24752713124999998 0.664986046875 0.1713550390625 0.7001418609375001 0.160613953125 0.71332558125 0.16647286875 0.7689906984375 0.173089921875 0.7813953484375 0.1783038765625 0.7813953484375
4 0.9590837203125 0.9953488374999999 0.9984496125 0.9953488374999999 0.9984496125 0.812439534375 0.9590837203125 0.9953488374999999
4 0.5749565890625 0.144186046875 0.5414542640625 0.08244883750000001 0.342235659375 0.00041627968750000005 0.0346186046875 0.0018813953125000002 0.05317364375 0.0179953484375 0.1664542640625 0.038502325 0.5708496125 0.144186046875 0.5749565890625 0.144186046875
