4 1 0.0013568625 0 0.0013568625 0.0009774015625 0.265717646875 0.122070621875 0.2982549015625 0.111327684375 0.2697843140625 0.11718644062500001 0.22369019531249998 0.16113276875 0.216913725 0.1816412421875 0.24809411718750002 0.1816412421875 0.277917646875 0.1523446328125 0.2968980390625 0.166991525 0.31723529375 0.289062146875 0.353839215625 0.416991525 0.3118117640625 0.5029293781249999 0.33621176406250003 0.9990225984375 0.203352940625 1 0.0013568625
4 0.104491525 0.5585490203125001 0.122070621875 0.54227843125 0.221680790625 0.5504117640625 0.23339830468749997 0.5341450984375 0.28027401093750004 0.5341450984375 0.2773446328125 0.3701058828125 0.2177740109375 0.3470588234375 0.190429378125 0.3606156859375 0.18261581875 0.3470588234375 0.1914067796875 0.3755294125 0.18652259843750002 0.4175568625 0.08886723125 0.4229764703125 0.11718644062500001 0.4351803921875 0.11621186406249999 0.4609372546875 0.11035028281249999 0.452803921875 0.10644632812499999 0.46636078437500006 0.10156214687500001 0.44602352968750003 0.10058474531249999 0.50432156875 0.09375141249999999 0.48127450937500005 0.09375141249999999 0.51380784375 0.10937570625 0.5246549015624999 0.0009774015625 0.51787843125 0 0.6005725484375 0.007813559375 0.6005725484375 0.0117175140625 0.5490588234375 0.02636723125 0.5341450984375 0.0869152546875 0.5341450984375 0.104491525 0.5585490203125001
4 0.138672315625 0.4378901953125 0.15625141250000002 0.4297568625 0.15331920937500002 0.4148431375 0.0478502828125 0.3958627453125 0.043946328125 0.3335019609375 0.1787118640625 0.3606156859375 0.19238418125 0.39044313750000004 0.20898305156250002 0.34299215625 0.0009774015625 0.2738509796875 0 0.6005725484375 0.009765537500000001 0.6005725484375 0.018553671875 0.5368549015624999 0.0927740109375 0.539568628125 0.125 0.4975411765625 0.138672315625 0.4378901953125
4 0.42285028281250003 0.31452156875 0.284180790625 0.36332549062499997 0.28711016875 0.5327882359375 0.29980508437500003 0.55583529375 0.3212881359375 0.55583529375 0.3417966109375 0.603286275 0.335937853125 0.679203921875 0.4414067796875 0.706317646875 0.435548021875 0.353839215625 0.4775395484375 0.3687490203125 0.47851694843750003 0.3457019609375 0.42285028281250003 0.31452156875
4 0.48535028281250003 0.3470588234375 0.4804689265625 0.3701058828125 0.4882824859375 0.679203921875 0.5117175140625 0.6846274515624999 0.5097655375000001 0.38095294062499996 0.5332033890625001 0.3619725484375 0.52636723125 0.33621176406250003 0.48535028281250003 0.3470588234375
4 0.721680790625 0.580239215625 0.940429378125 0.5748156859375 0.9560536718750001 0.6182000000000001 0.9775395484375 0.5883725484375 1 0.5843058828125 0.9990225984375 0.2060666671875 0.768553671875 0.2711411765625 0.7695310734375 0.3077450984375 0.7568361578125 0.31452156875 0.742186440625 0.3077450984375 0.7431638421875 0.2819843140625 0.7255847453125 0.2819843140625 0.5625 0.32943529374999997 0.5605480218750001 0.3565490203125 0.58886723125 0.35519215625 0.5917966109374999 0.3728156859375 0.5957033890625001 0.7008980390625 0.64062429375 0.709031371875 0.6396497171875 0.6642941171875 0.7246101687500001 0.6466666671875 0.7128898312499999 0.6005725484375 0.721680790625 0.580239215625
4 0.10644632812499999 0.8513803921875001 0.09375141249999999 0.8662901953125001 0.1054689265625 0.871713725 0.10644632812499999 0.8513803921875001
4 0.1757824859375 0.8391764703125 0.20312429375000002 0.8256196078125001 0.17285028281249998 0.8215529406250001 0.16601694843749998 0.833752940625 0.1757824859375 0.8391764703125
4 0 0.9150980390625 0.009765537500000001 0.9150980390625 0.0449209046875 0.893403921875 0.034180790625 0.8432431375 0 0.8473098046875001 0 0.9150980390625
4 0.757813559375 0.9422117640625001 0.7773446328125 0.993725490625 0.8457033890625001 0.9964392156249999 0.8222655375000001 0.820196078125 0.706053671875 0.7863058828125 0.7617175140625 0.893403921875 0.757813559375 0.9422117640625001
4 0.43261581875 0.7130980390625 0.3349604515625 0.6859843140625 0.2929689265625 0.7144549015625 0.293946328125 0.7727490203125 0.2773446328125 0.7252980390625 0.263672315625 0.7252980390625 0.236327684375 0.8554470593750001 0.2207033890625 0.871713725 0.221680790625 0.9977960781249999 0.5527344624999999 0.9964392156249999 0.5527344624999999 0.73072156875 0.5869152546875 0.707674509375 0.4892570625 0.6859843140625 0.43261581875 0.7130980390625
