4 0.8248587578125001 0.0039803921875 0.8248587578125001 0.0011176468749999999 0.15886440625 0.0011176468749999999 0.255172315625 0.1294117640625 0.7383107343749999 0.1294117640625 0.8248587578125001 0.0039803921875
4 1 0.0043294125 0.8375593218749999 0.00027843124999999997 0.8082627125 0.024682353125 0.7399039546874999 0.1304274515625 0.57388700625 0.13313725468749998 0.2457627125 0.1304274515625 0.1559180796875 0.0057019609375 0.014316384375 0.009768628125000001 0.010412429687499999 0.061286275 0.0211525421875 0.1006 0.10513841875 0.1006 0.295567796875 0.2890431375 0.290683615625 0.3066666671875 0.248692090625 0.3161568625 0.25162146875 0.379874509375 0.37786158125 0.38039215625 0.6175169484375 0.38039215625 0.75162146875 0.37716470625 0.9977146890625 0.2741294125 1 0.0637882359375 1 0.0043294125
4 0.24011299375 0.37254902031250003 0.24011299375 0.3631764703125 0.2307401125 0.283913725 0.01687288125 0.1280117640625 0.007107345312500001 0.195796078125 0.013943503125000001 0.283913725 0.2359745765625 0.37254902031250003 0.24011299375 0.37254902031250003
4 0.197432203125 0.4270705875 0.22672881406249998 0.437917646875 0.2325875703125 0.41622745156249996 0.238446328125 0.437917646875 0.242937853125 0.4031803921875 0.242937853125 0.3840627453125 0.0216497171875 0.29150196093749997 0.005048021875 0.463674509375 0.0133474578125 0.4705882359375 0.015302259374999998 0.4705882359375 0.019697740624999998 0.45960784375 0.025556496875 0.4704549015625 0.0763361578125 0.46232156875 0.0782909609375 0.41080392187500003 0.12125988750000001 0.421647059375 0.12711864374999998 0.46232156875 0.14079096093750001 0.4324941171875 0.1720395484375 0.4324941171875 0.181805084375 0.4677411765625 0.197432203125 0.4270705875
4 0.0012429375 0.4985490203125 0.0002824859375 0.61176470625 0.014474576562499999 0.61176470625 0.0932203390625 0.586917646875 0.0932203390625 0.5862588234375 0.0598361578125 0.5690431375 0.0012429375 0.4985490203125
4 0.11950000000000001 0.5803921562500001 0.1607570625 0.5413411765625 0.2027485875 0.4261058828125 0.2115395484375 0.4627098046875 0.19591525468749998 0.4708431375 0.152946328125 0.57387843125 0.242937853125 0.5472980390625 0.242937853125 0.39899215625 0.2427881359375 0.38679215624999996 0.1207175140625 0.33934117656249996 0.11192937812499999 0.35967843125 0.1256016953125 0.39492549062500004 0.11192937812499999 0.4139058828125 0.12169491562500001 0.422039215625 0.1187655375 0.461352940625 0.0191553671875 0.4559333328125 0.014274010937500001 0.28918039218749997 0.0015790953125 0.28240392187499996 0.0006016953125 0.47626666718750005 0.06017231562499999 0.5562549015625 0.11416666718749999 0.5803921562500001 0.11950000000000001 0.5803921562500001
4 0.527675140625 0.548 0.558923728125 0.5154627453125 0.5725960453125001 0.5154627453125 0.5882203390625 0.5452901953125 0.714197740625 0.546647059375 0.7401129937500001 0.5415058828125 0.7401129937500001 0.46385490156250003 0.73861299375 0.38260392187500003 0.2474011296875 0.38667450937500003 0.2503305078125 0.548 0.527675140625 0.548
4 1 0.6090431374999999 0.9990677968749999 0.276352940625 0.7656694921875 0.3780274515625 0.77250565 0.41192156874999997 0.7783644062499999 0.401074509375 0.7842231640625 0.414631371875 0.8125451984375 0.41598823593749995 0.8125451984375 0.4729294125 0.7842231640625 0.47970588281250004 0.76762146875 0.5108862750000001 0.7812937859375 0.5217333328125 0.7842231640625 0.5556274515624999 0.983940678125 0.61960784375 1 0.61960784375 1 0.6090431374999999
4 0.7730903953125 0.5027294125 0.7809039546875 0.48103921562499996 0.7555113 0.47019215625 0.7574661015624999 0.44307843125 0.77113559375 0.44579215625 0.7672316390625 0.3834274515625 0.75062994375 0.379360784375 0.7418389828125 0.4105411765625 0.7437937859375 0.5379803921875 0.7807457624999999 0.5529411765625001 0.7881355937500001 0.5529411765625001 0.7881355937500001 0.5491450984374999 0.7730903953125 0.5027294125
4 0.6929689265625 0.99607843125 0.6977401125 0.9911098046875001 0.6977401125 0.9893176468749999 0.6755875703124999 0.8836901953125 0.3318389828125 0.8972470593749999 0.3259774015625 0.851152940625 0.260548021875 0.9907882359375 0.539923728125 0.99607843125 0.6929689265625 0.99607843125
