4 0.3060434109375 0 0.000286821875 0.00117209375 0.000286821875 0.0685558140625 0.005168992187500001 0.0729511625 0.38019845 0.260465115625 0.38282325625 0.260465115625 0.375286821875 0.2209 0.3791922484375 0.1769534890625 0.38700465156249997 0.14472790625 0.42216124062500004 0.10371162812500001 0.42325581406249996 0.08072558125 0.42325581406249996 0.06243953437500001 0.399700775 0.05537209375 0.38700465156249997 0.0334 0.38216434062500004 0 0.3060434109375 0
4 0.47962325625 0 0.48252713125 0.027586046875 0.4766666671875 0.042234884375 0.46787751875000005 0.0583465109375 0.4483472875 0.061276743749999994 0.43955813906249996 0.0803209296875 0.44737054218749994 0.121334884375 0.4844790703125 0.171139534375 0.48057364375 0.2707488375 0.4850511625 0.27209302343749997 0.4948790703125 0.27209302343749997 0.9053782953124999 0.128660465625 0.9376046515625 0.0012186046875 0.55667286875 0 0.47962325625 0
4 0 0.6550674421875 0.030015503125 0.6536162796875 0.028063565625 0.636037209375 0.0319689921875 0.641897675 0.043688371875 0.636037209375 0.044665115625 0.6521511624999999 0.0563829453125 0.660939534375 0.0641953484375 0.68437674375 0.0641953484375 0.7341813953125 0.070412403125 0.748837209375 0.08172403125 0.748837209375 0.08177364375 0.7488302328125 0.10618759687499998 0.73857674375 0.1100945734375 0.7268581390625 0.1335317828125 0.729788371875 0.15599224843749998 0.7166046515625 0.15599224843749998 0.48515813906250005 0.17747751875 0.450002325 0.182359690625 0.3840837203125 0.19212558125 0.395802325 0.19993798437500002 0.3811558140625 0.2057969 0.395802325 0.22337519375 0.3840837203125 0.22923410781250003 0.39287441875 0.2331410859375 0.3840837203125 0.2370480625 0.433888371875 0.2507193796875 0.416311628125 0.27025116250000003 0.41045116249999997 0.2897813953125 0.44853720937499997 0.31321860468749996 0.4426790703125 0.3386093015625 0.46318604687500003 0.4304062015625 0.4602558140625 0.43255813906249996 0.343002325 0.43255813906249996 0.300186046875 0.0012542640625000001 0.0767441859375 0.0007193796875 0.0767441859375 0 0.5025930234375 0 0.6550674421875
4 0.161240309375 0.7308488375 0.15129922499999998 0.7267813953125 0.0702449609375 0.7575441859375001 0.0907519375 0.791234884375 0.0995410859375 0.7927 0.159111628125 0.767797675 0.161240309375 0.7411883718750001 0.161240309375 0.7308488375
4 0.4341085265625 0.4595325578125 0.4502542640625 0.46046511562500003 0.48372092968749997 0.46046511562500003 0.48372092968749997 0.4530302328125 0.47272558125 0.3100930234375 0.4600310078125 0.28812092968749997 0.44049922500000005 0.2939813953125 0.4341085265625 0.30082790625 0.4341085265625 0.4595325578125
4 0.79680155 0.379439534375 0.79680155 0.42924418593749997 0.787037209375 0.46733023281249997 0.7948496125 0.5142046515625001 0.8134031 0.5391069765625 0.8231689921875001 0.5068790703125 0.8915286828125 0.512739534375 0.90422480625 0.5317813953125 0.9091069765625001 0.5713325578124999 0.9984496125 0.6477069765625 0.9984496125 0.3025534890625 0.9833255812499999 0.325239534375 0.9716062015625001 0.325239534375 0.9471922484374999 0.2915488375 0.943286821875 0.23881395312499998 0.9550046515625 0.1099069765625 0.9872325578125001 0.0557093015625 0.9984496125 0.049237209375 0.9984496125 0.0014697671875 0.9442635656249999 0.0000441859375 0.9139891468749999 0.11576744218749999 0.9032480625 0.13480930156249998 0.8134031 0.167037209375 0.8007085265624999 0.1831488375 0.8046155031250001 0.20072790624999998 0.79680155 0.2593209296875 0.8221922484374999 0.28568837187499996 0.8085209296875 0.356002325 0.803638759375 0.36332558125 0.7841069765625 0.357465115625 0.78117674375 0.3647906984375 0.7841069765625 0.3750441859375 0.79680155 0.379439534375
4 0.78362635625 0.2724302328125 0.806086821875 0.26217674375 0.8021813953124999 0.25338837187499996 0.8124031 0.173934884375 0.8124031 0.1700534890625 0.7562821703125 0.1874697671875 0.7533534890625 0.2094418609375 0.7260093015625 0.23287907031250002 0.729914728125 0.35006744218749997 0.7181968999999999 0.4994813953125 0.7255472875 0.5325581390624999 0.7362155031250001 0.5325581390624999 0.75237674375 0.5185232562500001 0.8012046515625 0.5185232562500001 0.808040309375 0.5082697671874999 0.804134884375 0.37057441875 0.792415503125 0.3588558140625 0.7689782953125001 0.300262790625 0.78362635625 0.2724302328125
4 0.2669813953125 0.878937209375 0.2933488375 0.9419255812499999 0.29530232500000003 0.9946604656250001 0.300184496875 0.9990558140625 0.5081922484375 0.9975906984374999 0.5101457359375 0.9272790703125 0.49452092968750005 0.8481767437500001 0.506238759375 0.792511628125 0.518934884375 0.770539534375 0.5579969 0.7676093015625 0.5951069765625 0.77932790625 0.6087782953125 0.770539534375 0.648062015625 0.725986046875 0.648062015625 0.7149302328125 0.645888371875 0.6855790703125 0.5599503875 0.659211628125 0.5247937984375 0.659211628125 0.48182480625 0.6797186046875 0.3919813953125 0.6943674421875 0.38612248125000004 0.7090162796875 0.3685441859375 0.7090162796875 0.2044821703125 0.7910465109375 0.16932558125 0.770539534375 0.15370077499999998 0.770539534375 0.099989146875 0.7954418609375 0.099989146875 0.8042302328125001 0.1732310078125 0.911165115625 0.2669813953125 0.878937209375
4 0.623865115625 0.60252325625 0.6160527124999999 0.611313953125 0.608238759375 0.60252325625 0.6043333328125 0.61717209375 0.5877317828125 0.62742558125 0.5867550390625 0.6376813953125 0.55257519375 0.6537930234375 0.638640309375 0.6767441859375001 0.6405953484375 0.6767441859375001 0.654263565625 0.6254906984375 0.654263565625 0.6151139531250001 0.6492558140625 0.6054534890625 0.623865115625 0.60252325625
4 0.8434108531250001 0.593065115625 0.8079751937499999 0.5858813953124999 0.799187596875 0.6107837203125001 0.80632713125 0.6348837203125 0.8103255812500001 0.6348837203125 0.83922635625 0.6151790703125 0.8434108531250001 0.5963465109375 0.8434108531250001 0.593065115625
4 1 0.7411232562500001 0.9971286828125001 0.650697675 0.9111922484375 0.57452558125 0.9043565890625 0.5759906984375001 0.9033798453124999 0.595034884375 0.8701767437499999 0.5921046515625 0.8652930234375 0.5994279062500001 0.8672465109375 0.6257953484375001 0.892637209375 0.652162790625 0.9150976749999999 0.7122209296875 0.9219333328125 0.6638813953125 0.938534884375 0.6624162796874999 0.9992015500000001 0.7418604656250001 1 0.7418604656250001 1 0.7411232562500001
