4 1 0.9477534890625 0.9716790703125 0.9199209296875 0.9345705421874999 0.9111325578124999 0.8935550390625 0.8701162796874999 0.8876945734374999 0.8730465109375001 0.8623054265625001 0.8496093015625 0.8173829453125 0.82617209375 0.7841798453125 0.8173837203125001 0.774413953125 0.805665115625 0.76562480625 0.8071279062500001 0.758789146875 0.8320302328125001 0.7314449609375 0.82617209375 0.709961240625 0.8437511625 0.708984496875 0.8950186046875 0.7001953484375 0.9111325578124999 0.68652403125 0.9111325578124999 0.6357426359375 0.9404302328125 0.556640309375 0.9975581390625001 1 0.9975581390625001 1 0.9477534890625
4 0.1923829453125 0 0.179686821875 0.00732325625 0.193359690625 0.016113953125 0.20312558125 0.0805674421875 0.21972713124999999 0.108397675 0.43847596875 0.193360465625 0.59472713125 0.2460930234375 0.64062480625 0.2534186046875 0.6923829453125 0.21679767499999997 0.70312558125 0.1977534890625 0.70312558125 0.17431627968750002 0.7158201546875 0.158202325 0.8964837203125 0.001465115625 0.6845705421875 0 0.6855472875 0.0747069765625 0.65722635625 0.1142581390625 0.6201178296875 0.1289069765625 0.59277364375 0.1230465109375 0.5742186046875 0.095213953125 0.5742186046875 0.0600581390625 0.59472713125 0 0.1923829453125 0
4 0.9990232562499999 0.06445348906250001 1 0.001465115625 0.90722635625 0 0.8896480625000001 0.0117186046875 0.7138666671875 0.1669930234375 0.6982418609375001 0.21386744218749998 0.6396480625 0.25781162812499997 0.43652403125 0.193360465625 0.2060542640625 0.10546976718750001 0.187500775 0.024902325 0.1689457359375 0 0.1425782953125 0.0043953484375 0.2060542640625 0.21386744218749998 0.2939457359375 0.2314441859375 0.3076170546875 0.2373046515625 0.3154294578125 0.2548837203125 0.3486325578125 0.2695302328125 0.49316434062500003 0.30175813906250004 0.5205085265625 0.29882790625 0.5253906984375 0.282713953125 0.5195317828125 0.2534186046875 0.53027286875 0.24902325625000002 0.539062015625 0.2563465109375 0.5351565890625001 0.2915046515625 0.5595705421875 0.2812511625 0.5654294578125 0.31347674375 0.5908201546875 0.3076162796875 0.6445317828125 0.32080000000000003 0.7060542640625 0.2841790703125 0.708984496875 0.2563465109375 0.71777364375 0.2460930234375 0.9990232562499999 0.06445348906250001
4 0 0.6518558140625 0.0039069765625 0.6518558140625 0.1201178296875 0.59472558125 0.1396480625 0.5712883718749999 0.17871162812500002 0.5625 0.20312558125 0.537597675 0.20312558125 0.2153325578125 0.131835659375 0 0 0.001465115625 0 0.6518558140625
4 0.9775395343750001 0.1875 0.9863286828125 0.188965115625 0.9882806203125 0.423339534375 0.9970697671875 0.430665115625 1 0.07177674375000001 0.711914728125 0.2548837203125 0.708984496875 0.44384651093749994 0.710937984375 0.46435581406250004 0.7187503875 0.46435581406250004 0.7246093015625 0.4584953484375 0.7246093015625 0.4350581390625 0.7158201546875 0.3076162796875 0.9775395343750001 0.1875
4 0.30983255781249996 0.496013953125 0.3086465109375 0.4862441859375 0.3085937984375 0.45556744218749995 0.306640309375 0.42626976718750004 0.3044666671875 0.4062 0.305514728125 0.3952325578125 0.3064558140625 0.36426046562500003 0.3056799171875 0.3641272296875 0.306640309375 0.24169999999999997 0.2080077515625 0.21386744218749998 0.20312558125 0.22412092968750003 0.2070310078125 0.531737209375 0.2285162796875 0.5581046515625 0.2353519375 0.585937209375 0.2558589140625 0.58447209375 0.2626945734375 0.568360465625 0.3105472875 0.5727534890625 0.3105472875 0.5083 0.3099581390625 0.5053209296875 0.30983255781249996 0.496013953125
4 0.283615946875 0.3623888109375 0.28302325625 0.362286046875 0.28198759687499997 0.3128697671875 0.28180620156249997 0.2966186046875 0.2353519375 0.28710930156250003 0.22707751874999998 0.286997675 0.2285565890625 0.38841162812499996 0.2834558140625 0.389562790625 0.2841798453125 0.3779302328125 0.283615946875 0.3623888109375
4 0.6035162796875 0.44384651093749994 0.6074217046875 0.43798837187500006 0.5917969000000001 0.423339534375 0.5898434109374999 0.37646511562499996 0.5917969000000001 0.35302790625 0.601562790625 0.3413093015625 0.5937503875 0.3295906984375 0.6152341078125 0.32080000000000003 0.5732418609375001 0.3076162796875 0.5605472875 0.31787209375000003 0.556640309375 0.37646511562499996 0.5644527125 0.578613953125 0.5478511625 0.585937209375 0.54687441875 0.5991209296875 0.5937503875 0.6079093015625 0.5937503875 0.5083 0.6132806203125 0.49365348906250006 0.6132806203125 0.47607441875 0.6054682171875 0.47314418593749996 0.6103516046874999 0.4628897703125 0.6035162796875 0.44384651093749994
4 0.6455085265625 0.4423837203125 0.6542961234375 0.42919999999999997 0.648437209375 0.3413093015625 0.7060542640625 0.31054651093749996 0.7060542640625 0.28710930156250003 0.6416015500000001 0.322265115625 0.60937519375 0.3183511625 0.57339845 0.3418441859375 0.6132806203125 0.3413093015625 0.6210930234375 0.35302790625 0.6230465109375001 0.4204093015625 0.6123054265625 0.43359302343749995 0.5966790703125 0.42773488437499996 0.5937503875 0.43798837187500006 0.597902325 0.4513 0.5985054265625 0.4638069765625 0.6074217046875 0.47314418593749996 0.6113286828125 0.49072325625 0.616210853125 0.47753953437499996 0.6347658921875 0.47314418593749996 0.6357426359375 0.42773488437499996 0.6455085265625 0.4423837203125
4 0.708984496875 0.5522465109375 0.7158201546875 0.5625 0.7236325578125 0.5039069765625 0.7314449609375 0.5039069765625 0.7392573640625 0.5185558140625 0.7783209296875 0.5185558140625 0.7861333328125 0.50097674375 0.8720697671875 0.506834884375 0.8789069765624999 0.48779302343750003 0.9013674421875001 0.46289069843749997 0.9423829453125 0.46289069843749997 0.9570310078125001 0.4790046515625 0.9648434109374999 0.5024418609375 0.9492186046875 0.5522465109375 0.9794914734375 0.5595697671875 0.98437519375 0.5815418609375 0.976562790625 0.587402325 1 0.593262790625 0.9990232562499999 0.430665115625 0.7392573640625 0.45996046562500004 0.708984496875 0.47021395312500003 0.708984496875 0.5522465109375
