4 0.54882790625 0.2534186046875 0.5585937984375 0.23876976718749998 0.5332030999999999 0.22705116250000001 0.5429689921875 0.2153325578125 0.5429689921875 0.203613953125 0.5585937984375 0.188965115625 0.562500775 0.16552790625 0.586914728125 0.1464837203125 0.600586046875 0.15234418593750002 0.618164340625 0.17871162812500002 0.6533209296875 0.17285116250000002 0.6591798453125 0.2050790703125 0.6689457359375 0.19628837187499998 0.6748046515625 0.210937209375 0.6845705421875 0.210937209375 0.6953131781249999 0.22705116250000001 0.687500775 0.235839534375 0.68847596875 0.2548837203125 0.6416015500000001 0.26074186093749996 0.6416015500000001 0.2812511625 0.7705085265625 0.266602325 0.7773441859375 0.24169999999999997 0.7773441859375 0.19482325625000002 0.82617209375 0.0454093015625 0.8300775187499999 0.001465115625 0.3564449609375 0 0.24218759687500002 0.06591860468750001 0.2451178296875 0.079102325 0.2646480625 0.0878906984375 0.290038759375 0.1289069765625 0.46972713125 0.30468837187500003 0.49609302343749995 0.312011628125 0.5742186046875 0.2944325578125 0.5644527125 0.28857441875 0.5605472875 0.2622069765625 0.54882790625 0.2534186046875
4 0.773437209375 0.1684581390625 0.7685550390625 0.164062790625 0.756835659375 0.17871162812500002 0.74902325625 0.164062790625 0.7080077515625 0.158202325 0.6689457359375 0.1376953484375 0.6201178296875 0.1376953484375 0.6123054265625 0.149413953125 0.5986325578125 0.14062558125 0.5917969000000001 0.1450186046875 0.6035162796875 0.156737209375 0.6054682171875 0.171386046875 0.5937503875 0.20947209375 0.584961240625 0.21386744218749998 0.5771488375 0.1992186046875 0.5673829453125 0.2050790703125 0.562500775 0.19482325625000002 0.562500775 0.16552790625 0.5751953484375 0.1435558140625 0.56347596875 0.1435558140625 0.56152403125 0.15527441875 0.540038759375 0.15234418593750002 0.50097674375 0.1845697671875 0.47167907031249995 0.2460930234375 0.46386666718749997 0.2373046515625 0.45800775156249995 0.272460465625 0.445313178125 0.2709953484375 0.475586046875 0.31054651093749996 0.4980465109375 0.3149418609375 0.7705085265625 0.272460465625 0.7773441859375 0.2563465109375 0.7792961234375 0.212402325 0.773437209375 0.1684581390625
4 0.1855472875 0.092286046875 0.2158201546875 0.12597674375 0.23437519375 0.13037209375 0.26660154999999996 0.1142581390625 0.2695317828125 0.092286046875 0.2314449609375 0.070311628125 0.1855472875 0.092286046875
4 1 0.001465115625 0.8486325578124999 0 0.837889921875 0.0190418609375 0.7812496125 0.2065418609375 0.773437209375 0.7426767437499999 0.8544914734375 0.9287116281250001 0.9755860468750001 0.960937209375 1 0.985839534375 1 0.001465115625
4 0.6435550390625 0.31347674375 0.6396480625 0.29882790625 0.616210853125 0.29882790625 0.48437519375000004 0.3295906984375 0.48535193750000005 0.647460465625 0.524413953125 0.6533209296875 0.5292961234375 0.6459953484375001 0.5292961234375 0.3383790703125 0.6220697671875 0.322265115625 0.625 0.6665046515624999 0.773437209375 0.6840813953125 0.7763674421875 0.27539069843749997 0.65722635625 0.2929697671875 0.647460465625 0.295897675 0.6435550390625 0.31347674375
4 0.4492186046875 0.6752930234375001 0.4736325578125 0.6621093015625 0.48437519375000004 0.6459953484375001 0.48437519375000004 0.3295906984375 0.26660154999999996 0.1142581390625 0.2207038765625 0.1362302328125 0.23046821718750002 0.24169999999999997 0.2246093015625 0.28857441875 0.226562790625 0.733886046875 0.2207038765625 0.7866209296875 0.2626945734375 0.805665115625 0.2812496125 0.8042 0.3242186046875 0.766113953125 0.3271488375 0.5800790703125001 0.444336434375 0.5595697671875 0.4492186046875 0.6752930234375001
4 0.22265581406249998 0.3061534890625 0.23046821718750002 0.2563465109375 0.2285162796875 0.139160465625 0.1845705421875 0.0966790703125 0.1533209296875 0.10546976718750001 0.0898434109375 0.1420906984375 0.0937503875 0.8627930234375001 0.101562790625 0.8657232562500001 0.2158201546875 0.79687441875 0.2246093015625 0.7426767437499999 0.2187503875 0.49951162812499994 0.22265581406249998 0.3061534890625
4 0.1396480625 0 0 0.001465115625 0.0019534890625 0.3237302328125 0.023437209375 0.30322325625 0.018424806250000002 0.21919767499999998 0.0214837203125 0.0805674421875 0.1396480625 0
4 0 0.906737209375 0.0214837203125 0.9184581390625001 0.023437209375 0.3647465109375 0.0205085265625 0.351562790625 0.00097674375 0.3486325578125 0 0.906737209375
4 0.2314449609375 0 0.041015503125000005 0.1127930234375 0.04492248125 0.8862302328125 0.031249612500000003 0.9272465109375 0.0341798453125 0.9375 0.025390698437499998 0.9331046515624999 0.0263674421875 0.9169930234375 0 0.91552790625 0 0.9799813953125 0.022460465625000002 0.9873046515624999 0.030272868749999998 0.9521488375 0.0351565890625 0.968262790625 0.031249612500000003 0.9829093015625 0.040038759374999996 0.993165115625 0.0507813953125 0.9917 0.0917969 0.9536139531250001 0.087889921875 0.1333 0.12109302343749999 0.11865348906249999 0.1123054265625 0.117188371875 0.1142573640625 0.11132790625 0.1376945734375 0.11132790625 0.2705085265625 0.043944185937500005 0.28027286875 0.03222558125 0.32128837187500003 0.0205069765625 0.33886666718749997 0 0.2314449609375 0
4 0.773437209375 0.7543953484375 0.7675782953125 0.7309581390625 0.7685550390625 0.6914069765625 0.5517581390624999 0.6562511625 0.48535193750000005 0.6562511625 0.2763674421875 0.8144534890624999 0.21972713124999999 0.7998046515625 0.0986325578125 0.8730465109375001 0.0937503875 0.8803720937499999 0.0957038765625 0.9653325578124999 0.0644527125 0.9946279062500001 0.9902341078125 0.9975581390625001 0.9921875968749999 0.9917 0.9755860468750001 0.9726558140625 0.8505860468750001 0.9375 0.773437209375 0.7543953484375
