4 0.43151472812499997 0 0.12471007812499998 0.0011186046875 0.315139534375 0.113911628125 0.4924294578125 0.20930232499999998 0.5060077515625 0.20930232499999998 0.50752248125 0.20912790625 0.9928728687499999 0.0230930234375 0.9984496125 0.0195069765625 0.9984496125 0.0011162796875 0.6421426359375 0 0.531964340625 0 0.533888371875 0.0230930234375 0.5768573640625 0.0465302328125 0.5895534890625 0.068502325 0.5876 0.0890093015625 0.5768573640625 0.10512325625 0.5358418609375 0.13735116249999998 0.5202170546875 0.13735116249999998 0.48701395312500007 0.113911628125 0.46845891406250006 0.0860813953125 0.470412403125 0.0626441859375 0.48701395312500007 0.0436 0.5241240312500001 0.0230930234375 0.5260480624999999 0 0.43151472812499997 0
4 0.00062635625 0 0 0.1740046515625 0 0.270713953125 0.0435969 0.28088837187500004 0.0582449609375 0.2677046515625 0.0592217046875 0.2515906984375 0.10219069843749999 0.2603790703125 0.11488682187499999 0.2677046515625 0.1187922484375 0.302860465625 0.12562790625 0.3101837203125 0.1734806203125 0.32922790625 0.1734806203125 0.7393837203125 0.1772217046875 0.7674418609375 0.189463565625 0.7674418609375 0.21449612343750002 0.7540325578125 0.225237209375 0.5387 0.4068790703125 0.515262790625 0.40930232499999997 0.4970837203125 0.40930232499999997 0.493334884375 0.193987596875 0.5123325578125 0.1988697671875 0.4962186046875 0.1988697671875 0.3116488375 0.208635659375 0.08020465156249999 0.0787534890625 0.0025674421875 0.010289921875 0 0.00062635625 0
4 0.45042325625 0.3072837203125 0.45433023281249996 0.31607441875000003 0.47386201562499997 0.32193255781249996 0.4943689921875 0.3146093015625 0.49922480625 0.2393488375 0.49922480625 0.223302325 0.2121426359375 0.08462790625 0.20930232499999998 0.13433488437500002 0.20930232499999998 0.1360325578125 0.2160496125 0.1461511625 0.40257209375 0.223788371875 0.40061860468750005 0.32632790625 0.4084325578125 0.3526953484375 0.4084325578125 0.4317953484375 0.41624496093749996 0.505037209375 0.41242325625 0.6139534890625 0.42767596875 0.6139534890625 0.441635659375 0.6046488375 0.44358759687499993 0.3116790703125 0.45042325625 0.3072837203125
4 0.8556837203125 0.48188139531249996 0.8537302328124999 0.4262162796875 0.8508015500000001 0.44233023281249995 0.8468945734375 0.42475348906250004 0.8400589140625 0.440865115625 0.8390821703125001 0.331002325 0.8342 0.3324674421875 0.8361519375 0.3705534890625 0.8293162796875 0.3749465109375 0.8215038765625 0.336862790625 0.8224806203125 0.3471162796875 0.8166217046875 0.3500441859375 0.81759845 0.32807209375 0.7834186046875 0.3236790703125 0.793184496875 0.30903023281249997 0.7775581390624999 0.3031697671875 0.7775581390624999 0.250434884375 0.7658403093749999 0.250434884375 0.762910078125 0.2782674421875 0.763886821875 0.25336511562499997 0.755097675 0.23432325625 0.7472852718749999 0.398386046875 0.608613953125 0.4042441859375 0.6037302328124999 0.39985116249999997 0.6017782953124999 0.24750697656249998 0.6515829453124999 0.228462790625 0.6506062015625 0.18305348906250002 0.6027534890624999 0.18744883750000002 0.5041209296875 0.226997675 0.500215503125 0.3178186046875 0.538300775 0.31342325625 0.543184496875 0.32660697656250004 0.5461131781249999 0.55072790625 0.5568558140625 0.546334884375 0.5588093015625 0.49066976718750005 0.5636914734375 0.48334651093750003 0.77072248125 0.4979953484375 0.778534884375 0.50092325625 0.7834186046875 0.517037209375 0.781465115625 0.5814906984375 0.7843953484374999 0.5888139531250001 0.7922077515625 0.585886046875 0.7970899218749999 0.563911628125 0.7970899218749999 0.6078581390625 0.8055302328125 0.6255813953125 0.8069581390625 0.6255813953125 0.8088093015625001 0.5756302328125 0.8019720937500001 0.5829558140625 0.8009969 0.5697720937499999 0.809786046875 0.5595186046875 0.8156449609375 0.5829558140625 0.8224806203125 0.563911628125 0.8342 0.55512325625 0.8322465109375001 0.5434046515625 0.8381054265625 0.546334884375 0.8420124031249999 0.5082488374999999 0.8478713171875001 0.502388371875 0.8420124031249999 0.502388371875 0.8420124031249999 0.487739534375 0.8556837203125 0.48188139531249996
4 1 0.04287209375 0.659311628125 0.1731930234375 0.659311628125 0.21127907031249998 0.673961240625 0.20688372031250002 0.6729844968750001 0.1878418609375 0.6798201546875 0.192234884375 0.675913178125 0.20688372031250002 0.6807969 0.21127907031249998 0.6876325578125 0.20688372031250002 0.6886093015625 0.1878418609375 0.69739845 0.192234884375 0.69837519375 0.2142069765625 0.706187596875 0.19956046562500002 0.7481798453125 0.209813953125 0.7481798453125 0.397313953125 0.7218124031250001 0.4075674421875 0.7208356593749999 0.43832790624999995 0.7091162796875 0.45004883749999997 0.706187596875 0.4720209296875 0.7032573640625001 0.45004883749999997 0.69837519375 0.44858372031249993 0.6934914734375 0.4793441859375 0.69837519375 0.48666976718750005 0.706187596875 0.4808093015625 0.7100930234375 0.489597675 0.7706403093749999 0.49838837187499996 0.7813829453125 0.5086418609375001 0.7794294578125001 0.660986046875 0.785288371875 0.6814930234375 0.7813829453125 0.7166488375 0.80677364375 0.725437209375 0.8116558140624999 0.5862790703125 0.8741565890624999 0.5833488375 0.8878279062500001 0.5335441859375 0.9366558140624999 0.539402325 0.971812403125 0.5540511625 0.9874372093750001 0.5481930234375 0.9923193796875 0.5730953484375 0.98060155 0.7166488375 0.986460465625 0.786962790625 0.9995069765625001 0.7953488375 1 0.7953488375 1 0.04287209375
4 0.8015503875000001 0.1957558140625 0.8122930234375 0.1503465109375 0.8328 0.14009302343750002 0.840310078125 0.1113046515625 0.840310078125 0.1065488375 0.8288945734375 0.10786511562500001 0.8230341078125001 0.12251395312499999 0.8210821703125 0.11372558125000001 0.7956914734375 0.1195837203125 0.7507689921875 0.14302325625 0.684362790625 0.1576697671875 0.5544806203125 0.20600930156250002 0.5652217046875 0.2104046515625 0.5828 0.23677209375000002 0.5886604656250001 0.23091162812500002 0.5959581390625 0.241860465625 0.601099225 0.241860465625 0.6052620156249999 0.2411674421875 0.8015503875000001 0.1957558140625
4 1 0.9385325578125 0.999362790625 0.8285906984375 0.9944806203125 0.8300558140625001 0.9964325578125001 0.8476325578124999 0.9856914734375 0.85202790625 0.9720186046875 0.8139418609375 0.9329565890625 0.8022232562499999 0.9319798453124999 0.8769302328125 0.9231906984375 0.8842558140625 0.9163550390624999 0.874 0.9095193796875 0.793434884375 0.8274883718750001 0.7612069765625 0.8186992249999999 0.789039534375 0.8099100781249999 0.796365115625 0.80502635625 0.7743906984375 0.810886821875 0.7597418609375 0.7786589140625 0.7436302328125 0.6956511625 0.9238046515624999 0.6917457359375 0.93552325625 0.6956511625 0.9677511624999999 0.687838759375 0.991188371875 0.6887038765625 0.99767441875 0.8670496125 0.99767441875 1 0.9970488375000001 1 0.9385325578125
4 0.04507286875 0.9211325578125 0.039213953125 0.9562883718749999 0.0265178296875 0.9782604656249999 0.0177286828125 0.9767953484375 0.01577519375 0.9299209296875001 0.0001503875 0.9269906984375 0.001111628125 0.99767441875 0.3462914734375 0.99767441875 0.4630418609375 0.9973046515625 0.4635658921875 0.9917953484375 0.4635658921875 0.9866046515625 0.3155798453125 0.840565115625 0.304838759375 0.8244534890624999 0.304838759375 0.7717186046875 0.2862837203125 0.76732325625 0.2784713171875 0.735097675 0.225736434375 0.7556046515625 0.2218310078125 0.76732325625 0.21206511562500002 0.761465115625 0.18276744218750002 0.776111628125 0.17300155 0.8347069765624999 0.1671426359375 0.8347069765624999 0.15542480625 0.8112697671875001 0.06167441875 0.8962302328125 0.04507286875 0.9211325578125
4 0.8724697671874999 0.7273325578125001 0.850986046875 0.724402325 0.82852403125 0.7346558140624999 0.8534480625 0.748837209375 0.8744186046875001 0.748837209375 0.8744186046875001 0.7419465109375001 0.8724697671874999 0.7273325578125001
4 0.8742217046875 0.65077441875 0.8790697671875 0.60277674375 0.8790697671875 0.602434884375 0.8273472875 0.603897675 0.8224635656249999 0.6434488375 0.8286961234374999 0.658139534375 0.8340434109375 0.658139534375 0.8341829453124999 0.6580976749999999 0.8742217046875 0.65077441875
4 0.9905457359375 0.6343953484375 0.9922480625000001 0.6318418609374999 0.9922480625000001 0.5930023249999999 0.99152248125 0.591913953125 0.9885937984375 0.5963093015625 0.9885937984375 0.63732558125 0.9895689921875 0.6387906984375 0.9905457359375 0.63732558125 0.9905457359375 0.6343953484375
4 0.951613953125 0.633413953125 0.949660465625 0.633413953125 0.9447782953124999 0.6378093015624999 0.949660465625 0.6451325578125 0.95747286875 0.6451325578125 0.9583922484375 0.6465116281250001 0.9658914734374999 0.6465116281250001 0.9658914734374999 0.6372534890625 0.9652852718749999 0.6363441859375001 0.9535674421874999 0.6363441859375001 0.951613953125 0.633413953125
4 0.9178294578124999 0.660039534375 0.9178294578124999 0.6502441859375 0.917412403125 0.6496186046875 0.9076480625000001 0.6466883718750001 0.9037410859375001 0.6408302328125 0.901787596875 0.6408302328125 0.899835659375 0.6378999999999999 0.8910465109375 0.6422953484375 0.8910465109375 0.6481534890625 0.8978821703125 0.6554790703125 0.9037410859375001 0.6554790703125 0.9056945734375 0.6584069765625 0.9115534890625 0.6584069765625 0.91292558125 0.660465115625 0.916413953125 0.660465115625 0.9178294578124999 0.660039534375
4 0.9938790703124999 0.7604348843750001 0.99192558125 0.7575069765625 0.99192558125 0.7545767437500001 0.9897503875 0.753488371875 0.9888449609375 0.753488371875 0.9860666671875 0.7604348843750001 0.9860666671875 0.7662953484374999 0.9841131781250001 0.76922558125 0.9841131781250001 0.778013953125 0.9860666671875 0.7809441859375 0.9860666671875 0.7897325578125 0.988260465625 0.7930232562499999 0.9912031000000001 0.7930232562499999 0.99192558125 0.792662790625 0.9958325578125 0.7897325578125 0.9968992249999999 0.7849302328125 0.9968992249999999 0.7789511625000001 0.9938790703124999 0.7721534890624999 0.9938790703124999 0.7604348843750001
4 0.847189146875 0.7062511625 0.8491426359375 0.7091790703124999 0.8550031 0.7091790703124999 0.858914728125 0.7056581390625001 0.858914728125 0.7033302328125 0.8589085265625 0.7033209296875 0.8530496125000001 0.7033209296875 0.8491426359375 0.6974604656250001 0.8393767437499999 0.6945302328125 0.8354713171875 0.6886720937499999 0.8257054265624999 0.6886720937499999 0.8227751937500001 0.6930674421874999 0.8227751937500001 0.7077139531250001 0.825384496875 0.71162790625 0.8266682171875 0.71162790625 0.8286356593749999 0.7106441859375 0.8296124031250001 0.7091790703124999 0.845237209375 0.7091790703124999 0.847189146875 0.7062511625
4 0.9505767437499999 0.6858162796875 0.9544837203125001 0.6858162796875 0.956186046875 0.68837209375 0.9576852718750001 0.68837209375 0.9613193796875 0.6872813953125 0.9613193796875 0.6843511624999999 0.9632728687500001 0.68142325625 0.9632728687500001 0.675562790625 0.9643410859375001 0.673960465625 0.9643410859375001 0.67042325625 0.9622961234374999 0.6653093015625 0.958389146875 0.6653093015625 0.9564356593750001 0.6623790703125 0.9505767437499999 0.6623790703125 0.94862325625 0.6594488375 0.942764340625 0.6594488375 0.9408108531250001 0.6565209296875001 0.9388573640625 0.6565209296875001 0.9359286828125001 0.660913953125 0.9359286828125001 0.66677441875 0.93397519375 0.6697046515625 0.9388573640625 0.67702790625 0.9408108531250001 0.67702790625 0.9505767437499999 0.6858162796875
4 0.934689921875 0.7674418609375 0.9410728687500001 0.7674418609375 0.941787596875 0.7663697671875 0.9505767437499999 0.7590465109375 0.9525302328125 0.7590465109375 0.9544837203125001 0.7561162796875001 0.9603426359375 0.7561162796875001 0.9643410859375001 0.7501186046874999 0.9643410859375001 0.7386767437499999 0.9632728687500001 0.7370720937499999 0.9632728687500001 0.7312139531249999 0.958389146875 0.7238906984375 0.9544837203125001 0.7238906984375 0.9525302328125 0.7297488375000001 0.9447178296875001 0.7297488375000001 0.942764340625 0.7326790703125 0.9378821703125 0.7341441859375 0.9378821703125 0.7370720937499999 0.9359286828125001 0.7400023250000001 0.9359286828125001 0.760511628125 0.93397519375 0.763439534375 0.93397519375 0.7663697671875 0.934689921875 0.7674418609375
4 0.8974790703125001 0.7590465109375 0.8994325578125 0.76197441875 0.901386046875 0.76197441875 0.903337984375 0.7649046515625 0.9072449609375 0.7649046515625 0.908936434375 0.7674418609375 0.909460465625 0.7674418609375 0.91017364375 0.7663697671875 0.9160341078125 0.763439534375 0.9160341078125 0.7487930234375 0.9140806203125 0.745862790625 0.9140806203125 0.7341441859375 0.9072449609375 0.7238906984375 0.8994325578125 0.7238906984375 0.8974790703125001 0.7268186046875 0.8916201546875 0.7268186046875 0.8886899218750001 0.7341441859375 0.8906434109375001 0.7370720937499999 0.8906434109375001 0.7546511625 0.8935720937499999 0.7590465109375 0.8974790703125001 0.7590465109375
4 0.9073969 0.6060046515625 0.9054434109375 0.60307441875 0.89372403125 0.60307441875 0.8927472875 0.604539534375 0.8927472875 0.6162581390625 0.8907953484375 0.619188371875 0.8907953484375 0.6250465109375 0.89372403125 0.6294418609375 0.8976310078124999 0.6294418609375 0.8981581390625 0.6302325578125 0.9010093015624999 0.6302325578125 0.9015364343750001 0.6294418609375 0.9054434109375 0.6294418609375 0.9059705421875 0.6302325578125 0.91822790625 0.6302325578125 0.9191147281250001 0.6235837203125 0.92692713125 0.6235837203125 0.9288806203125001 0.6206534890625 0.9523178296875001 0.6206534890625 0.9532945734375 0.619188371875 0.948412403125 0.6147930234375 0.9425519375 0.6147930234375 0.9406000000000001 0.611865115625 0.934739534375 0.611865115625 0.9288806203125001 0.6060046515625 0.9191147281250001 0.6060046515625 0.917161240625 0.608934884375 0.9152093015625 0.6060046515625 0.9073969 0.6060046515625
4 0.84297209375 0.7434465109375 0.8566434109375001 0.7434465109375 0.8585969 0.74637441875 0.8644558140624999 0.74637441875 0.8676480625 0.751162790625 0.8788434109375001 0.751162790625 0.8790697671875 0.75082325625 0.8790697671875 0.73317441875 0.8732449609374999 0.730262790625 0.8751984500000001 0.72147209375 0.8722682171875 0.7170790703125001 0.839065115625 0.7170790703125001 0.837111628125 0.7200093015625 0.8253937984374999 0.7200093015625 0.8224635656249999 0.724402325 0.8253937984374999 0.73172790625 0.829299225 0.73172790625 0.8332062015625 0.737586046875 0.8351596906250001 0.737586046875 0.837111628125 0.7405162796875 0.8410186046874999 0.7405162796875 0.84297209375 0.7434465109375
4 0.8988992250000001 0.561786046875 0.8969457359374999 0.5588581390625 0.8940170546875 0.5632511625000001 0.8940170546875 0.5779 0.8920635656250001 0.583760465625 0.8949937984374999 0.5881534890625 0.924289921875 0.5881534890625 0.9262434109375001 0.5910837203125 0.939914728125 0.5910837203125 0.94577364375 0.5969441859375 0.9516341078125 0.5969441859375 0.953587596875 0.59987209375 0.9614 0.59987209375 0.9633519375 0.6028023250000001 0.9672589140625 0.6028023250000001 0.9684914734375001 0.6046511625 0.9699333328125 0.6046511625 0.970189146875 0.6042674421875 0.970189146875 0.5984069765625 0.9721410859375 0.5954790703125 0.9721410859375 0.5808302328125 0.9736434109375001 0.57857674375 0.9736434109375001 0.5774162796875 0.9672589140625 0.57057674375 0.9614 0.57057674375 0.9594465109374999 0.5676465109375 0.94577364375 0.5676465109375 0.9438217046874999 0.5647162796874999 0.939914728125 0.5647162796874999 0.9379612406250001 0.561786046875 0.9301488375 0.561786046875 0.9281969 0.5588581390625 0.9184310078125 0.5588581390625 0.91647751875 0.561786046875 0.91452403125 0.5588581390625 0.9008527125000001 0.5588581390625 0.8988992250000001 0.561786046875
4 0.8323255812499999 0.658139534375 0.837111628125 0.6538302328125 0.8410186046874999 0.6538302328125 0.8468775187500001 0.6450418609375 0.8488310078125 0.64797209375 0.8527379843749999 0.64797209375 0.8546899218749999 0.6450418609375 0.8742217046875 0.6450418609375 0.8771519375000001 0.6406465109374999 0.8771519375000001 0.6230697671875001 0.8791038765625 0.620139534375 0.8791038765625 0.6113511625 0.8806201546875 0.60907674375 0.8806201546875 0.6024302328125 0.87617519375 0.601097675 0.8742217046875 0.5981674421875 0.8488310078125 0.5981674421875 0.8468775187500001 0.601097675 0.8273472875 0.601097675 0.8244170546875 0.6084209296875 0.8244170546875 0.6142813953124999 0.8224635656249999 0.6172093015625 0.8224635656249999 0.6289279062500001 0.820510078125 0.6318581390625 0.8224635656249999 0.634788371875 0.8224635656249999 0.6465069765625 0.8284961234375 0.658139534375 0.8323255812499999 0.658139534375
4 0.998111628125 0.8209302328125 0.9984496125 0.8209302328125 0.9984496125 0.8008069765625001 0.98939845 0.79767441875 0.98719845 0.79767441875 0.9881348843750001 0.8159418609375001 0.998111628125 0.8209302328125
4 0.88779845 0.7818488375 0.9112806203125 0.78837209375 0.9142077515624999 0.78837209375 0.9147286828125001 0.7782046515625 0.9147286828125001 0.77002325625 0.8868217046875 0.7628069765625 0.88779845 0.7818488375
4 0.8001317828125 0.748837209375 0.8122558140624999 0.748837209375 0.8097178296875001 0.7323302328125 0.775537984375 0.7250069765625 0.776514728125 0.7440488375000001 0.8001317828125 0.748837209375
4 0.9326263562499999 0.8002953484375 0.9677922484374999 0.809302325 0.9720930234375 0.809302325 0.9720930234375 0.808465115625 0.9658294578125 0.7856488374999999 0.9365333328125001 0.7797883718749999 0.9302325578125 0.7892395343749999 0.9302325578125 0.7919186046875 0.9326263562499999 0.8002953484375
4 0.8714930234375 0.7535790703125 0.8236418609375 0.7433255812499999 0.82852403125 0.7623674421875 0.8722635656250001 0.7744186046875 0.8759689921874999 0.7744186046875 0.8759689921874999 0.7737186046875 0.8714930234375 0.7535790703125
