4 0.40193798437500006 0 0.179435659375 0.000962790625 0.18920155 0.05662558125 0.23510077499999998 0.210434884375 0.42064651093750005 0.260239534375 0.5419426359374999 0.28139534843749997 0.5476077515625 0.28139534843749997 0.6296310078125 0.213365115625 0.854263565625 0.001860465625 0.854263565625 0.0009581390625 0.6570821703124999 0 0.553640309375 0 0.5602961234375 0.018539534375 0.5602961234375 0.059555814062500004 0.5495534890625 0.08152790625 0.5358821703125 0.0903162796875 0.5202558140625 0.08152790625 0.5114666671875 0.059555814062500004 0.509514728125 0.04197674375 0.5182 0 0.40193798437500006 0
4 0.16247441875 0.8950906984375001 0.1605209296875 0.8716534890625001 0.1439193796875 0.8614 0.1009503875 0.8819069765625001 0.09118604687500001 0.87897674375 0.07848992187500001 0.9038790703125 0.0804434109375 0.9917697671875001 0.1448961234375 0.9946999999999999 0.1575922484375 0.9932348843750001 0.1658914734375 0.9669534890625 0.1658914734375 0.962762790625 0.156615503125 0.9126697671875 0.16247441875 0.8950906984375001
4 0.15085581406249998 0 0.1253038765625 0.0008906984375 0.1663193796875 0.1210093015625 0.1594837203125 0.29825348906250004 0.15362480625 0.29825348906250004 0.021789146875000002 0.0946418609375 0.0237410859375 0.0008906984375 0.0003038765625 0.0008906984375 0.0003038765625 0.78837209375 0.0048682171875 0.78837209375 0.1712031 0.6351697671875 0.209288371875 0.624913953125 0.20733488437499997 0.39932790625000003 0.209288371875 0.3846813953125 0.22296124062499997 0.3700325578125 0.22100775156250002 0.24698604687499998 0.2279069765625 0.21076279062499997 0.2279069765625 0.20254651093749998 0.178038759375 0.015539534375 0.1676790703125 0 0.15085581406249998 0
4 0.22596744218749998 0.5441860468749999 0.3519426359375 0.535597675 0.3538961234375 0.500439534375 0.362685271875 0.5106953484375001 0.365613953125 0.49458139531249995 0.364637209375 0.31440465156249997 0.505263565625 0.334913953125 0.5120992249999999 0.389111628125 0.5101457359375 0.4799325578125 0.5150279062500001 0.5165534890625 0.519911628125 0.45649534843749995 0.5160046515625 0.31586976718750004 0.5364341078125 0.290797675 0.5364341078125 0.2892674421875 0.22987286875000001 0.22065581406249998 0.22987286875000001 0.23237441875 0.3206930234375 0.2543465109375 0.3206930234375 0.43012790624999997 0.2279193796875 0.42866279062499996 0.2210837203125 0.42133953437500005 0.22010697656249997 0.367139534375 0.21131782968750001 0.38032325624999996 0.2191302328125 0.39497209375 0.21131782968750001 0.4096209296875 0.21522325625 0.4184093015625 0.21131782968750001 0.535597675 0.2154077515625 0.5441860468749999 0.22596744218749998 0.5441860468749999
4 0.982062015625 0 0.8623503875 0.0025651156250000003 0.6162558140625001 0.2252209296875 0.603561240625 0.241334884375 0.6328573640624999 0.258913953125 0.6328573640624999 0.4259046515625 0.590865115625 0.4420186046875 0.511764340625 0.455202325 0.5146945734374999 0.5123302328125 0.5264124031249999 0.49182325625 0.5615689921875 0.48303488437500003 0.5791472875 0.5181906984375 0.58207596875 0.46985116250000003 0.6123503875 0.45080697656249996 0.6211395343749999 0.46106046562499997 0.6211395343749999 0.4815697671875 0.5918418609375 0.48742790625000004 0.5967255812500001 0.5299093015625 0.6475069765625 0.5269790703125 0.6846155031250001 0.538697675 0.7780821703125 0.541860465625 0.8135596906250001 0.541860465625 0.79887286875 0.5225837203125 0.7812961234375 0.4727790703125 0.7637178296875 0.4639906984375 0.76762325625 0.43762325625000004 0.7744589140625 0.4303 0.7969209296875001 0.43762325625000004 0.80082635625 0.4581325578125 0.791060465625 0.46985116250000003 0.793013953125 0.48742790625000004 0.8115689921874999 0.5240488375 0.8271937984375001 0.5357674421875 0.8281705421875 0.2794209296875 0.9043426359375 0.23547441875000003 0.9062961234375001 0.14172558125 1 0.045093023437500004 1 0.0429325578125 0.99907596875 0 0.982062015625 0
4 0.2775193796875 0.9076930234375 0.2713038765625 0.911688371875 0.2498186046875 0.987860465625 0.2549829453125 0.9930232562500001 0.255910078125 0.9930232562500001 0.2752093015625 0.93512558125 0.2775193796875 0.9131837203125001 0.2775193796875 0.9076930234375
4 0.3513581390625 0.9004837203125 0.34256899218750003 0.8873 0.339638759375 0.9942325578125001 0.346336434375 0.9953488374999999 0.356589146875 0.9953488374999999 0.356589146875 0.9867930234375001 0.3513581390625 0.9004837203125
4 0.3034558140625 0.8990627906249999 0.2756713171875 0.9953488374999999 0.30697674375 0.9953488374999999 0.30697674375 0.9022325578125001 0.3034558140625 0.8990627906249999
4 0.172589146875 0.99767441875 0.21129302343749998 0.99767441875 0.23437364375 0.9971255812500001 0.252713178125 0.9224581390625 0.252713178125 0.9141116281249999 0.20214728750000002 0.9253465109375 0.197265115625 0.9619697671875 0.1767565890625 0.9722232562500001 0.1699209296875 0.988334884375 0.172589146875 0.99767441875
4 0.7674418609375 0.9967186046875 0.7608542640625 0.9811906984375 0.6749162796875 0.8962302328125 0.655386046875 0.8669325578124999 0.5811674421874999 0.7936906984375 0.5753069765625 0.7790418609375 0.5264790703125 0.735097675 0.361440309375 0.7805069765625 0.36534573593749997 0.8449604656249999 0.3712062015625 0.8566790703124999 0.367299225 0.894765115625 0.37599689999999997 0.99767441875 0.668711628125 0.99767441875 0.7674418609375 0.9973046515625 0.7674418609375 0.9967186046875
