4 0 0.1596674421875 0.0048821703125 0.164062790625 0.1279302328125 0.164062790625 0.1826170546875 0.17285116250000002 0.7148434109374999 0.171386046875 0.7607426359375 0.1611325578125 0.7939457359375 0.1142581390625 0.8486325578124999 0.070311628125 0.9003906984375 0.0043953484375 0 0.001465115625 0 0.1596674421875
4 0.2001953484375 0.5625 0.2285162796875 0.5522465109375 0.211914728125 0.539062790625 0.2070310078125 0.5200186046875 0.208984496875 0.344237209375 0.23339845 0.351562790625 0.2773441859375 0.3852534890625 0.2792961234375 0.5170906984375 0.2919922484375 0.556639534375 0.32031317812500004 0.5288093015625 0.32031317812500004 0.3471674421875 0.1845705421875 0.17871162812500002 0.1357426359375 0.1699209296875 0.00097674375 0.1699209296875 0 0.2915046515625 0.019531782812500002 0.3002930234375 0.0175782953125 0.733886046875 0.024413953125000002 0.744139534375 0.13476589218749999 0.7456046515625 0.15527286875 0.7382813953125 0.1894527125 0.7075186046875 0.1914062015625 0.5756837203125 0.2001953484375 0.5625
4 0.322265115625 0.5346674421875 0.366210853125 0.533202325 0.36328062031249997 0.4790046515625 0.3798821703125 0.47460930156250003 0.3808589140625 0.5698232562500001 0.3925782953125 0.5727534890625 0.3964837203125 0.344237209375 0.3251953484375 0.3398441859375 0.32031317812500004 0.3471674421875 0.322265115625 0.5346674421875
4 0.9501953484375001 0.50097674375 0.9531255812499999 0.4350581390625 0.937500775 0.39697209375 0.944336434375 0.3896488375 0.9716790703125 0.3955069765625 0.991210853125 0.369139534375 1 0.36767674375000003 0.9990232562499999 0.0029302328125 0.9111333328125 0.005860465625 0.8076170546875 0.117188371875 0.78222635625 0.158202325 0.74902325625 0.1757813953125 0.7402341078125 0.188965115625 0.7470697671875 0.42187441875 0.7519534890624999 0.3325186046875 0.758789146875 0.3544930234375 0.76562480625 0.3471674421875 0.76562480625 0.3061534890625 0.7705085265625 0.29882790625 0.8525395343750001 0.24902325625000002 0.8632806203125 0.2563465109375 0.8632806203125 0.46142558125 0.8330077515625 0.47167907031249995 0.7685550390625 0.47167907031249995 0.7558589140625 0.48779302343750003 0.7529302328125 0.53027441875 0.7460930234375 0.5053720937499999 0.74902325625 0.5595697671875 0.8437503875000001 0.5610348843749999 0.8955085265625 0.5595697671875 0.9033209296875 0.533202325 0.920897675 0.533202325 0.9501953484375001 0.50097674375
4 0.7675782953125 0.3002930234375 0.7597658921875 0.2944325578125 0.7617193796875 0.25927674375 0.7519534890624999 0.24462790625 0.7558589140625 0.23290930156249998 0.7480465109375001 0.218262790625 0.7539069765625 0.2065418609375 0.7460930234375 0.1977534890625 0.758789146875 0.1875 0.7607426359375 0.1757813953125 0.743164340625 0.1757813953125 0.73437519375 0.188965115625 0.7324217046875 0.22412092968750003 0.742187596875 0.5581046515625 0.75 0.5610348843749999 0.7558589140625 0.5581046515625 0.7519534890624999 0.5200186046875 0.7695317828125 0.48779302343750003 0.7675782953125 0.3002930234375
4 0.444336434375 0.7851558140625 0.4101565890625 0.8012697671875 0.445313178125 0.8042 0.444336434375 0.7851558140625
4 0.5312496125 0.8012697671875 0.54882790625 0.7924813953125 0.5097658921875 0.780762790625 0.5185550390625 0.802734884375 0.5312496125 0.8012697671875
4 0.6347658921875 0.766113953125 0.6376945734375 0.7353511625 0.6035162796875 0.7368162796875 0.6064449609375 0.7646488375 0.6347658921875 0.766113953125
4 0.383789146875 0.7617186046875 0.4101565890625 0.7602534890625 0.44140620156250004 0.7456046515625 0.4345705421875 0.7382813953125 0.382812403125 0.7426767437499999 0.383789146875 0.7617186046875
4 0.26660154999999996 0.7646488375 0.29492248125 0.7690418609375 0.2939457359375 0.7236325578125 0.28222635625 0.7236325578125 0.2636713171875 0.7485348843749999 0.26660154999999996 0.7646488375
4 0.2705085265625 0.802734884375 0.273437209375 0.859862790625 0.2792961234375 0.8686534890625 0.29492248125 0.8334953484375 0.29492248125 0.8188465109375 0.290038759375 0.805665115625 0.2705085265625 0.802734884375
4 0.4687503875 0.8862302328125 0.4726558140625 0.9946279062500001 0.4863286828125 0.9946279062500001 0.48437519375000004 0.7485348843749999 0.47753953437499996 0.7382813953125 0.4726558140625 0.7456046515625 0.4687503875 0.8862302328125
4 0.25097674375 0.7236325578125 0.21972713124999999 0.7236325578125 0.1904294578125 0.711913953125 0.14746046562499998 0.7470697671875 0.022460465625000002 0.7470697671875 0.0107426359375 0.7353511625 0 0.7368162796875 0.00097674375 0.9990232562499999 0.25195348906250004 0.9975581390625001 0.25 0.7954093015625 0.23437519375 0.7690418609375 0.23437519375 0.7543953484375 0.25097674375 0.7236325578125
4 0.32031317812500004 0.350097675 0.3095705421875 0.3339837203125 0.3076170546875 0.3632813953125 0.30371162812499997 0.36621162812499997 0.2998046515625 0.3544930234375 0.288085271875 0.36621162812499997 0.2783209296875 0.3632813953125 0.2695317828125 0.37646511562499996 0.2773441859375 0.3852534890625 0.2773441859375 0.5229488375 0.20117209374999998 0.5346674421875 0.208984496875 0.5434581390625 0.1992186046875 0.5551767437499999 0.2021488375 0.5595697671875 0.24121085312499999 0.556639534375 0.25195348906250004 0.5639651156250001 0.2705085265625 0.5537116281250001 0.30175813906250004 0.5595697671875 0.32031317812500004 0.5346674421875 0.32031317812500004 0.350097675
4 0.1894527125 0.1772465109375 0.32128837187500003 0.336913953125 0.4667969 0.3325186046875 0.46582015468750004 0.3164069765625 0.45410232500000003 0.322265115625 0.35839845000000004 0.31347674375 0.3457038765625 0.2622069765625 0.33007751875 0.23876976718749998 0.3251953484375 0.21679767499999997 0.5185550390625 0.22265581406249998 0.5283209296875 0.21386744218749998 0.5361333328125 0.2314441859375 0.540038759375 0.21972558125 0.5986325578125 0.21972558125 0.555663565625 0.3164069765625 0.5166015500000001 0.3164069765625 0.5136713171875 0.3295906984375 0.5283209296875 0.336913953125 0.583984496875 0.3354488375 0.631835659375 0.2841790703125 0.708984496875 0.18017674374999998 0.6904294578125 0.17285116250000002 0.1894527125 0.1772465109375
