4 0.6757813953125 0.021972093749999998 0.66992248125 0.062988371875 0.6298821703125 0.0732418609375 0.617187596875 0.0454093015625 0.6230465109375001 0.00732325625 0.616210853125 0 0.6083984499999999 0.005860465625 0.49902325625 0 0.49609302343749995 0.030762790625 0.445313178125 0.0834953484375 0.443359690625 0.1127930234375 0.4345705421875 0.1289069765625 0.42187441875 0.12451162812500001 0.4101565890625 0.0834953484375 0.4482418609375 0 0.068359690625 0.001465115625 0.0976558140625 0.109862790625 0.1376945734375 0.1230465109375 0.15527286875 0.1435558140625 0.3310542640625 0.1845697671875 0.3408201546875 0.1757813953125 0.366210853125 0.17871162812500002 0.3955085265625 0.1992186046875 0.556640309375 0.22705116250000001 0.8017581390625 0.0351558140625 0.8339844968750001 0.001465115625 0.6611333328125 0.005860465625 0.6757813953125 0.021972093749999998
4 0.3798821703125 0.210937209375 0.3789069765625 0.2944325578125 0.40722635625 0.322265115625 0.414062015625 0.32080000000000003 0.414062015625 0.25927674375 0.4257813953125 0.23876976718749998 0.39160154999999996 0.2285162796875 0.3798821703125 0.210937209375
4 0.40527286875 0.36621162812499997 0.40039069843749997 0.37353488437500004 0.40039069843749997 0.5170906984375 0.43652403125 0.5214837203125 0.43359379843749996 0.49072325625 0.446288371875 0.4687511625 0.462889921875 0.48779302343750003 0.462889921875 0.5112302328125 0.45117209375 0.5170906984375 0.4667969 0.5200186046875 0.4726558140625 0.44970697656249997 0.41503875937499995 0.44531162812499997 0.414062015625 0.36767674375000003 0.40527286875 0.36621162812499997
4 0.11914108593749999 0.49365348906250006 0.12402325624999999 0.4804697671875 0.148437209375 0.4790046515625 0.15429612343750002 0.43798837187500006 0.1064449609375 0.42187441875 0.0810542640625 0.4248046515625 0.07617209375 0.45556744218749995 0.087889921875 0.47607441875 0.08398449687500001 0.5200186046875 0.0966790703125 0.53027441875 0.14062480625 0.5288093015625 0.14746046562499998 0.5273441859375 0.148437209375 0.5170906984375 0.12402325624999999 0.5126953484375 0.11914108593749999 0.49365348906250006
4 0.337889921875 0.203613953125 0.3330077515625 0.193360465625 0.3173829453125 0.193360465625 0.3076170546875 0.210937209375 0.2919922484375 0.210937209375 0.289062015625 0.2211906984375 0.291015503125 0.43212790625 0.19628837187499998 0.43652325625 0.1894527125 0.44970697656249997 0.19628837187499998 0.4804697671875 0.22753953437500002 0.4804697671875 0.243164340625 0.524413953125 0.289062015625 0.5258790703125 0.3007813953125 0.5229488375 0.29882790625 0.3559581390625 0.337889921875 0.2915046515625 0.337889921875 0.203613953125
4 0.9326170546875 0 0.8671875968749999 0.0454093015625 0.875 0.0512697671875 0.8730465109375001 0.0834953484375 0.8632806203125 0.095213953125 0.8564449609375 0.1376953484375 0.8330077515625 0.1611325578125 0.8271488375 0.1435558140625 0.8105472875 0.1420906984375 0.8105472875 0.49072325625 0.8251953484375001 0.47167907031249995 0.8525395343750001 0.4687511625 0.8574217046875001 0.47607441875 0.8564449609375 0.51562558125 0.8105472875 0.5170906984375 0.8105472875 0.6254883718750001 0.829102325 0.63867209375 0.834961240625 0.6562511625 0.9033209296875 0.6533209296875 1 0.67822325625 0.9941410859375001 0.0190418609375 0.991210853125 0 0.9326170546875 0
4 0.8369147281249999 0.14062558125 0.835937984375 0.1069325578125 0.851562790625 0.08935581406250001 0.8232418609375 0.0732418609375 0.7939457359375 0.0908209296875 0.6787116281250001 0.17285116250000002 0.67187441875 0.1831046515625 0.6757813953125 0.203613953125 0.7998046515625 0.1230465109375 0.8134759687500001 0.1289069765625 0.8251953484375001 0.1230465109375 0.8369147281249999 0.14062558125
4 0.8652341078125 0.3793953484375 0.875 0.37353488437500004 0.8789069765624999 0.3237302328125 0.8886713171875 0.3002930234375 0.8876945734374999 0.03222558125 0.8339844968750001 0.06884651093750001 0.8320310078125001 0.0834953484375 0.8388666671875 0.0937511625 0.85937519375 0.095213953125 0.85937519375 0.1215813953125 0.8525395343750001 0.1376953484375 0.822265115625 0.156737209375 0.8164062015625 0.1918953484375 0.8105472875 0.3706046515625 0.8144527125 0.3940418609375 0.8281255812499999 0.4028325578125 0.8310542640625 0.42187441875 0.8457038765625 0.4204093015625 0.85937519375 0.41748139531249995 0.8574217046875001 0.4028325578125 0.8652341078125 0.3940418609375 0.8652341078125 0.3793953484375
4 0.5937503875 0.235839534375 0.6152341078125 0.2475581390625 0.6113286828125 0.7456046515625 0.6289069765625 0.7543953484375 0.6289069765625 0.24169999999999997 0.6464837203125 0.2211906984375 0.647460465625 0.19628837187499998 0.5937503875 0.235839534375
4 0.8945317828125001 0.9887697671875 0.868164340625 0.9667976749999999 0.851562790625 0.9741209296875001 0.8623054265625001 0.9843744187500001 0.8945317828125001 0.9887697671875
4 0.6757813953125 0.9653325578124999 0.6826170546875 0.9785162796875 0.6894527125 0.9770511624999999 0.70312558125 0.962402325 0.70117209375 0.9536139531250001 0.6689457359375 0.9287116281250001 0.6757813953125 0.9653325578124999
4 0.7763674421875 0.8173837203125001 0.7695317828125 0.8334953484375 0.757812403125 0.9272465109375 0.7705085265625 0.9492186046875 0.8066403093750001 0.962402325 0.8105472875 0.9184581390625001 0.791015503125 0.9008790703124999 0.789062015625 0.827637209375 0.7763674421875 0.8173837203125001
4 0.66992248125 0.774902325 0.6826170546875 0.7851558140625 0.6855472875 0.7983395343749999 0.66992248125 0.8159186046875 0.66992248125 0.8803720937499999 0.7001953484375 0.9082023250000001 0.7382806203125 0.9272465109375 0.7460930234375 0.9038093015625 0.7558589140625 0.812988371875 0.6728511625 0.755860465625 0.66992248125 0.774902325
4 0.6289069765625 0.7895511625 0.6083984499999999 0.773437209375 0.2314449609375 0.8642581390625 0.22265581406249998 0.8686534890625 0.2207038765625 0.8833 0.22363255781250002 0.9990232562499999 0.6308589140625 0.9975581390625001 0.6347658921875 0.8950186046875 0.6074217046875 0.8422860468750001 0.6113286828125 0.812988371875 0.6289069765625 0.7895511625
4 0.068359690625 0.452637209375 0.07617209375 0.452637209375 0.0751953484375 0.4687511625 0.084961240625 0.4687511625 0.087889921875 0.44970697656249997 0.0830077515625 0.42187441875 0.052734884375 0.41162092968749997 0.0507813953125 0.11572325624999999 0.055663565625 0.102539534375 0.0644527125 0.10400465156250001 0.0576170546875 0.08496046562500001 0.039062015625 0.11865348906249999 0.037110078125 0.171386046875 0.023437209375 0.1772465109375 0.025390698437499998 0.49365348906250006 0.052734884375 0.5024418609375 0.0498046515625 0.5126953484375 0.0351565890625 0.5200186046875 0.0351565890625 0.537597675 0.048827906250000004 0.54052790625 0.085937984375 0.5258790703125 0.085937984375 0.5141604656250001 0.0742186046875 0.5024418609375 0.068359690625 0.452637209375
