4 0.48022598906249997 0.002474509375 0.1086638421875 0.002474509375 0.11061581875 0.02416470625 0.1350310734375 0.0445019609375 0.3422796609375 0.13333333281249998 0.34897175156250004 0.13333333281249998 0.48022598906249997 0.0039372546875 0.48022598906249997 0.002474509375
4 0.1372401125 0.4705843140625 0.1069661015625 0.4719411765625 0.11185028281250001 0.53023529375 0.2837259890625 0.5356588234374999 0.334940678125 0.5568627453125 0.33898305156249997 0.5568627453125 0.33898305156249997 0.468003921875 0.269076271875 0.47465097968750003 0.29153672343750003 0.505831371875 0.3149745765625 0.5085450984375 0.33450565 0.53023529375 0.301302259375 0.527525490625 0.2622401125 0.49227450937499995 0.24661581875 0.5004078437499999 0.23977966093749997 0.4827843140625 0.25833333281250004 0.49227450937499995 0.2524745765625 0.478717646875 0.186067796875 0.46787450937499997 0.1587259890625 0.51667843125 0.1372401125 0.4705843140625
4 0.3438305078125 0.39235294062500004 0.34187570625 0.21339999999999998 0.35457344687500003 0.22831372499999997 0.4268389828125 0.1822196078125 0.42976836093750004 0.4872509796875 0.43757909531249994 0.4872509796875 0.43757909531249994 0.31372156875 0.4991045203125 0.290674509375 0.5039858749999999 0.5143647062500001 0.521564971875 0.5252117640625 0.54988418125 0.6404431374999999 0.597949153125 0.6509803921875 0.6058587578125 0.6509803921875 0.61238418125 0.6160431375 0.6485169484375 0.603839215625 0.64461016875 0.034447059375 0.686440678125 0.000686275 0.686440678125 0.0005568624999999999 0.4932429375 0.0005568624999999999 0.3487118640625 0.13883529375 0.10945480156250001 0.0398705875 0.107502825 0.2161098046875 0.157307909375 0.2174666671875 0.1563305078125 0.23780392187500002 0.18074293749999998 0.2554274515625 0.18660452031250002 0.27711764687499996 0.240313559375 0.289317646875 0.232502825 0.3354117640625 0.240313559375 0.34625882343750003 0.24129096093750002 0.4696274515625 0.251056496875 0.3937098046875 0.3438305078125 0.39235294062500004
4 0.0642090390625 0 0.01988418125 0.000725490625 0.017937853125 0.61960784375 0.0336694921875 0.61960784375 0.038437853125 0.5335137249999999 0.1073446328125 0.5240823531250001 0.1073446328125 0.47778431406250005 0.10289830468750001 0 0.0642090390625 0
4 0.720514125 0 0.7195395484375 0.1743843140625 0.73949435 0.18823529375 0.749576271875 0.18823529375 0.9021553671874999 0.1323568625 0.9039548015625 0.05328627500000001 0.9039548015625 0.0035411765625 0.7432768359375 0 0.720514125 0
4 0.66599435 0.1302509796875 0.6977401125 0.159631371875 0.6977401125 0.022274509375 0.66599435 0.046196078125 0.66599435 0.1302509796875
4 1 0.0922549015625 0.999073446875 0.0009019609375 0.92387853125 0.0022549015625 0.92387853125 0.1215568625 0.9239096046874999 0.121568628125 0.938497175 0.121568628125 1 0.09717254843749999 1 0.0922549015625
4 1 0.101960784375 0.9996129937499999 0.101960784375 0.926807909375 0.12756470625 0.92387853125 0.15603529375 0.9358502828124999 0.1607843140625 0.9395875703125001 0.1607843140625 0.999073446875 0.14112156874999998 1 0.10380784375 1 0.101960784375
4 0.672062146875 0.43137254843750006 0.700564971875 0.43137254843750006 0.700564971875 0.36514902031249996 0.6752175140625 0.32735686249999996 0.6644774015625 0.429031371875 0.672062146875 0.43137254843750006
4 1 0.17206666718750002 0.9912598875 0.170717646875 0.9258305078125 0.19376470625 0.92387853125 0.42423529374999996 0.9260367234375 0.43921568593750004 1 0.43921568593750004 1 0.17206666718750002
4 0.7184124296875 0.498039215625 0.732305084375 0.498039215625 0.734186440625 0.44839607812500004 0.7664152546875 0.43348235312499994 0.785946328125 0.4443294125 0.90112994375 0.44036470625 0.90112994375 0.1379568625 0.7410225984375 0.19487843124999998 0.718562146875 0.1853882359375 0.71661016875 0.47550980468750004 0.7184124296875 0.498039215625
4 0.9253954796875 0.45119215625000003 0.9282655375 0.521568628125 0.997175140625 0.521568628125 0.997175140625 0.447203921875 0.9253954796875 0.45119215625000003
4 0.738949153125 0.5018117640625 0.7526214687499999 0.46927450937500004 0.7584802265625 0.4882549015625 0.7662937859375 0.46656470624999996 0.776059321875 0.5099450984375 0.8713502828124999 0.513725490625 0.8812881359375 0.513725490625 0.90112994375 0.51160784375 0.90112994375 0.44914509843749995 0.9010593218749999 0.4475843140625 0.7360197734375 0.45436078437500005 0.738949153125 0.5018117640625
4 0.70338983125 0.20395294062499997 0.702562146875 0.0212901953125 0.6644774015625 0.049760784375 0.6625225984374999 0.2422666671875 0.6640875703125 0.2431372546875 0.6854096046875 0.2431372546875 0.70338983125 0.2368980390625 0.70338983125 0.20395294062499997
4 0.676700565625 0.6039215687499999 0.70338983125 0.5915725484375 0.70338983125 0.5743333328125 0.70061016875 0.2539333328125 0.665451978125 0.2647803921875 0.6625225984374999 0.28782352968749997 0.6625225984374999 0.59963529375 0.6717853109374999 0.6039215687499999 0.676700565625 0.6039215687499999
4 0.667946328125 0.6394274515625 0.6744661015625 0.6588235296875 0.6899576265625 0.6588235296875 0.6977401125 0.6516196078125 0.6977401125 0.646517646875 0.6923615812499999 0.632647059375 0.667946328125 0.6394274515625
4 0.3146694921875 0.9947882359375001 0.334192090625 0.99607843125 0.35564406718749997 0.99607843125 0.3547062140625 0.96360784375 0.3146694921875 0.9947882359375001
4 0.3615819203125 0.731886275 0.349177965625 0.7093725484375 0.33355367187499996 0.7093725484375 0.301327684375 0.7351294125 0.306686440625 0.7372549015625001 0.33399999999999996 0.7372549015625001 0.3615819203125 0.7324705875 0.3615819203125 0.731886275
4 0.39548022656250004 0.7992901953125 0.39548022656250004 0.7408235296875 0.3706497171875 0.7267803921875 0.37553389843749996 0.7932117640625 0.395064971875 0.8149019609374999 0.39548022656250004 0.7992901953125
4 1 0.6853490203125 0.9991610171875 0.6492549015625 0.9552146890625 0.6479019609375001 0.9600988703125 0.6899294125 0.9680225984374999 0.690196078125 1 0.690196078125 1 0.6853490203125
4 0.997175140625 0.7725490203125001 0.997175140625 0.7051411765625 0.9459039546874999 0.7012588234375 0.9429745765625 0.645674509375 0.9322316390625 0.6388980390625 0.9253954796875 0.7487098046875 0.9906497171875 0.7725490203125001 0.997175140625 0.7725490203125001
4 1 0.798886275 0.9078502828125 0.767913725 0.9049209046875 0.65539215625 0.8609745765625 0.64319215625 0.8287485875 0.8614588234375 0.8297259890625 0.9712705875 0.815076271875 0.9672039218749999 0.8023813562500001 0.86823529375 0.6715225984375001 0.8601019609374999 0.6627316390625 0.8858627453125001 0.6705451984375 0.9563568625000001 0.651991525 0.9739803921875 0.649062146875 0.8695921562500001 0.611951978125 0.8451882359375 0.5924209046875 0.7855411765625 0.5826553671875 0.6960627453125 0.5963276843750001 0.6689490203124999 0.5543333328125 0.651325490625 0.5435932203125 0.652682353125 0.5416384187500001 0.690639215625 0.570935028125 0.7475803921875 0.524062146875 0.7828274515625 0.5221073453125 0.877725490625 0.4742570625 0.879082353125 0.4674209046875 0.780117646875 0.419567796875 0.751647059375 0.41273163906250004 0.8370549015625001 0.4264039546875 0.8533254906250001 0.39710734531249997 0.8885725484375 0.393200565625 0.9211098046874999 0.377576271875 0.9400901953125 0.37851412500000003 0.99607843125 1 0.99607843125 1 0.798886275
