4 0.055937984375000006 0.3867209296875 0.0373829453125 0.41748139531249995 0.04617209375 0.4423837203125 0.0901178296875 0.4731465109375 0.0637503875 0.5185558140625 0.0217581390625 0.56982558125 0.0119922484375 0.622560465625 0.01687596875 0.647462790625 0.032500774999999996 0.6357441859375 0.0422666671875 0.63867209375 0.053984496874999996 0.6533209296875 0.0696093015625 0.6562511625 0.0842589140625 0.687013953125 0.0813286828125 0.7148441859375 0.0451953484375 0.7221697671875 0.054961240625 0.748537209375 0.054961240625 0.7895511625 0.038359690625 0.805665115625 0.032500774999999996 0.802734884375 0.0295705421875 0.8188488375 0.033477518750000004 0.8627906984375 0.049114728125 0.8627906984375 0.11648527187499999 0.8437511625 0.1213674421875 0.8334976749999999 0.14089922500000002 0.645997675 0.10964961250000001 0.6108418609374999 0.09793023281249999 0.5112325578125 0.1282031 0.5126953484375 0.1428527125 0.5961930234375 0.15750077499999998 0.6093767437500001 0.166289921875 0.6020511625 0.15847751875 0.5170906984375 0.1682434109375 0.499513953125 0.166289921875 0.3559581390625 0.1721488375 0.3413093015625 0.15652403125 0.3002930234375 0.1545705421875 0.27392790625 0.1623829453125 0.2563488375 0.164336434375 0.188965115625 0.1828914734375 0.161134884375 0.20144651093750002 0.156739534375 0.1692201546875 0.1435558140625 0.166289921875 0.133302325 0.181914728125 0.11572325624999999 0.18972713125000001 0.0747093015625 0.20437519375000002 0.06152558125 0.2180480625 0.06152558125 0.2201550390625 0.054148837500000005 0.2201550390625 0.050686046875 0.20242325625 0.038086046875 0.1692201546875 0.03222790625 0.15750077499999998 0.0000023249999999999998 0.00027441875 0.001465115625 0.00027441875 0.28857441875 0.0110170546875 0.27539069843749997 0.01687596875 0.31347674375 0.0305472875 0.2959 0.036406201562500004 0.32812558125 0.053984496874999996 0.319337209375 0.070586046875 0.3383790703125 0.0686341078125 0.358888371875 0.086210853125 0.3706069765625 0.055937984375000006 0.3867209296875
4 0.2735565890625 0.49077674375 0.2862527125 0.49517209375000004 0.2872294578125 0.4526906984375 0.2735565890625 0.4146046515625 0.2823457359375 0.3926325578125 0.294065115625 0.38677209375 0.325314728125 0.395562790625 0.3282449609375 0.42339534843750004 0.3594945734375 0.449760465625 0.3653534890625 0.50542558125 0.3585178296875 0.5303279062499999 0.39562790625 0.5303279062499999 0.40832248125000004 0.5083558140625 0.41027596875 0.417534884375 0.42297054218749996 0.40435116249999997 0.46008062031249997 0.4072813953125 0.46886976718750006 0.42339534843750004 0.463986046875 0.45708604687500004 0.4522682171875 0.4248581390625 0.4239472875 0.42632325625 0.4219937984375 0.499565115625 0.4366434109375 0.527397675 0.5245333328124999 0.521539534375 0.5323457359375 0.46880465156250006 0.59679845 0.46294418593750003 0.6065643406250001 0.44829767499999995 0.6163302328125 0.44829767499999995 0.6241426359375 0.46294418593750003 0.64562790625 0.442437209375 0.6573457359375 0.4160697671875 0.6719937984375 0.44683255781250003 0.6719937984375 0.5171441859375 0.7120341078125 0.5303279062499999 0.7147286828125 0.402311628125 0.7147286828125 0.39116976718749996 0.5323457359375 0.3926325578125 0.16906511562499998 0.36626511562499997 0.16613488437499999 0.5083558140625 0.1944558140625 0.5156790703125 0.20812713125 0.5479069765625 0.2188697671875 0.5464418609374999 0.2413302328125 0.54497674375 0.2530496125 0.521539534375 0.275510078125 0.5200744187499999 0.27062790625 0.5010302328125 0.23742480625 0.49517209375000004 0.2364480625 0.46733953437500003 0.27062790625 0.46294418593750003 0.2735565890625 0.49077674375
4 0.34722480624999996 0.9299 0.3487782953125 0.9302325578125 0.3621953484375 0.9302325578125 0.3658914734375 0.9228418609375 0.3658914734375 0.9205534890625 0.34624961249999997 0.90792790625 0.34722480624999996 0.9299
4 0.34323410781249997 0.9621046515625 0.3441829453125 0.99767441875 0.3645410859375 0.99767441875 0.3720930234375 0.9972837203125 0.3720930234375 0.975602325 0.37155348906249996 0.9489209296875 0.34323410781249997 0.9621046515625
4 0.29091162812500004 0.994111628125 0.3074 0.9953488374999999 0.33007596875 0.9953488374999999 0.3302325578125 0.9927697671875 0.3302325578125 0.9630441859375001 0.299700775 0.93112325625 0.29091162812500004 0.994111628125
4 0.43582635625000005 0.9975186046875001 0.43720930156250004 0.9830046515624999 0.43720930156250004 0.9761534890625001 0.425085271875 0.9579674421875 0.3977410859375 0.940388371875 0.3850465109375 0.947713953125 0.3898046515625 0.99767441875 0.430914728125 0.99767441875 0.43582635625000005 0.9975186046875001
4 0.2463410859375 0.8657953484375 0.24536434062499998 0.8848372093749999 0.2326682171875 0.886302325 0.22680930156249998 0.9946999999999999 0.2775906984375 0.9976302328125 0.2868217046875 0.928397675 0.2868217046875 0.9239302328125 0.2736837203125 0.9126697671875 0.2717317828125 0.8599348843750001 0.25513023281249997 0.8584697671875 0.2463410859375 0.8657953484375
4 0 0.94447209375 0.0006697671875 0.99767441875 0.087099225 0.99767441875 0.21259069843749998 0.9968069765625 0.22170542656249997 0.8764930234375001 0.22170542656249997 0.8671418609374999 0.2135674421875 0.8576465109375 0.2008713171875 0.8591116281250001 0.1911069765625 0.952862790625 0.180364340625 0.95432558125 0.1911069765625 0.8620418609374999 0.1911069765625 0.83567441875 0.18622325625 0.8312790703124999 0.1559503875 0.8415325578124999 0.1539969 0.8971976749999999 0.147161240625 0.913311628125 0.14032558125 0.9089162796875 0.141302325 0.842997675 0.1286062015625 0.8503232562499999 0.12372403125 0.884013953125 0.11493488437499999 0.8796186046875001 0.1139581390625 0.8517883718749999 0.0807550390625 0.8576465109375 0.031927131250000004 0.8752255812499999 0.0289969 0.8942674421874999 0.0123953484375 0.9191697671875 0 0.9206 0 0.94447209375
4 1 0.9888465109375 0.999086821875 0.8668581390625001 0.9756480625 0.8697883718750001 0.9580713171875 0.86392790625 0.952210853125 0.8492790703124999 0.938539534375 0.8434209296875 0.77252403125 0.790686046875 0.75982790625 0.7950813953125 0.75982790625 0.9767209296875 0.74127441875 0.9899046515625001 0.74127441875 0.99767441875 0.92142325625 0.99767441875 1 0.9972302328125 1 0.9888465109375
4 0.170863565625 0 0.1660558140625 0.0129813953125 0.17679845 0.029093023437499997 0.2197674421875 0.040811628125 0.24711007812500002 0.040811628125 0.25297054218750004 0.0203046515625 0.26273488437500003 0.0203046515625 0.2685953484375 0.0525302328125 0.3007503875 0.058139534375 0.311159690625 0.058139534375 0.3184 0.0364186046875 0.3193705421875 0 0.170863565625 0
4 0.427502325 0.0744186046875 0.4294573640625 0.024565115625 0.4294573640625 0.00015813906249999998 0.3298294578125 0.0016093015624999998 0.3298294578125 0.0396953484375 0.336665115625 0.064597675 0.3796341078125 0.0616674421875 0.425914728125 0.0744186046875 0.427502325 0.0744186046875
4 0.5560806203124999 0 0.44096744218749995 0.0009744187499999999 0.44096744218749995 0.071288371875 0.45366201562499997 0.087402325 0.48491317812499996 0.093260465625 0.4917488375 0.039060465625 0.5103038765625 0.0346674421875 0.517139534375 0.0537093015625 0.5161627906249999 0.1049790703125 0.5708496125 0.1284162796875 0.6001472875 0.1313465109375 0.5991705421875 0.085937209375 0.61772558125 0.078611628125 0.6226077515624999 0.088865115625 0.618702325 0.1298813953125 0.622035659375 0.1348837203125 0.6249209296875 0.1348837203125 0.705615503125 0.1049790703125 0.72807596875 0.08007674375 0.7241705421875 0.03027209375 0.7310062015625001 0.0229488375 0.7476077515624999 0.0273418609375 0.7476077515624999 0.071288371875 0.7642093015625 0.0727534890625 0.9441860468750001 0.0012488375 0.9441860468750001 0.0009720937500000001 0.742610853125 0 0.641040309375 0 0.6353038765625 0.0229488375 0.61772558125 0.0229488375 0.6139007750000001 0 0.5560806203124999 0
