4 0.6971798453125 0.16046511562500002 0.7069767437500001 0.1506674421875 0.7069767437500001 0.1493093015625 0.7061178296875 0.1402953484375 0.6094387593749999 0.12711162812500001 0.6094387593749999 0.1388302328125 0.624086821875 0.152013953125 0.6828387593749999 0.16046511562500002 0.6971798453125 0.16046511562500002
4 0.34940000000000004 0.09302325624999999 0.355038759375 0.0866790703125 0.355038759375 0.08405813906250001 0.35257519375 0.07297209375 0.25426356562499997 0.059830232812499995 0.25426356562499997 0.0777093015625 0.2607782953125 0.0846906984375 0.3314062015625 0.09302325624999999 0.34940000000000004 0.09302325624999999
4 0.5937550390624999 0.14186046562500002 0.6 0.1324930234375 0.6 0.12573255781249998 0.5984217046875 0.12020930156250001 0.4939302328125 0.10702558124999999 0.4939302328125 0.1187465109375 0.50662480625 0.13192790625 0.5908062015625 0.14186046562500002 0.5937550390624999 0.14186046562500002
4 0.477187596875 0.1209302328125 0.4852713171875 0.1112302328125 0.4852713171875 0.1092093015625 0.477336434375 0.0999511625 0.367961240625 0.0794441859375 0.36112558125 0.0867674421875 0.36991472812500004 0.1028813953125 0.4708046515625 0.1209302328125 0.477187596875 0.1209302328125
4 0.1354418609375 0 0.0000325578125 0.001260465625 0.0010077515625 0.0378837203125 0.1441565890625 0.058139534375 0.15647286875 0.058139534375 0.158139534375 0.043134884375 0.158139534375 0.0421906984375 0.1533519375 0.0378837203125 0.081086821875 0.026162790624999998 0.0781565890625 0.0159093015625 0.1572589140625 0.026162790624999998 0.1572589140625 0 0.1354418609375 0
4 1 0.066337209375 0.9600186046875001 0.08242558125 0.9570883718750001 0.0926813953125 0.9668542640625001 0.1044 0.9668542640625001 0.11611860468749999 0.9522062015625 0.1380906984375 0.9443937984374999 0.1380906984375 0.9375581390625 0.12490697656250001 0.9512294578124999 0.098539534375 0.9482992250000001 0.08535581406250001 0.8604093015625001 0.12344186093750001 0.8672449609375 0.15420465156250002 0.8506434109375001 0.17617674375 0.839900775 0.1629930234375 0.8516201546875 0.1395558140625 0.8506434109375001 0.12637209375 0.7881441859375 0.1556674421875 0.714900775 0.142486046875 0.714900775 0.160062790625 0.7256434109375001 0.17031627968750002 0.8562465109374999 0.1860465109375 0.8604217046875 0.1860465109375 0.9990806203125 0.1322302328125 1 0.0701953484375 1 0.066337209375
4 0.9984496125 0.0011488375 0.25157364375 0.0011488375 0.2564558140625 0.049488371875 0.715440309375 0.13737907031250002 0.751359690625 0.139534884375 0.7939441859375 0.139534884375 0.9984496125 0.052502325 0.9984496125 0.0011488375
4 0.1762589140625 0.7632813953124999 0.1801426359375 0.80697674375 0.1802806203125 0.80697674375 0.196899225 0.7709697671875 0.196899225 0.766865115625 0.192860465625 0.7559581390625 0.1762589140625 0.7632813953124999
4 0.30387596875 0.7489093015625 0.26413023281250003 0.750362790625 0.26120155 0.7606162796875 0.267060465625 0.7781953484375 0.301489921875 0.8441860468750001 0.30224496093750003 0.8441860468750001 0.30387596875 0.7634372093749999 0.30387596875 0.7489093015625
4 0.41699224843750005 0.7763697671875 0.4062496125 0.78662325625 0.4101565890625 0.9155302328125 0.40527286875 0.9228534890625 0.3964837203125 0.906739534375 0.39062480625 0.7924837203124999 0.3710930234375 0.7924837203124999 0.367187596875 0.883302325 0.35839845000000004 0.8876976750000001 0.3574217046875 0.8159209296875 0.34472713125 0.788088371875 0.3271488375 0.7851581390625 0.3164062015625 0.9096697671875 0.3095705421875 0.9228534890625 0.302734884375 0.918460465625 0.302734884375 0.8774441859375001 0.2978511625 0.8759790703125001 0.25683565937499997 0.8935581390625 0.18847596875 0.896486046875 0.181640309375 0.9008813953124999 0.181640309375 0.9301790703125 0.17285116250000002 0.937502325 0.164062015625 0.8979511625000001 0.148437209375 0.883302325 0.16015658906250002 0.8540069765625 0.15429612343750002 0.8129906984374999 0.149413953125 0.8056674421875 0.1279302328125 0.8085953484375 0.11914108593749999 0.8159209296875 0.1123054265625 0.91992325625 0.10351627968749999 0.918460465625 0.0996093015625 0.8217790703125001 0.086914728125 0.817386046875 0.0820310078125 0.8247093015625 0.07617209375 0.9624046515625 0.06542945781250001 0.9726581390625 0.060547287500000005 0.95947441875 0.0644527125 0.8217790703125001 0.0498046515625 0.8144558140625 0.04492248125 0.85107674375 0.0332031 0.8715837203125 0.025390698437499998 0.9536162796875001 0.01660155 0.9580093015625 0.0136713171875 0.9243186046874999 0.0214837203125 0.8071302328125001 0.0126945734375 0.7939465109375 0 0.7983418609374999 0.00097674375 0.99902558125 1 0.9975604656250001 0.9990232562499999 0.8671906984375 0.9892573640625001 0.8671906984375 0.9775395343750001 0.8876976750000001 0.8505860468750001 0.9169953484375 0.8310542640625 0.9169953484375 0.758789146875 0.8789093015624999 0.6982418609375001 0.89062790625 0.46972713125 0.7617209296875 0.461914728125 0.7265651156249999 0.4492186046875 0.730960465625 0.437500775 0.77197441875 0.443359690625 0.8686558140624999 0.43847596875 0.8994162796875 0.431640309375 0.8891627906249999 0.42187441875 0.7807651156250001 0.41699224843750005 0.7763697671875
4 0.17674418593750002 0.08452558125000001 0.1706806203125 0.0702325578125 0.1657969 0.144939534375 0.1697038765625 0.16837674375 0.172486821875 0.1697674421875 0.17559845000000002 0.1697674421875 0.17674418593750002 0.119934884375 0.17674418593750002 0.08452558125000001
4 0.21714573593750003 0.1837209296875 0.2201550390625 0.1182674421875 0.2201550390625 0.0978534890625 0.21412248125 0.07587907031249999 0.21314573593750002 0.09492325625 0.19556899218749998 0.10957209375000002 0.19556899218749998 0.18281395312499998 0.20222170468749998 0.1837209296875 0.21714573593750003 0.1837209296875
4 0.102511628125 0.6420465109375 0.1396217046875 0.6391162796875001 0.148410853125 0.6552302328125 0.150362790625 0.6874558140625 0.1663674421875 0.7255813953125 0.1983162796875 0.7255813953125 0.19919069843749998 0.7255418609375 0.2077519375 0.72297441875 0.2077519375 0.6994697671875 0.17477674375000002 0.627397675 0.0839565890625 0.6259325578125 0.102511628125 0.6420465109375
4 0.09118449687499999 0.59302325625 0.18444186093749998 0.585811628125 0.1860465109375 0.5801953484375 0.1860465109375 0.5741697671875 0.11608217031250001 0.5008511625 0.09850387656250001 0.4979209296875 0.08092558125 0.5067116281249999 0.07408992187499999 0.5198953484375 0.0916682171875 0.5433325578125 0.0848325578125 0.5565162796875 0.041863565625 0.5594465109375 0.029167442187499996 0.58727674375 0.029934884374999998 0.59302325625 0.0424945734375 0.59302325625 0.04772248125 0.5799534890625 0.0672542640625 0.5740930234375 0.0762682171875 0.59302325625 0.09118449687499999 0.59302325625
4 0.158139534375 0.159813953125 0.158139534375 0.0684046515625 0.0010077515625 0.0405906984375 0.0000325578125 0.3320930234375 0.0322589140625 0.33062790625 0.0576496125 0.3013325578125 0.07229767499999999 0.3233046515625 0.060578295312499995 0.33502325625 0.0390945734375 0.38482790625 0.073539534375 0.40930232499999997 0.0762806203125 0.40930232499999997 0.080110078125 0.3145162796875 0.08792248124999999 0.2881488375 0.112336434375 0.23980930156250002 0.1504217046875 0.20611627968750001 0.158139534375 0.159813953125
4 0.291384496875 0.5269813953125 0.2679472875 0.5445604656249999 0.2669705421875 0.563602325 0.2513457359375 0.5782511625 0.3812294578125 0.5885046515625 0.3665798453125 0.6807906984375001 0.3698093015625 0.6813953484375 0.38422635625 0.6813953484375 0.440310078125 0.6169 0.440310078125 0.12110000000000001 0.3753689921875 0.10510697656250001 0.37048682187500004 0.12707907031250001 0.3577906984375 0.13147441875000002 0.3441193796875 0.0992465109375 0.260134884375 0.08459767500000001 0.253299225 0.09485348906249999 0.25525271250000003 0.2003209296875 0.291384496875 0.22815348906250002 0.32361085312500004 0.2764930234375 0.3431426359375 0.3409465109375 0.34509612343749996 0.3907511625 0.3372837203125 0.44348604687500004 0.3216589140625 0.4845 0.291384496875 0.5269813953125
