4 0.59472713125 0.038086046875 0.5898434109374999 0.0512697671875 0.587889921875 0.2680674421875 0.618164340625 0.26367209375 0.6357426359375 0.272460465625 0.64062480625 0.282713953125 0.6386713171875 0.3149418609375 0.648437209375 0.32080000000000003 0.8505860468750001 0.27539069843749997 0.937500775 0.001465115625 0.6533209296875 0 0.59472713125 0.038086046875
4 0.38671937968750003 0.001465115625 0.148437209375 0.001465115625 0.287110078125 0.109862790625 0.38671937968750003 0.001465115625
4 0.8486325578124999 0.2783209296875 0.587889921875 0.3413093015625 0.5908201546875 0.45410232500000003 0.6123054265625 0.45410232500000003 0.62597674375 0.4482418609375 0.6279302328125 0.4394534890625 0.6376945734375 0.44531162812499997 0.6455085265625 0.43652325625 0.68652403125 0.44531162812499997 0.693359690625 0.4584953484375 0.6953131781249999 0.5639651156250001 0.7021488375 0.585937209375 0.71777364375 0.5830069765625 0.7207038765625 0.5668953484375 0.7207038765625 0.5434581390625 0.708984496875 0.531737209375 0.708984496875 0.5053720937499999 0.75097674375 0.50097674375 0.7539069765625 0.5346674421875 0.7402341078125 0.54052790625 0.7441410859375 0.587402325 0.789062015625 0.6049813953125 0.7861333328125 0.618165115625 0.7753906984375 0.6225581390625 0.772460465625 0.6533209296875 0.7636713171875 0.6167 0.7636713171875 0.67822325625 0.8339844968750001 0.6987302328125 0.835937984375 0.6254883718750001 0.8476558140625 0.6108395343749999 0.8496093015625 0.5551767437499999 0.8486325578124999 0.2783209296875
4 0.9033209296875 0.117188371875 0.8535162796875 0.2709953484375 0.8496093015625 0.484862790625 0.8535162796875 0.5815418609375 0.8613286828125 0.5610348843749999 0.8652341078125 0.2944325578125 0.9003906984375 0.212402325 0.9033209296875 0.117188371875
4 0.8652341078125 0.3002930234375 0.8632806203125 0.578613953125 0.8769534890624999 0.587402325 0.875 0.5610348843749999 0.8964837203125 0.5170906984375 0.8994139531249999 0.21386744218749998 0.8652341078125 0.3002930234375
4 0.8330077515625 0.7060558140625 0.7626945734375 0.6914069765625 0.7548821703125 0.711913953125 0.7470697671875 0.6767581390624999 0.7138666671875 0.665039534375 0.7001953484375 0.694334884375 0.693359690625 0.6899418609375 0.6923829453125 0.67382790625 0.68652403125 0.6767581390624999 0.62402325625 0.7851558140625 0.5908201546875 0.7675790703125001 0.5820310078125 0.774902325 0.5830077515625 0.9990232562499999 0.8867193796875 0.9975581390625001 0.8886713171875 0.8569325578125 0.8789069765624999 0.8305674421875 0.851562790625 0.8012697671875 0.8330077515625 0.7060558140625
4 0.101562790625 0.9975581390625001 0.117187596875 0.9917 0.11621085312499999 0.9375 0.023437209375 0.9917 0.101562790625 0.9975581390625001
4 0.22753953437500002 0.8554697671874999 0.21386666718749997 0.8789069765624999 0.20410232499999997 0.8759767437500001 0.15722635625 0.90527441875 0.15527286875 0.914062790625 0.1425782953125 0.91552790625 0.1455085265625 0.993165115625 0.19433643437499998 0.9990232562499999 0.208984496875 0.9917 0.21386666718749997 0.884765115625 0.21777364375000002 0.9990232562499999 0.337889921875 0.9975581390625001 0.3808589140625 0.9506837203125 0.3808589140625 0.9272465109375 0.2841798453125 0.82617209375 0.22753953437500002 0.8554697671874999
4 0 0.9917 0.0097658921875 0.9917 0.118164340625 0.9287116281250001 0.125 0.91552790625 0.1308589140625 0.07177674375000001 0.09277364375 0.07617209375 0.06542945781250001 0.06738372031249999 0.00097674375 0.014648837500000001 0 0.8071279062500001 0.0136713171875 0.827637209375 0.0214837203125 0.859862790625 0.0136713171875 0.93017674375 0 0.962402325 0 0.9917
4 0.225586046875 0.06738372031249999 0.2080077515625 0.029297675000000002 0.1904294578125 0.0351558140625 0.14746046562499998 0.008788371875000001 0.1386713171875 0.906737209375 0.1435550390625 0.9111325578124999 0.2841798453125 0.820311628125 0.3789069765625 0.91552790625 0.39062480625 0.00732325625 0.3779302328125 0.0117186046875 0.288085271875 0.1142581390625 0.225586046875 0.06738372031249999
4 0.399413953125 0.62402325625 0.5175782953125 0.6606441859375 0.5185550390625 0.5830069765625 0.3964837203125 0.5639651156250001 0.3945317828125 0.6167 0.399413953125 0.62402325625
4 0.3925782953125 0.780762790625 0.397460465625 0.7910162796875 0.51562480625 0.8686534890625 0.5175782953125 0.8042 0.5126945734375 0.7910162796875 0.3945317828125 0.725097675 0.3925782953125 0.780762790625
4 0.38183565937499997 0.9521488375 0.34179689999999996 0.9975581390625001 0.4257813953125 1 0.38183565937499997 0.9521488375
