4 0.31002635624999997 0 0.305262015625 0.0100069765625 0.3033085265625 0.8771930234375 0.31168372031249997 0.909302325 0.33065116250000004 0.909302325 0.33065116250000004 0.842037209375 0.35213643437500003 0.762937209375 0.35213643437500003 0.5959441859375 0.36092558124999996 0.5856906984375 0.4556511625 0.5871558140625 0.4595581390625 0.6047325578125 0.453699225 0.7453581390624999 0.4654170546875 0.8156697671875 0.4663937984375 0.8815883718749999 0.6558465109375 0.849362790625 0.6851441859375 0.84057209375 0.6939333328124999 0.8186 0.69457364375 0.7763302328125 0.69457364375 0.6831302328125 0.69002635625 0.660397675 0.680262015625 0.6633279062499999 0.6724480625 0.765865115625 0.6441286828125 0.7731906984375 0.602136434375 0.7307093015625 0.5982294578125 0.6486790703125 0.5630744187500001 0.607662790625 0.5640496125000001 0.5710418609375 0.6128790703125 0.5651813953125 0.6245969 0.521237209375 0.649010853125 0.5432093015625 0.6460821703125 0.5622534890625001 0.6890496125000001 0.5710418609375 0.6939333328124999 0.5637162796874999 0.6919798453125 0.5080534890624999 0.6890496125000001 0.5007302328125001 0.5503782953125 0.5007302328125001 0.541589146875 0.4934046515625 0.5454961234375 0.10082790625 0.538660465625 0.0261186046875 0.4535286828125 0 0.31002635624999997 0
4 0.11973643437499999 0 0.11486511562499999 0.16516744218749999 0.127559690625 0.187139534375 0.1412325578125 0.1900697671875 0.14611472812499998 0.2061837203125 0.1363488375 0.223760465625 0.1314666671875 0.2926093015625 0.12267751874999999 0.2823558140625 0.11877054218750001 0.22083255781250002 0.10509922499999999 0.22083255781250002 0.11486511562499999 0.30579302343750003 0.1109581390625 0.522588371875 0.127559690625 0.538702325 0.1529503875 0.5416325578125 0.1627162796875 0.562139534375 0.1959193796875 0.5738581390624999 0.19689612343750001 0.5811837203125 0.1324434109375 0.6192697671875 0.130489921875 0.6427069765625 0.11877054218750001 0.65442558125 0.12072403125 0.66907441875 0.1090062015625 0.677862790625 0.10509922499999999 0.756965115625 0.0943565890625 0.7847953484375 0.059201550000000006 0.8082348843749999 0 0.8242465109375001 0 0.9930232562500001 0.275660465625 0.9930232562500001 0.29455193749999997 0.9561837203125 0.30387596875 0.9114302328124999 0.30387596875 0.7050697671874999 0.302364340625 0.006965115625 0.2995798453125 0 0.11973643437499999 0
4 0.7805798453125 0.5213186046875 0.7883922484375 0.5213186046875 0.7971813953125 0.49934651093750004 0.7883922484375 0.44807674375 0.7737426359375 0.47883953437500004 0.7815565890625 0.36165116249999996 0.7737426359375 0.3499325578125 0.7776496125000001 0.18586976718749998 0.769837209375 0.1712209296875 0.769837209375 0.1448558140625 0.7805798453125 0.125811628125 0.7883922484375 0.125811628125 0.7942511624999999 0.1492488375 0.7991333328125 0.1243465109375 0.808899225 0.11555813906250001 0.8069472875000001 0.1009093015625 0.792297675 0.093586046875 0.768860465625 0.0994441859375 0.7571410859375 0.0847953484375 0.7024542640625 0.0701488375 0.6868294578125 0.0701488375 0.6555798453125 0.1199534890625 0.5481581390625 0.096513953125 0.54327441875 0.48762790625 0.5735488375 0.49495348906250003 0.70147751875 0.48762790625 0.7034310078125 0.5784488375 0.73272713125 0.59602790625 0.7190558140625 0.642902325 0.7034310078125 0.6604790703125001 0.70147751875 0.8186837203125 0.70757519375 0.8232558140625 0.7151038765625 0.8232558140625 0.8284310078124999 0.7981744187500001 0.8356589140624999 0.1639162796875 0.8356589140624999 0.112002325 0.8294077515625 0.10530465156249999 0.816711628125 0.12141627968749999 0.7893689921875 0.19173023281249998 0.7854620156250001 0.42903488437500004 0.7913209296875 0.42903488437500004 0.787415503125 0.44368372031250003 0.801086821875 0.48469767499999994 0.801086821875 0.508137209375 0.7903441859375 0.5271790703125 0.7747193796875 0.5271790703125 0.7678837203125 0.51692558125 0.7727674421875 0.483234884375 0.7737426359375 0.511065115625 0.7805798453125 0.5213186046875
4 0.8455069765625 0.8046511625000001 0.855813953125 0.224860465625 0.855813953125 0.14460930156250001 0.8444914734375001 0.11978604687500001 0.8376558140625001 0.16812558125 0.8337503875 0.346837209375 0.8317969 0.7980093015625 0.8421286828125 0.8046511625000001 0.8455069765625 0.8046511625000001
4 0.9574713171875 0 0.8687364343749999 0.08044651093750001 0.8716666671875 0.0907 0.8872914734374999 0.0848418609375 0.8902201546875 0.11267441874999999 0.8667829453125 0.13904186093749998 0.855065115625 0.815797675 0.961510078125 0.90222558125 0.97067751875 0.9046511625000001 0.978162790625 0.9046511625000001 0.98592403125 0.6048604656250001 0.9891472875 0.111688371875 0.9891472875 0.005497675 0.9869488375 0 0.9574713171875 0
4 0.358139534375 0.9681 0.334862015625 0.91362790625 0.3153302328125 0.9165581390625 0.3065410859375 0.9268116281250001 0.2901519375 0.99767441875 0.333263565625 0.99767441875 0.358139534375 0.9971488374999999 0.358139534375 0.9681
4 0.8062015499999999 1 0.8062015499999999 0.9968674421875001 0.8023240312500001 0.9844581390625 0.6890434109375 0.8467627906249999 0.46443410781249994 0.8877790703124999 0.44197209375 0.9449093015625 0.4400186046875 0.9683465109375 0.4468558140625 0.9991069765624999 0.77622790625 1 0.8062015499999999 1
4 0.8657457359375 0.8284790703124999 0.8550046515625 0.8299418609375 0.8530511625000001 0.8709581390625001 0.876488371875 0.8943953484374999 0.876488371875 0.9266232562500001 0.8530511625000001 0.9236930234375 0.85402790625 0.9925395343750001 0.9320341078125001 0.9953488374999999 0.9751937984374999 0.9953488374999999 0.9751937984374999 0.9169395343750001 0.9751209296875001 0.9105093015625 0.8657457359375 0.8284790703124999
4 0.8434108531250001 0.9123139531250001 0.83007286875 0.895165115625 0.83007286875 0.8658697671875 0.8427689921875 0.8644046515625 0.8434108531250001 0.8615162796875 0.8434108531250001 0.8496372093750001 0.8203085265625001 0.8336418609375 0.821285271875 0.823388371875 0.8427689921875 0.8263186046875 0.8427689921875 0.8116697671875001 0.8134713171874999 0.805811628125 0.7031209296875 0.830713953125 0.7060496125 0.8468255812500001 0.7519488375 0.9010255812500001 0.7480418609374999 0.909813953125 0.75292558125 0.9200674421875 0.7802682171875001 0.931786046875 0.8251906984374999 0.993311628125 0.8434108531250001 0.9947488375000001 0.8434108531250001 0.9123139531250001
4 0.87352713125 0 0.8705984499999999 0.0571 0.8728899218749999 0.0651162796875 0.8812062015625 0.0651162796875 0.950387596875 0.0017000000000000001 0.950387596875 0.0014302328125 0.8750837203125 0 0.87352713125 0
4 0.854012403125 0.0154046515625 0.858914728125 0.0031488375 0.858914728125 0.0007558140625 0.4692465109375 0.0007558140625 0.5444418609375 0.0256581390625 0.5483488375000001 0.0930418609375 0.6496558140625 0.1139534890625 0.6555007749999999 0.1139534890625 0.6870201546875 0.06667441874999999 0.7983488375000001 0.0930418609375 0.837410853125 0.0725325578125 0.8383875968750001 0.097434884375 0.8432697671874999 0.0989 0.8579178296875 0.082788371875 0.858914728125 0.0529 0.858914728125 0.0227581390625 0.854012403125 0.0154046515625
4 0.047486821875 0 0 0.001397675 0 0.543465115625 0.0019209296875000001 0.5441860468749999 0.008711628124999999 0.5441860468749999 0.0203178296875 0.5214209296875 0.033012403125 0.5199558140625 0.0300821703125 0.49212558125 0.047660465624999995 0.515562790625 0.049612403124999996 0.50482790625 0.049612403124999996 0 0.047486821875 0
