4 0.11317829531250001 0.6215162796875 0.11265891406249999 0.573997675 0.09801085312499999 0.6164767437500001 0.0784790703125 0.6487046515625 0.0803193796875 0.6790697671875 0.0926790703125 0.6790697671875 0.11317829531250001 0.6636953484375 0.11317829531250001 0.6215162796875
4 0.1192325578125 0.300762790625 0.1192325578125 0.6318162796875 0.12107596875 0.651162790625 0.1359689921875 0.651162790625 0.137787596875 0.650860465625 0.1514589140625 0.6244930234375 0.17196744218749999 0.614239534375 0.17196744218749999 0.5615046515625 0.14755348906250002 0.5629697671875 0.1426697671875 0.52927674375 0.1736434109375 0.5118558140625 0.1736434109375 0.192139534375 0.16122480625 0.1821093015625 0.12216279062499999 0.1821093015625 0.09872558125 0.22312558125 0.06942790625 0.240702325 0.0323193796875 0.240702325 0.0010682171875000001 0.217265115625 0.0000930234375 0.4472465109375 0.0098573640625 0.4531046515625 0.011810853125 0.49998139531249997 0.0166945734375 0.5073046515625 0.0342713171875 0.513165115625 0.09091317812500001 0.48972790625 0.11532713125 0.4911906984375 0.1192325578125 0.300762790625
4 0.3062093015625 0.45569302343749996 0.3110930234375 0.44836976718750005 0.44585891406249994 0.413213953125 0.4546480625 0.3971 0.4526945734375 0.3560837203125 0.45953023281250005 0.34876046562499996 0.53277209375 0.3531534890625 0.5333333328125 0.15038604687499998 0.5333333328125 0.00012790625 0.2837488375 0.00012790625 0.228085271875 0.051397675 0.2378511625 0.06897441875 0.2398031 0.180302325 0.17925736406249998 0.18616279062500002 0.17925736406249998 0.622686046875 0.2084031 0.6325581390624999 0.20966356562500002 0.6325581390624999 0.229062015625 0.5772767437499999 0.2642170546875 0.568486046875 0.28277209375 0.5846 0.29449147343750004 0.6285441859375 0.30425736406250004 0.63147441875 0.3062093015625 0.45569302343749996
4 0.0012914734375 0.0287093015625 0.030587596875 0.00527209375 0.0735565890625 0.014060465624999999 0.11450387656250001 0.0697674421875 0.11607596875 0.0697674421875 0.1204325578125 0.058004651562499995 0.13215038750000002 0.0521465109375 0.2278542640625 0.049216279687499996 0.264962790625 0.0228488375 0.2806201546875 0.00212790625 0.2806201546875 0.00087674375 0.000314728125 0.00087674375 0.0012914734375 0.0287093015625
4 0.9981953484374999 0.990697675 0.9984496125 0.990697675 0.9984496125 0.9628813953125 0.9872434109375 0.9641744187500001 0.984314728125 0.980286046875 0.9981953484374999 0.990697675
4 0.150387596875 0.6642093015625 0.1262558140625 0.6656558140625 0.096959690625 0.6861651156249999 0.0978341078125 0.6953488375 0.1004046515625 0.6953488375 0.14188062031249998 0.67737441875 0.150387596875 0.6646162796875 0.150387596875 0.6642093015625
4 0.0605674421875 0.7250930234374999 0.0439658921875 0.68847209375 0.031271317187499995 0.6957953484375 0.031271317187499995 0.7661069765625 0.01857519375 0.770502325 0.0009984500000000001 0.7031186046875 0.00002790625 0.9953488374999999 0.0845302328125 0.9953488374999999 0.0937705421875 0.956537209375 0.10542635625 0.793365115625 0.10542635625 0.7924209296875 0.06447441875 0.7573186046875 0.0605674421875 0.7250930234374999
4 0.951937984375 0.9913674421875 0.8638992249999999 0.9637953484375 0.8541333328125 0.984302325 0.8326496125 0.9872325578125001 0.41272713124999993 0.7821534890625 0.403937984375 0.7865488375 0.4078449609375 0.930102325 0.41646976718750006 0.99767441875 0.6815813953125 0.99767441875 0.69202480625 0.9872325578125001 0.716389146875 0.99767441875 0.912539534375 0.99767441875 0.9410480625 0.997486046875 0.951937984375 0.9920418609375 0.951937984375 0.9913674421875
4 0.17579689999999998 0.8736232562499999 0.17774883749999998 0.8179604656249999 0.1728666671875 0.810634884375 0.125015503125 0.7974511625 0.10387596875 0.9790581390625 0.10387596875 0.982834884375 0.1101705421875 0.99767441875 0.1998217046875 0.99767441875 0.39454573593750003 0.9966697671875 0.4 0.9912162796875 0.4 0.9657372093750001 0.38868682187500003 0.8384674421874999 0.373062015625 0.8238186046875 0.3847813953125 0.8179604656249999 0.379897675 0.795986046875 0.3447410859375 0.8018465109375 0.342789146875 0.810634884375 0.2900542640625 0.8135651156250001 0.28224186093750003 0.8399325578125 0.27345271250000003 0.8384674421874999 0.27052248125 0.8164953484374999 0.1982573640625 0.8164953484374999 0.1894682171875 0.8267488375 0.184586046875 0.8780186046875 0.17579689999999998 0.8736232562499999
4 0.5891472875 0.28968837187499996 0.5834930234375 0.00007209375 0.5375937984375 0.001537209375 0.535640309375 0.3531 0.5428806203125001 0.355813953125 0.5451705421875 0.355813953125 0.5891472875 0.3503162796875 0.5891472875 0.28968837187499996
