4 0.10982790625000001 0.016590698437500002 0.2856093015625 0.2246 0.40766511562499996 0.23023255781250002 0.4144837203125 0.23023255781250002 0.5121720937500001 0.218739534375 0.5466496125 0.23023255781250002 0.555012403125 0.23023255781250002 0.5971317828125 0.2289930234375 0.70162480625 0.2216697671875 0.860465115625 0.0009488375000000001 0.860465115625 0.0004790703125 0.10299224843749999 0.0004790703125 0.10982790625000001 0.016590698437500002
4 0.8800062015625001 0 0.8664697671875 0.005802325 0.8371736437499999 0.043888371875 0.7170558140625001 0.21820465156250002 0.7326806203125 0.22406279062499998 0.7326806203125 0.364688371875 0.7619782953125 0.379337209375 0.76002480625 0.3910558140625 0.7697906984375 0.40277441875 0.766860465625 0.4218162796875 0.77467286875 0.4247465109375 0.7795550390625 0.393986046875 0.7902976749999999 0.386660465625 0.941665115625 0.3383209296875 0.941665115625 0.584413953125 0.7824852718749999 0.5565837203124999 0.7776031 0.46722790625000005 0.74537674375 0.4774813953125 0.7356108531250001 0.4716209296875 0.7326806203125 0.5726953484374999 0.738539534375 0.5961325578125 0.783462015625 0.6254302328125 0.77662635625 0.64447441875 0.7424465109375 0.66937674375 0.7444 0.725039534375 0.7570945734375 0.73822325625 0.823500775 0.7499418609374999 0.8440093015624999 0.6107813953125001 0.8547503875 0.6063883718749999 0.8596341078125 0.6342186046875 0.8440093015624999 0.8656651156249999 0.8820945734375 0.9052162796875001 0.909438759375 0.91107441875 0.9123689921875 0.9183999999999999 0.9045550390624999 0.9330465109375 0.9615441859375 0.9953488374999999 0.998184496875 0.9953488374999999 1 0.9946674421875 1 0.7308674421875 0.9992821703124999 0 0.9523999999999999 0 0.94947751875 0.0248441859375 0.9338527125 0.051211628125 0.941665115625 0.0629302328125 0.941665115625 0.30316511562500004 0.80787596875 0.3661534890625 0.7795550390625 0.3705465109375 0.7795550390625 0.20941395312500002 0.8176418609375 0.16693488437499998 0.8430325578125 0.152286046875 0.8527984500000001 0.1317790703125 0.9299457359375 0.051211628125 0.9201813953125001 0.036562790625 0.9211550390625 0 0.8800062015625001 0
4 0.346537984375 0.48965116249999996 0.3436077515625 0.51162558125 0.3523969 0.5189488375 0.45672558125 0.5232558140625 0.45890077500000004 0.5232558140625 0.46958449687500003 0.5072302328125 0.565286821875 0.513088371875 0.57212403125 0.4911162796875 0.5751937984375 0.428939534375 0.5751937984375 0.410913953125 0.5438031 0.36953488437500004 0.45200620156250004 0.3666046515625 0.4461472875 0.42812790625 0.28696744218750003 0.43252325625 0.29184961249999997 0.4925813953125 0.3035689921875 0.466213953125 0.32895969062499997 0.47207441875 0.3602093015625 0.466213953125 0.3660682171875 0.480862790625 0.3758341078125 0.466213953125 0.39341240312500003 0.466213953125 0.3963426359375 0.4852581390625 0.3914589140625 0.4925813953125 0.346537984375 0.48965116249999996
4 0.007703876562500001 0.505102325 0.02137519375 0.5168209296875 0.02317519375 0.546511628125 0.050134884375 0.546511628125 0.13172713125 0.5387930234375 0.13856279062500002 0.5314697671874999 0.1405162796875 0.4992418609375 0.16434108593750002 0.48549767499999996 0.16434108593750002 0.48442790625 0.014539534375 0.46848139531250005 0.005750387500000001 0.4933837203125 0.007703876562500001 0.505102325
4 0.077665115625 0 0.07093023281250001 0.0072162796875 0.07971937968750001 0.020399999999999998 0.24280465156250003 0.2035046515625 0.246711628125 0.24159069843749997 0.23304030937500003 0.27674651093749997 0.23304030937500003 0.48182558125 0.20471937968749998 0.48329069843749994 0.19886046562499998 0.49793953437500005 0.16077364375 0.5316302328125 0.1719069765625 0.5325581390624999 0.21137364375 0.5325581390624999 0.2750310078125 0.5243069765625 0.2760077515625 0.5023325578125 0.28837209375 0.494386046875 0.28837209375 0.45233953437499996 0.28772713125 0.43202092968750005 0.26819534843750004 0.42323255781249997 0.26819534843750004 0.256239534375 0.277961240625 0.24159069843749997 0.277961240625 0.22694186093750002 0.109015503125 0.0174697671875 0.0915457359375 0 0.077665115625 0
4 0.554 0.3275488375 0.557100775 0.3279069765625 0.5667317828125 0.3279069765625 0.5686480625 0.2704209296875 0.578413953125 0.2469837203125 0.6067333328125 0.24258837187500001 0.616499225 0.25137674374999996 0.6201550390625 0.23492558125000002 0.6201550390625 0.233802325 0.529584496875 0.235265115625 0.529584496875 0.3026465109375 0.554 0.3275488375
4 0.2715519375 0.2378906984375 0.2725286828125 0.25107441875 0.4444046515625 0.25400465156249996 0.44732403125 0.3372093015625 0.45358294531250004 0.3372093015625 0.49612403125000004 0.305302325 0.49612403125000004 0.3020441859375 0.495184496875 0.2217790703125 0.4365922484375 0.2305674421875 0.2803410859375 0.227637209375 0.2715519375 0.2378906984375
4 0.6852713171875 0.8386186046875 0.687513178125 0.9069767437499999 0.687537984375 0.9069767437499999 0.69457364375 0.8330953484375 0.69457364375 0.82462325625 0.6852713171875 0.8182813953125001 0.6852713171875 0.8386186046875
4 0.6116232562499999 0.9488372093749999 0.61532713125 0.9155069765625001 0.6104434109375 0.9081837203124999 0.592865115625 0.8906046515625 0.5586868218750001 0.8803511625 0.56552248125 0.9316209296875 0.5933953484375001 0.9488372093749999 0.6116232562499999 0.9488372093749999
4 0.596899225 0.9958906984375 0.5776279062499999 0.9752418609375001 0.5170806203125 0.9371581390625 0.504386046875 0.947411628125 0.501513178125 0.99767441875 0.5678511625 0.99767441875 0.596899225 0.997234884375 0.596899225 0.9958906984375
4 0.7506186046875001 0.873411628125 0.7496418609375 0.9158930234374999 0.7389007750000001 0.9173581390625 0.732065115625 0.866088371875 0.7242527125 0.8690186046875 0.7105798453125 0.9100325578125 0.715463565625 0.920288371875 0.7953379843749999 0.953488371875 0.7953488375 0.953488371875 0.7953488375 0.9482511625000001 0.7818697671875 0.8822023250000001 0.7506186046875001 0.873411628125
4 0.769984496875 0.99767441875 0.8062015499999999 0.99722558125 0.8062015499999999 0.9936325578125 0.8040682171875 0.9840325578125 0.7103178296875 0.9371581390625 0.69957674375 0.9386209296875 0.6859038765625 0.979637209375 0.6886790703125001 0.99767441875 0.769984496875 0.99767441875
4 0.8973581390625001 0.922839534375 0.883686821875 0.9199116281249999 0.8426697671875001 0.8730348843750001 0.8319286828125 0.8774302328125 0.8475534890624999 0.9741093015625 0.8426697671875001 0.9785046515625 0.8338821703124999 0.9682511625 0.823139534375 0.9316302328124999 0.8202093015624999 0.9506720937500001 0.8306542640625001 0.99767441875 0.9424201546875001 0.99767441875 0.951937984375 0.9975604656250001 0.951937984375 0.9960930234375001 0.8973581390625001 0.922839534375
4 0.49457364375 0.8568953484374999 0.49457364375 0.8418837203124999 0.48321395312500004 0.8431930234375 0.47540155000000006 0.8285441859375 0.46465891406250004 0.8680953484374999 0.4548930234375 0.8680953484374999 0.4705178296875 0.7450488375 0.44415193750000004 0.731865115625 0.44219844999999997 0.7406534890625001 0.4304790703125 0.7435837203125 0.33282325625000003 0.7435837203125 0.156065115625 0.9911418609375 0.15867751875 0.99767441875 0.33387441875 0.99767441875 0.48223720937500003 0.9970023250000001 0.49457364375 0.8568953484374999
