4 0.668449153125 0.2700588234375 0.699697740625 0.1968509796875 0.7407146890625 0.175160784375 0.8757062140625 0.006368628125 0.8757062140625 0.0030156859375 0.38231638437500004 0.0084117640625 0.43212146875 0.26463529375 0.5650169484374999 0.2705882359375 0.6652768359375 0.2705882359375 0.668449153125 0.2700588234375
4 0.0001581921875 0.9921568625000001 0.3584011296875 0.9921568625000001 0.36734180781250003 0.9797450984375 0.38687288125 0.8523098046875001 0.40640395468749996 0.7953686281250001 0.404451978125 0.711317646875 0.4239830515625 0.6760666671875 0.42937853125 0.3090196078125 0.42937853125 0.27497254843749996 0.381014125 0.011776470312499999 0.00112994375 0.002286275 0.0001581921875 0.9921568625000001
4 0.625926553125 0.681368628125 0.630810734375 0.609517646875 0.6468926546875 0.594631371875 0.6468926546875 0.592403921875 0.6220197734374999 0.5783372546875001 0.6210451984375001 0.5986705875 0.604443503125 0.6027372546875001 0.5956525421875 0.5878274515624999 0.5507316390625 0.3600666671875 0.5487796609375 0.32481960781249997 0.5644039546874999 0.2868588234375 0.55561299375 0.2773725484375 0.4364745765625 0.2719490203125 0.42963841875000003 0.2868588234375 0.427683615625 0.682725490625 0.4622062140625 0.686274509375 0.52062146875 0.686274509375 0.625926553125 0.681368628125
4 0.6564971749999999 0.4185098046875 0.6555225984375 0.2951411765625 0.5988813562499999 0.3086980390625 0.601810734375 0.28565097968750003 0.581302259375 0.2815843140625 0.55200565 0.35207843125 0.55200565 0.27616078437499997 0.43188983125 0.2802274515625 0.4279830515625 0.6815137250000001 0.4340225984375 0.682352940625 0.6282259890625 0.682352940625 0.635014125 0.6083058828125 0.6916553671875 0.5920392156250001 0.6887259890624999 0.2815843140625 0.6682175140625 0.291074509375 0.6662627125 0.4591803921875 0.6760282484375 0.49985097968750003 0.6721242937499999 0.5622117640625001 0.6633333328125001 0.56899215625 0.6623587578125 0.5079843140625 0.6447796609374999 0.49442745156249995 0.6604039546875 0.475447059375 0.6604039546875 0.44290980468749996 0.6486864406249999 0.43206666718750003 0.6564971749999999 0.4185098046875
4 0.6889209046875 0.7450980390625 0.6920903953125 0.7450980390625 0.6920903953125 0.6766509796875 0.6363983046875 0.6307882359375 0.6334689265625 0.6809490203124999 0.6889209046875 0.7450980390625
4 0.7881355937500001 0.8673098046875 0.723692090625 0.7938705875000001 0.692440678125 0.7938705875000001 0.697324859375 0.7572666671875 0.6455649718750001 0.688125490625 0.4307231640625 0.688125490625 0.41216666718750006 0.7003254906249999 0.41607344687500003 0.7735333328125 0.39263559375 0.8467411765625 0.37288135625 0.989086275 0.37288135625 0.9921568625000001 0.7653305078125 0.9921568625000001 0.7559180796875 0.8928352937499999 0.7881355937500001 0.8691568625 0.7881355937500001 0.8673098046875
4 1 0.1603333328125 0.999310734375 0.0004705875 0.8879830515625 0.0031843140625 0.7268502828125001 0.1997568625 0.7297796609375 0.298725490625 0.8176694921875001 0.23636078437500002 0.8186468921875001 0.3163490203125 0.8223870062499999 0.317647059375 0.82912429375 0.317647059375 1 0.2270235296875 1 0.1603333328125
4 1 0.511274509375 0.9995762718750001 0.4564235296875 0.8208644062499999 0.47404705937499997 0.8208644062499999 0.55267843125 0.8316073453125 0.56487843125 0.980324859375 0.5803921562500001 1 0.5803921562500001 1 0.511274509375
4 0.8179350281250001 0.42973333281250004 0.82437005625 0.4431372546875 0.8449689265625 0.4431372546875 0.997175140625 0.4204549015625 0.997175140625 0.2841450984375 0.822816384375 0.344325490625 0.8179350281250001 0.42973333281250004
4 1 0.61960784375 0.884183615625 0.5921568625 0.880437853125 0.5921568625 0.8889802265625001 0.6251019609374999 0.8762853109375 0.6264588234375 0.8743333328125 0.60747843125 0.859683615625 0.6115450984375 0.8606610171875 0.6264588234375 0.8733559328125 0.6278156859374999 0.859683615625 0.6386588234375 0.8616384187499999 0.668486275 0.88800565 0.6725529406249999 0.8977711859375 0.7050901953125 0.9085113 0.6983098046875 0.8987457624999999 0.7064470593750001 0.900700565625 0.730847059375 0.8753079093749999 0.7525372546875 0.89288700625 0.798631371875 0.8792146890625 0.8555725484375 0.8997231640625 0.8759058828124999 0.9133954796875001 0.8677725484375 0.9987824859375 0.9490196078125 1 0.9490196078125 1 0.61960784375
4 1 0.1622509796875 0.999310734375 0.0004705875 0.89188983125 0.0004705875 0.7268502828125001 0.1997568625 0.7297796609375 0.298725490625 0.8176694921875001 0.23636078437500002 0.8186468921875001 0.3163490203125 0.8233220343750001 0.317647059375 0.8311271187499999 0.317647059375 1 0.22973333281250002 1 0.1622509796875
4 0.8312316390625 0.6305372546875 0.8333333328125001 0.60719215625 0.8333333328125001 0.5831098046875 0.8224435031249999 0.558686275 0.723810734375 0.546486275 0.7267401125 0.5722431375 0.7618954796875 0.5668196078125 0.7697090390625 0.6102039218749999 0.8312316390625 0.6305372546875
4 0.8625903953125 0.72663529375 0.8635677968750001 0.6954549015625 0.8977485875 0.6913882359375 0.8762627125 0.6724078437500001 0.874310734375 0.610047059375 0.8577090390625 0.587 0.837200565625 0.588352940625 0.8342711859374999 0.690031371875 0.7239209046874999 0.7076549015625 0.72587288125 0.7917098046875 0.79911581875 0.8771176468749999 0.8909124296875 0.87440784375 0.96512994375 0.92863529375 0.9807570625 0.92592156875 0.9758728812499999 0.938125490625 0.9947090390625 0.9490196078125 0.997175140625 0.9490196078125 0.997175140625 0.863482353125 0.9690367234374999 0.8445803921874999 0.9446242937499999 0.8540705875000001 0.9670847453125001 0.8608509796874999 0.9895451984375001 0.8947411765625001 0.9748954796874999 0.88796470625 0.9895451984375001 0.9082980390625 0.9768502828125 0.91236470625 0.9690367234374999 0.8852509796874999 0.9348559328125001 0.8567803921875001 0.930951978125 0.8161098046875 0.899700565625 0.7998431375 0.9016553671875001 0.7645960781250001 0.8625903953125 0.72663529375
4 0.71738700625 0.373125490625 0.7231638421875 0.3063019609375 0.7231638421875 0.30200784375 0.7203389828125 0.18823529375 0.7193418078125 0.18823529375 0.699807909375 0.2050196078125 0.6978559328125 0.3541490203125 0.7067881359375 0.3764705875 0.71136723125 0.3764705875 0.71738700625 0.373125490625
