4 0.3554682171875 0.2211906984375 0.351562790625 0.17431627968750002 0.3603519375 0.041016279687500004 0.416015503125 0.0454093015625 0.41992248125 0.09814418593749999 0.42773488437499996 0.109862790625 0.41992248125 0.13037209375 0.42285116250000004 0.193360465625 0.4345705421875 0.1992186046875 0.4501953484375 0.1875 0.46777364375 0.22265581406249998 0.5341798453125 0.22265581406249998 0.5478511625 0.2050790703125 0.5771488375 0.21386744218749998 0.583984496875 0.1977534890625 0.587889921875 0.1420906984375 0.585937984375 0.062988371875 0.59472713125 0.038086046875 0.6064449609375 0.0351558140625 0.6503906984375 0.0395511625 0.6542961234375 0.109862790625 0.67382790625 0.1538093015625 0.664062015625 0.186034884375 0.6679689921875 0.203613953125 0.65722635625 0.20800697656249997 0.65527286875 0.21972558125 0.7939457359375 0.21972558125 0.9990232562499999 0.117188371875 1 0.001465115625 0.694336434375 0 0.68847596875 0.0117186046875 0.6845705421875 0 0 0.001465115625 0.00097674375 0.1464837203125 0.17675813906249999 0.225586046875 0.2558589140625 0.22705116250000001 0.28027286875 0.225586046875 0.290038759375 0.210937209375 0.2978511625 0.22265581406249998 0.3554682171875 0.2211906984375
4 0.9570310078125001 0.5434581390625 0.960937984375 0.531737209375 0.954102325 0.5185558140625 0.95117209375 0.537597675 0.9570310078125001 0.5434581390625
4 0.2070310078125 0.766113953125 0.2382806203125 0.7485348843749999 0.19824186093750001 0.7470697671875 0.197265115625 0.766113953125 0.2070310078125 0.766113953125
4 0.24023410781250001 0.7983395343749999 0.24121085312499999 0.7617186046875 0.208984496875 0.774902325 0.2216790703125 0.7910162796875 0.24023410781250001 0.7983395343749999
4 0.29882790625 0.7221674421875 0.30371162812499997 0.7324209296874999 0.32031317812500004 0.733886046875 0.33886666718749997 0.720702325 0.3437503875 0.7075186046875 0.3271488375 0.7060558140625 0.29882790625 0.7221674421875
4 0.2998046515625 0.647460465625 0.3437503875 0.6459953484375001 0.3457038765625 0.6254883718750001 0.3408201546875 0.618165115625 0.289062015625 0.6108395343749999 0.2998046515625 0.647460465625
4 0.33886666718749997 0.53027441875 0.32128837187500003 0.51562558125 0.3076170546875 0.51562558125 0.2978511625 0.5361325578125 0.290038759375 0.524413953125 0.2792961234375 0.5346674421875 0.290038759375 0.59472558125 0.335937984375 0.6020511625 0.3554682171875 0.5698232562500001 0.3535162796875 0.5434581390625 0.34277364375 0.5185558140625 0.33886666718749997 0.53027441875
4 0.837889921875 0.5258790703125 0.8232418609375 0.51562558125 0.805663565625 0.5214837203125 0.6904294578125 0.5039069765625 0.6757813953125 0.5581046515625 0.6757813953125 0.587402325 0.7285162796875 0.587402325 0.7646480625 0.524413953125 0.790038759375 0.524413953125 0.8232418609375 0.5478511625 0.837889921875 0.5258790703125
4 0.9824217046875001 0.5610348843749999 0.9921875968749999 0.5522465109375 0.9902341078125 0.5229488375 0.9707038765625 0.5229488375 0.9707038765625 0.5551767437499999 0.9794914734375 0.5595697671875 0.9501953484375001 0.5625 0.9316403093750001 0.5522465109375 0.937500775 0.5434581390625 0.937500775 0.5200186046875 0.9326170546875 0.51562558125 0.8437503875000001 0.5200186046875 0.8466790703125 0.5361325578125 0.8720697671875 0.533202325 0.8935550390625 0.5419930234375 0.9062496124999999 0.5639651156250001 0.9062496124999999 0.593262790625 0.9316403093750001 0.6020511625 0.9990232562499999 0.5976558140625 1 0.5815418609375 0.9824217046875001 0.5727534890625 0.9824217046875001 0.5610348843749999
4 0.14062480625 0.7836906984375 0.14062480625 0.7602534890625 0.1142573640625 0.7529302328125 0.00097674375 0.7851558140625 0 0.8686534890625 0.007812403125000001 0.8686534890625 0.0673829453125 0.8232418609375 0.0888666671875 0.820311628125 0.13378914687500001 0.7939441859375 0.14062480625 0.7836906984375
4 0.163085271875 0.591797675 0.1445317828125 0.5991209296875 0.1376945734375 0.5478511625 0.11914108593749999 0.5610348843749999 0.11914108593749999 0.640137209375 0.10937519375 0.654786046875 0.102539534375 0.68847674375 0.0937503875 0.6840813953125 0.0908201546875 0.665039534375 0.0263674421875 0.6767581390624999 0.0185550390625 0.7060558140625 0 0.6840813953125 0.00097674375 0.7617186046875 0.149413953125 0.7236325578125 0.15820309999999999 0.733886046875 0.15234418593750002 0.7485348843749999 0.1562496125 0.7866209296875 0.181640309375 0.8100581390625001 0.1992186046875 0.8012697671875 0.166015503125 0.77197209375 0.16992248125 0.6167 0.163085271875 0.591797675
4 0.587889921875 0.66357441875 0.585937984375 0.546386046875 0.5771488375 0.51562558125 0.552734884375 0.5229488375 0.5498046515625 0.5771488375 0.5351565890625001 0.5727534890625 0.5361333328125 0.5537116281250001 0.49902325625 0.5537116281250001 0.4980465109375 0.5698232562500001 0.491210853125 0.5771488375 0.48828062031249997 0.5141604656250001 0.4736325578125 0.509765115625 0.462889921875 0.5639651156250001 0.45117209375 0.587402325 0.41992248125 0.5991209296875 0.437500775 0.6372069765624999 0.437500775 0.6518558140625 0.42382790625 0.657713953125 0.428711628125 0.68847674375 0.43847596875 0.694334884375 0.44726511562500004 0.6870116281249999 0.43945271249999995 0.654786046875 0.4501953484375 0.6503906984375 0.4667969 0.6752930234375001 0.46777364375 0.694334884375 0.5283209296875 0.7148441859375 0.5546868218750001 0.7514651156250001 0.5546868218750001 0.77197209375 0.54687441875 0.7895511625 0.5019534890624999 0.8305674421875 0.5058589140625 0.8950186046875 0.48339845 0.9287116281250001 0.413085271875 0.9462883718749999 0.366210853125 0.9257813953125 0.3554682171875 0.906737209375 0.35937519375 0.8422860468750001 0.3173829453125 0.8085930234375001 0.3007813953125 0.77197209375 0.30468682187499996 0.7456046515625 0.288085271875 0.7353511625 0.2539069765625 0.7543953484375 0.2529302328125 0.820311628125 0.21972713124999999 0.8085930234375001 0.21093798437500003 0.8188465109375 0.21093798437500003 0.8627930234375001 0.2187503875 0.9008790703124999 0.21093798437500003 0.9917 0.21972713124999999 0.9990232562499999 0.7285162796875 0.9975581390625001 0.73437519375 0.985839534375 0.6425782953125 0.7456046515625 0.6289069765625 0.6899418609375 0.587889921875 0.66357441875
4 0.8369147281249999 0.42187441875 0.8466790703125 0.45117209375 0.8535162796875 0.44384651093749994 0.8544914734375 0.4248046515625 0.8642573640625001 0.4248046515625 0.881835659375 0.4570302328125 0.8964837203125 0.44677674375 0.8945317828125001 0.41162092968749997 0.875 0.3852534890625 0.8789069765624999 0.3618162796875 0.8564449609375 0.3544930234375 0.8417969 0.3383790703125 0.8417969 0.3149418609375 0.8603519374999999 0.29882790625 0.8740232562499999 0.3076162796875 0.8935550390625 0.2929697671875 0.915038759375 0.29882790625 0.9248046515624999 0.2929697671875 0.9404294578125001 0.3076162796875 0.9716790703125 0.30468837187500003 0.9667969 0.3471674421875 0.9824217046875001 0.37353488437500004 0.9667969 0.405762790625 0.9667969 0.44970697656249997 1 0.452637209375 0.9990232562499999 0.158202325 0.9921875968749999 0.18017674374999998 0.96972713125 0.2021488375 0.9287116281250001 0.2021488375 0.914062015625 0.1918953484375 0.914062015625 0.16552790625 0.9033209296875 0.164062790625 0.8076170546875 0.21679767499999997 0.7695317828125 0.22705116250000001 0.7695317828125 0.5053720937499999 0.774413953125 0.509765115625 0.7792961234375 0.49072325625 0.7773441859375 0.3881837203125 0.788085271875 0.3779302328125 0.8037116281250001 0.3779302328125 0.8017581390625 0.3925790703125 0.7812496125 0.3940418609375 0.7812496125 0.4965813953125 0.7861333328125 0.509765115625 0.79687441875 0.5083 0.802734884375 0.4965813953125 0.79492248125 0.44384651093749994 0.7998046515625 0.42187441875 0.8369147281249999 0.42187441875
4 0.429686821875 0.2211906984375 0.431640309375 0.4409186046875 0.460937984375 0.46728604687499997 0.462889921875 0.2211906984375 0.45800775156249995 0.210937209375 0.43652403125 0.210937209375 0.429686821875 0.2211906984375
4 0.5517581390624999 0.5126953484375 0.5703131781249999 0.5112302328125 0.572265115625 0.218262790625 0.5439457359375 0.210937209375 0.541015503125 0.49072325625 0.5517581390624999 0.5126953484375
4 0.5976558140625 0.423339534375 0.6113286828125 0.399902325 0.616210853125 0.3720697671875 0.64062480625 0.3793953484375 0.6289069765625 0.4409186046875 0.6289069765625 0.587402325 0.631835659375 0.59472558125 0.648437209375 0.587402325 0.648437209375 0.1831046515625 0.6367193796875 0.162597675 0.6367193796875 0.1450186046875 0.648437209375 0.11865348906249999 0.6455085265625 0.038086046875 0.5966790703125 0.038086046875 0.587889921875 0.0600581390625 0.5917969000000001 0.49072325625 0.587889921875 0.64892558125 0.59277364375 0.665039534375 0.6074217046875 0.6665046515624999 0.6230465109375001 0.6518558140625 0.625 0.452637209375 0.600586046875 0.4423837203125 0.5976558140625 0.423339534375
4 0.4101565890625 0.5903325578125 0.416015503125 0.5668953484375 0.4179689921875 0.4965813953125 0.416015503125 0.47021395312500003 0.4101565890625 0.46435581406250004 0.4101565890625 0.42626976718750004 0.416015503125 0.4204093015625 0.4179689921875 0.057127906250000006 0.40722635625 0.041016279687500004 0.3623054265625 0.041016279687500004 0.3574217046875 0.048339534375 0.3574217046875 0.5815418609375 0.36328062031249997 0.6313465109374999 0.37402325625 0.6123046515625 0.40332092968750005 0.60937441875 0.414062015625 0.6196279062500001 0.4101565890625 0.5903325578125
