4 0 0.20947209375 0.0048821703125 0.21972558125 0.0214837203125 0.20947209375 0.023437209375 0.16552790625 0.0341798453125 0.1464837203125 0.1376945734375 0.0263674421875 0.14746046562499998 0.0263674421875 0.25683565937499997 0.102539534375 0.2998046515625 0.0820302328125 0.399413953125 0.158202325 0.40917984531249996 0.1992186046875 0.506835659375 0.266602325 0.5195317828125 0.2680674421875 0.829102325 0.1845697671875 0.8388666671875 0.149413953125 0.8798821703125 0.134765115625 0.9062496124999999 0.109862790625 0.9257813953125 0.048339534375 0.9316403093750001 0.00732325625 0.9287116281250001 0 0 0.001465115625 0 0.20947209375
4 0.5888666671875 0.9785162796875 0.54687441875 0.9946279062500001 0.5898434109374999 0.9975581390625001 0.5888666671875 0.9785162796875
4 0.47851627968750005 0.9946279062500001 0.47851627968750005 0.8803720937499999 0.4736325578125 0.8789069765624999 0.4726558140625 0.9946279062500001 0.47851627968750005 0.9946279062500001
4 0.5039069765625 0.985839534375 0.54492248125 0.968262790625 0.508789146875 0.9404302328125 0.4941410859375 0.9799813953125 0.5039069765625 0.985839534375
4 0.522460465625 0.6855465109375001 0.5 0.7075186046875 0.492187596875 0.733886046875 0.49902325625 0.7470697671875 0.522460465625 0.7646488375 0.5361333328125 0.7939441859375 0.5664062015625 0.7924813953125 0.5703131781249999 0.725097675 0.5605472875 0.7133790703125 0.555663565625 0.6914069765625 0.522460465625 0.6855465109375001
4 0.2998046515625 0.8730465109375001 0.22949147343749998 0.8232418609375 0.1357426359375 0.8701162796874999 0.11621085312499999 0.8349604656249999 0.0214837203125 0.7426767437499999 0.022460465625000002 0.6826162796874999 0 0.6840813953125 0.00097674375 0.9990232562499999 0.458984496875 0.9975581390625001 0.460937984375 0.7690418609375 0.45410232500000003 0.744139534375 0.3076170546875 0.8496093015625 0.2998046515625 0.8730465109375001
4 0.7597658921875 0.42626976718750004 0.757812403125 0.44384651093749994 0.7705085265625 0.45996046562500004 0.7939457359375 0.45996046562500004 0.805663565625 0.48339767499999997 0.820313178125 0.48779302343750003 0.8212883718749999 0.5039069765625 0.8300775187499999 0.5024418609375 0.8183596906249999 0.46142558125 0.8320310078125001 0.452637209375 0.8310542640625 0.4189441859375 0.7597658921875 0.42626976718750004
4 0.5 0.4965813953125 0.4902341078125 0.5170906984375 0.49511782968749996 0.5214837203125 0.507812403125 0.5170906984375 0.5097658921875 0.48193255781250005 0.522460465625 0.47460930156250003 0.5419922484375 0.47753953437499996 0.5429689921875 0.4965813953125 0.5537116281250001 0.50097674375 0.56347596875 0.524413953125 0.6689457359375 0.533202325 0.664062015625 0.484862790625 0.6679689921875 0.44677674375 0.6591798453125 0.42773488437499996 0.49902325625 0.430665115625 0.40527286875 0.4189441859375 0.4023441859375 0.4790046515625 0.4101565890625 0.48779302343750003 0.4101565890625 0.5141604656250001 0.431640309375 0.537597675 0.445313178125 0.5258790703125 0.4501953484375 0.47167907031249995 0.49706976718749996 0.47753953437499996 0.5 0.4965813953125
4 1 0.49072325625 0.991210853125 0.4892581390625 0.9882806203125 0.47607441875 0.9902341078125 0.0190418609375 0.9960930234375001 0.001465115625 0.9365240312499999 0 0.9316403093750001 0.024902325 0.9316403093750001 0.6840813953125 0.9687503875000001 0.72802790625 0.9726558140625 0.906737209375 0.9746093015625 0.93017674375 0.98437519375 0.9331046515624999 1 0.889160465625 1 0.49072325625
4 0.9179689921874999 0.405762790625 0.9101565890625001 0.37353488437500004 0.927734884375 0.3618162796875 0.9287116281250001 0.1142581390625 0.8408201546875 0.149413953125 0.835937984375 0.162597675 0.8339844968750001 0.4409186046875 0.8408201546875 0.45410232500000003 0.8525395343750001 0.43359302343749995 0.8535162796875 0.46728604687499997 0.875 0.4790046515625 0.8671875968749999 0.42626976718750004 0.883789146875 0.4189441859375 0.9111333328125 0.43359302343749995 0.9179689921874999 0.405762790625
4 0.00097674375 0.2285162796875 0 0.6752930234375001 0.015624806250000001 0.67822325625 0.025390698437499998 0.672362790625 0.025390698437499998 0.25927674375 0.022460465625000002 0.2285162796875 0.00097674375 0.2285162796875
4 0.2451178296875 0.0937511625 0.14746046562499998 0.029297675000000002 0.1357426359375 0.03222558125 0.025390698437499998 0.1684581390625 0.023437209375 0.7368162796875 0.06152403125 0.779297675 0.060547287500000005 0.2211906984375 0.086914728125 0.1875 0.1279302328125 0.15234418593750002 0.1367193796875 0.1538093015625 0.132812403125 0.5639651156250001 0.1367193796875 0.812988371875 0.12695348906249998 0.85107441875 0.14062480625 0.8657232562500001 0.226562790625 0.8159186046875 0.2246093015625 0.139160465625 0.257812403125 0.109862790625 0.2451178296875 0.0937511625
