4 0 0.051288371875 0.0048821703125 0.05568139531250001 0.3720697671875 0.184588371875 0.41699224843750005 0.19337674375 0.43652403125 0.20802558124999998 0.47167907031249995 0.21388604687499999 0.49609302343749995 0.2446465109375 0.49706976718749996 0.2578302328125 0.584961240625 0.25197209374999996 0.59472713125 0.2256046515625 0.6044914734375 0.260760465625 0.65527286875 0.2636906984375 0.6591798453125 0.2754093015625 0.6669922484375 0.2724790703125 0.6787116281250001 0.28712790625 0.68847596875 0.2812674421875 0.6923829453125 0.29298604687499996 0.709961240625 0.2988465109375 0.743164340625 0.29298604687499996 0.75482790625 0.3046511625 0.760511628125 0.3046511625 0.9062496124999999 0.3032418609375 0.937500775 0.2885930234375 0.945313178125 0.271013953125 0.9394527125 0.26222558125 0.9531255812499999 0.25636511562500003 1 0.15382558125 0.9990232562499999 0.000018604687499999997 0 0.0014837203125 0 0.051288371875
4 0.3441565890625 0.5186046515625 0.348959690625 0.49122790624999996 0.4056 0.50587441875 0.429037209375 0.5029465109375 0.43489767500000004 0.4091953484375 0.4573581390625 0.410660465625 0.46028837187500005 0.49122790624999996 0.46907751875 0.4868325578125 0.47200620156250006 0.4619302328125 0.475913178125 0.47364883750000003 0.48372092968749997 0.4697441859375 0.48372092968749997 0.2363418609375 0.473959690625 0.233413953125 0.468100775 0.215837209375 0.42122480625 0.1982581390625 0.00032713125 0.05616744218750001 0.0013038765625 0.163102325 0.0970062015625 0.18653953437499998 0.15364806250000002 0.1894697671875 0.1751317828125 0.2041162796875 0.302085271875 0.2304837203125 0.3069674421875 0.240739534375 0.303062015625 0.2612465109375 0.3069674421875 0.5132 0.3412 0.5186046515625 0.3441565890625 0.5186046515625
4 0.182460465625 0.546511628125 0.2122806203125 0.5424441859375 0.2191162796875 0.5321906984375 0.2201550390625 0.3654837203125 0.2201550390625 0.2184046515625 0.19079534843749998 0.20846046562499998 0.1741937984375 0.2128558140625 0.1741937984375 0.5409813953125 0.17972558125 0.546511628125 0.182460465625 0.546511628125
4 0.290334884375 0.5209302328125001 0.292310078125 0.5206000000000001 0.294263565625 0.35946744218750004 0.30387596875 0.324862790625 0.30387596875 0.3174302328125 0.30207596875 0.2364209296875 0.2757085265625 0.229097675 0.2747317828125 0.5088813953125 0.282764340625 0.5209302328125001 0.290334884375 0.5209302328125001
4 0.06327596875 0.2493697671875 0.0505813953125 0.2625534890625 0.0505813953125 0.409037209375 0.059215503125 0.41162790625 0.060573643749999996 0.41162790625 0.068159690625 0.40024883750000007 0.0583937984375 0.3797418609375 0.07987751875 0.3680209296875 0.0818310078125 0.2947790703125 0.09612403124999999 0.286739534375 0.09612403124999999 0.265339534375 0.09452713125 0.2405813953125 0.06327596875 0.2493697671875
4 0.11457209374999999 0.524565115625 0.168100775 0.539534884375 0.1721969 0.539534884375 0.1736434109375 0.29866511562500003 0.1736434109375 0.2152325578125 0.1664325578125 0.21162790625 0.163987596875 0.21162790625 0.109689921875 0.233060465625 0.107736434375 0.279937209375 0.1292217046875 0.28872558125 0.1292217046875 0.373686046875 0.1106666671875 0.3751511625 0.107736434375 0.38247441875 0.109689921875 0.3941930234375 0.11750232499999999 0.39712325625 0.109689921875 0.405911628125 0.109689921875 0.4264209296875 0.125314728125 0.4410697671875 0.109689921875 0.44985813906249994 0.107736434375 0.5113813953124999 0.11457209374999999 0.524565115625
4 0.1627906984375 0.206913953125 0.1627906984375 0.206434884375 0.109860465625 0.1963302328125 0.1088837203125 0.2270930234375 0.11474418593749999 0.2270930234375 0.1627906984375 0.206913953125
4 0 0.290697675 0.0488186046875 0.290697675 0.0488186046875 0.2595 0.061514728124999994 0.24631860468750003 0.0947178296875 0.23752790625000003 0.09612403124999999 0.2199465109375 0.09612403124999999 0.20056046562500002 0.001561240625 0.1790697671875 0.0009658921875 0.1790697671875 0 0.29067209374999997 0 0.290697675
4 0.255435659375 0.6372093015625 0.2566806203125 0.6372093015625 0.29037674375 0.62132325625 0.29302325625000003 0.6067674421875 0.29302325625000003 0.5288813953125 0.25912713125 0.5099953484374999 0.2464310078125 0.5231790703125 0.2444790703125 0.5876325578125 0.2464310078125 0.6345069765625 0.255435659375 0.6372093015625
4 0.31657674375 0.609302325 0.324713178125 0.609302325 0.7286821703124999 0.4382441859375 0.7286821703124999 0.43703953437500004 0.6923333328125 0.4272534890625 0.6806139531250001 0.4301837203125 0.6708480625 0.447762790625 0.6220201546874999 0.447762790625 0.5927240312500001 0.4682697671875 0.5165519375 0.4682697671875 0.477488371875 0.47998837187500004 0.44819224843749994 0.509286046875 0.3583488375 0.5034255812499999 0.34467596875 0.523934884375 0.31147286875 0.523934884375 0.30659069843750003 0.5312581390625 0.30659069843750003 0.6074302328125001 0.31657674375 0.609302325
4 0.0646465109375 0.513639534375 0.044139534375 0.4799465109375 0.026561240625 0.4916674421875 0.0011705421875 0.4916674421875 0.0001969 0.9953488374999999 0.247038759375 0.9953488374999999 0.249612403125 0.9895558140625 0.249612403125 0.9875093015624999 0.237499225 0.9721348843750001 0.055857364062500005 0.7817046515625 0.044139534375 0.7524093015625 0.0382790703125 0.7582674421875 0.02167751875 0.7421534890625 0.2257798453125 0.6527999999999999 0.23066201562500002 0.64547441875 0.23066201562500002 0.5400069765625 0.167186046875 0.5473302328125 0.09882635625 0.567837209375 0.09394418593750001 0.5634441859375 0.095897675 0.5429348843749999 0.06562325625 0.5326813953125 0.0646465109375 0.513639534375
4 0.675038759375 0.4218906984375 0.7062899218750001 0.418960465625 0.7162790703125 0.395802325 0.7162790703125 0.32052558124999997 0.675038759375 0.304702325 0.66722635625 0.28712325625 0.6457426359375 0.2754046515625 0.6203519375 0.2754046515625 0.60277364375 0.263686046875 0.5978914734375 0.273939534375 0.593984496875 0.40870697656250005 0.5978914734375 0.4497209296875 0.6096093015624999 0.45265116250000004 0.6203519375 0.4394674421875 0.659413953125 0.4394674421875 0.6652744187499999 0.3925930234375 0.672110078125 0.39698837187499997 0.675038759375 0.4218906984375
4 0.590697675 0.27634651093749996 0.5864418609375 0.25464186093749996 0.5317534890625 0.2605 0.5161286828125 0.2751488375 0.51417674375 0.269288371875 0.5083162796875 0.29565581406249997 0.4858558140625 0.2941906984375 0.4858558140625 0.44360465156249995 0.4911519375 0.46744186093750006 0.49940154999999997 0.46744186093750006 0.5317534890625 0.456788371875 0.582534884375 0.4626488375 0.58937209375 0.45532558125 0.590697675 0.33595581406249997 0.590697675 0.27634651093749996
4 0.9451813953125001 0.43842558125000003 0.9984496125 0.5126209296875001 0.9984496125 0.1625697671875 0.9373674421875 0.3007302328125 0.9158837203125 0.3153790703125 0.9158837203125 0.40033953437500003 0.918813953125 0.407662790625 0.940297675 0.404734884375 0.9451813953125001 0.43842558125000003
4 0.8147813953125 0.42266744218749996 0.8323596906249999 0.4109488375 0.8597038765624999 0.41387907031250004 0.87337519375 0.402160465625 0.9065782953125 0.41387907031250004 0.9131782953125 0.3983209296875 0.9131782953125 0.31557209375 0.9026728687500001 0.3084093015625 0.7522821703125 0.3142697671875 0.7483751937500001 0.32305813906249997 0.7425162796875 0.3025511625 0.7210310078125 0.2996209296875 0.718102325 0.42413255781250003 0.7205426359375 0.4302325578125 0.7398 0.4302325578125 0.7434930234375 0.42999069843750004 0.7483751937500001 0.39923023281250003 0.7659534890625 0.39923023281250003 0.7757193796874999 0.4109488375 0.8069689921875 0.4109488375 0.8147813953125 0.42266744218749996
