4 0.00097674375 0.21679767499999997 0.2529302328125 0.2841790703125 0.257812403125 0.2709953484375 0.2558589140625 0.11865348906249999 0.272460465625 0.117188371875 0.2773441859375 0.1420906984375 0.2939457359375 0.15527441875 0.41699224843750005 0.210937209375 0.4404294578125 0.1992186046875 0.445313178125 0.20947209375 0.445313178125 0.3295906984375 0.4941410859375 0.3413093015625 0.4941410859375 0.048339534375 0.4892573640625 0 0 0.0043953484375 0.00097674375 0.21679767499999997
4 0.2812496125 0.54052790625 0.3242186046875 0.54052790625 0.430663565625 0.533202325 0.431640309375 0.46435581406250004 0.28222635625 0.45410232500000003 0.2812496125 0.54052790625
4 0.2773441859375 0.250488371875 0.28027286875 0.3339837203125 0.431640309375 0.3618162796875 0.431640309375 0.297362790625 0.4248046515625 0.290039534375 0.28027286875 0.243165115625 0.2773441859375 0.250488371875
4 0.491210853125 0.3486325578125 0.4482418609375 0.3398441859375 0.4492186046875 0.7163093015625 0.4648434109375 0.719237209375 0.4892573640625 0.7089837203125 0.4941410859375 0.6899418609375 0.49609302343749995 0.38232325624999997 0.491210853125 0.3486325578125
4 0 0.9946279062500001 0.0429689921875 0.9975581390625001 0.3173829453125 0.993165115625 0.3251953484375 0.9785162796875 0.3271488375 0.9843744187500001 0.3408201546875 0.9785162796875 0.3955085265625 0.9345697671875 0.461914728125 0.8964837203125 0.4902341078125 0.8686534890625 0.48339845 0.8525395343750001 0.45214883749999996 0.8232418609375 0.445313178125 0.859862790625 0.4345705421875 0.8701162796874999 0.42285116250000004 0.867188371875 0.41113333281250003 0.8437511625 0.399413953125 0.8437511625 0.319336434375 0.8935558140625 0.305663565625 0.8935558140625 0.29492248125 0.9096674421875001 0.29687441875 0.9213860468749999 0.289062015625 0.9272465109375 0.29687441875 0.9418953484375001 0.28613333281250003 0.960937209375 0.2705085265625 0.9667976749999999 0.2480465109375 0.9389651156250001 0.2480465109375 0.9184581390625001 0.2597658921875 0.889160465625 0.2597658921875 0.44970697656249997 0.2529302328125 0.2841790703125 0 0.22412092968750003 0 0.9946279062500001
4 1 0.27685581406250004 0.9882806203125 0.27392558125 1 0.2680674421875 0.9990232562499999 0.12597674375 0.7861333328125 0.210937209375 0.7753906984375 0.2299813953125 0.7792961234375 0.9917 0.8964837203125 0.9946279062500001 0.9248046515624999 0.993165115625 0.9199224812500001 0.9653325578124999 0.868164340625 0.9404302328125 0.8554682171874999 0.9213860468749999 0.8554682171874999 0.8920906984375 0.8779302328125 0.779297675 0.9726558140625 0.8188465109375 0.9560542640625 0.9375 0.9755860468750001 0.9345697671875 0.9775395343750001 0.9169930234375 0.9892573640625001 0.9257813953125 1 0.91552790625 1 0.27685581406250004
4 0.944336434375 0.9667976749999999 0.868164340625 0.9404302328125 0.8535162796875 0.91552790625 0.8525395343750001 0.8906255812499999 0.84472713125 0.9023441859375 0.8095705421874999 0.9023441859375 0.802734884375 0.9096674421875001 0.8095705421874999 0.9814441859375 0.812500775 0.9418953484375001 0.8173829453125 0.9375 0.822265115625 0.9799813953125 0.8271488375 0.9843744187500001 0.8330077515625 0.9755860468750001 0.8388666671875 0.9843744187500001 0.8544914734375 0.9843744187500001 0.8564449609375 0.9960930234375001 1 0.9975581390625001 0.9990232562499999 0.829102325 0.9755860468750001 0.829102325 0.9707038765625 0.83642558125 0.944336434375 0.9667976749999999
4 0.7792961234375 0.20947209375 0.787110078125 0.20947209375 0.9990232562499999 0.12011627968750001 1 0.001465115625 0.7841798453125 0 0.7792961234375 0.20947209375
4 0.6523441859375 0.3061534890625 0.6542961234375 0.3852534890625 0.7001953484375 0.380860465625 0.7080077515625 0.3603511625 0.71777364375 0.3603511625 0.7324217046875 0.3881837203125 0.7187503875 0.41748139531249995 0.7187503875 0.4790046515625 0.7246093015625 0.48779302343750003 0.7167969000000001 0.4965813953125 0.7158201546875 0.51562558125 0.70312558125 0.5112302328125 0.70117209375 0.43212790625 0.6894527125 0.423339534375 0.687500775 0.4028325578125 0.6542961234375 0.3940418609375 0.6523441859375 0.44970697656249997 0.648437209375 0.46435581406250004 0.632812403125 0.4790046515625 0.6308589140625 0.766113953125 0.647460465625 0.78222558125 0.7460930234375 0.8334953484375 0.7460930234375 0.00732325625 0.6298821703125 0.005860465625 0.6308589140625 0.2944325578125 0.6523441859375 0.3061534890625
4 0.58007751875 0.0805674421875 0.5703131781249999 0.0747069765625 0.5820310078125 0.057127906250000006 0.58007751875 0.0102534890625 0.5654294578125 0.0029302328125 0.5507813953125 0.016113953125 0.552734884375 0.024902325 0.54687441875 0.024902325 0.5507813953125 0.030762790625 0.5439457359375 0.041016279687500004 0.538085271875 0.029297675000000002 0.5097658921875 0.06591860468750001 0.5117193796875 0.7045906984375 0.5146480625 0.7148441859375 0.57812558125 0.7426767437499999 0.57812558125 0.5581046515625 0.583984496875 0.48193255781250005 0.57617209375 0.3237302328125 0.58007751875 0.0805674421875
4 0.5996093015625 0.28564418593749996 0.6386713171875 0.3002930234375 0.6308589140625 0.282713953125 0.62597674375 0.14062558125 0.6152341078125 0.171386046875 0.5996093015625 0.28564418593749996
4 0.5917969000000001 0.00732325625 0.583984496875 0.17431627968750002 0.5976558140625 0.212402325 0.617187596875 0.1274418609375 0.6289069765625 0.12451162812500001 0.6279302328125 0.0029302328125 0.5917969000000001 0.00732325625
4 0.49902325625 0.8759767437500001 0.32812558125 0.9946279062500001 0.617187596875 0.9975581390625001 0.49902325625 0.8759767437500001
4 0.5195317828125 0.85107441875 0.5341798453125 0.8701162796874999 0.5537116281250001 0.8701162796874999 0.56152403125 0.8964837203125 0.6357426359375 0.960937209375 0.64062480625 0.95947209375 0.6210930234375 0.9360348843749999 0.62597674375 0.9169930234375 0.65722635625 0.9316395343749999 0.6601565890625001 0.9536139531250001 0.649413953125 0.9638674421875001 0.6455085265625 0.9580069765625 0.6445317828125 0.968262790625 0.6787116281250001 0.9990232562499999 0.75 0.9975581390625001 0.7480465109375001 0.8393558140625 0.7373054265625 0.829102325 0.631835659375 0.773437209375 0.5195317828125 0.85107441875
