4 1 0.001465115625 0.1230465109375 0.001465115625 0.5576170546875 0.31347674375 0.587889921875 0.326660465625 0.96777364375 0.23437441875 1 0.1831046515625 1 0.001465115625
4 0.89062480625 0.25927674375 0.9042961234375 0.2915046515625 0.9062496124999999 0.31787209375000003 0.9062496124999999 0.5756837203125 0.9218744187500001 0.5815418609375 0.9531255812499999 0.5698232562500001 0.9687503875000001 0.344237209375 0.96777364375 0.2373046515625 0.89062480625 0.25927674375
4 0.2675782953125 0.546386046875 0.2597658921875 0.48779302343750003 0.22753953437500002 0.47753953437499996 0.2216790703125 0.5888674421875 0.131835659375 0.600586046875 0.10742170468750001 0.5961906984375 0.10546821718749999 0.38232325624999997 0.16992248125 0.38232325624999997 0.1611333328125 0.36621162812499997 0.10546821718749999 0.3471674421875 0.10546821718749999 0.1333 0.11035193750000001 0.12597674375 0.20410232499999997 0.1757813953125 0.2070310078125 0.1450186046875 0.2216790703125 0.1435558140625 0.23242170468749998 0.162597675 0.22265581406249998 0.18017674374999998 0.2246093015625 0.23876976718749998 0.23925736406250003 0.2548837203125 0.2470697671875 0.2050790703125 0.2597658921875 0.2622069765625 0.2783209296875 0.2548837203125 0.28515658906249997 0.2622069765625 0.28613333281250003 0.30468837187500003 0.30468682187499996 0.30322325625 0.302734884375 0.27392558125 0.3164062015625 0.265137209375 0.3154294578125 0.24902325625000002 0.32617209375 0.2475581390625 0.3310542640625 0.20800697656249997 0.43652403125 0.2695302328125 0.44140620156250004 0.27685581406250004 0.437500775 0.484862790625 0.45312558125 0.49072325625 0.45117209375 0.5112302328125 0.437500775 0.5141604656250001 0.437500775 0.6284186046875 0.45800775156249995 0.641602325 0.4648434109375 0.640137209375 0.4648434109375 0.4965813953125 0.4570310078125 0.4409186046875 0.461914728125 0.430665115625 0.4863286828125 0.43798837187500006 0.4892573640625 0.34570232500000003 0.5585937984375 0.3793953484375 0.5605472875 0.45556744218749995 0.569336434375 0.45117209375 0.584961240625 0.45996046562500004 0.5957038765625 0.48779302343750003 0.586914728125 0.50097674375 0.572265115625 0.5053720937499999 0.5742186046875 0.5229488375 0.5986325578125 0.539062790625 0.6152341078125 0.537597675 0.617187596875 0.37353488437500004 0.670897675 0.3603511625 0.677734884375 0.3647465109375 0.6757813953125 0.6020511625 0.694336434375 0.539062790625 0.709961240625 0.5507813953125 0.7285162796875 0.5815418609375 0.7363286828125 0.6225581390625 0.726562790625 0.63427674375 0.7402341078125 0.64892558125 0.7402341078125 0.6606441859375 0.7646480625 0.6679697671875 0.76562480625 0.326660465625 0.7763674421875 0.3164069765625 0.8720697671875 0.29882790625 0.8847658921875 0.25927674375 0.8466790703125 0.26074186093749996 0.8486325578124999 0.266602325 0.6904294578125 0.3076162796875 0.579102325 0.32812558125 0.1220697671875 0.005860465625 0.00097674375 0 0.00097674375 0.070311628125 0.0810542640625 0.108397675 0.087889921875 0.1215813953125 0.087889921875 0.3413093015625 0.079102325 0.3486325578125 0.00097674375 0.3310558140625 0 0.35302790625 0.0830077515625 0.369139534375 0.087889921875 0.37646511562499996 0.0898434109375 0.5961906984375 0.0771488375 0.6064441859375 0.00097674375 0.6123046515625 0 0.66357441875 0.0810542640625 0.63867209375 0.0898434109375 0.67822325625 0.0976558140625 0.6811534890625001 0.1435550390625 0.6562511625 0.25097674375 0.6298837203125001 0.26562480625 0.578613953125 0.2675782953125 0.546386046875
4 0.4873054265625 0.5126953484375 0.4824217046875 0.5581046515625 0.4902341078125 0.5581046515625 0.5166015500000001 0.5507813953125 0.5283209296875 0.524413953125 0.541015503125 0.5200186046875 0.4873054265625 0.5126953484375
4 0.812500775 0.6840813953125 0.8281255812499999 0.6752930234375001 0.7998046515625 0.670897675 0.79492248125 0.67822325625 0.812500775 0.6840813953125
4 0.5048821703125 0.9785162796875 0.47070387656249996 0.9946279062500001 0.507812403125 0.9975581390625001 0.5048821703125 0.9785162796875
4 0.492187596875 0.7924813953125 0.5097658921875 0.8042 0.5136713171875 0.7836906984375 0.50097674375 0.7675790703125001 0.492187596875 0.7778325578125 0.492187596875 0.7924813953125
4 0.43359379843749996 0.7631837203125 0.47167907031249995 0.7617186046875 0.47656279062499995 0.733886046875 0.42187441875 0.7602534890625 0.43359379843749996 0.7631837203125
4 0.46972713125 0.8876953484375001 0.43945271249999995 0.8979488375000001 0.42187441875 0.9653325578124999 0.42187441875 0.9770511624999999 0.429686821875 0.9799813953125 0.4980465109375 0.9536139531250001 0.49706976718749996 0.9433604656250001 0.48437519375000004 0.9418953484375001 0.46972713125 0.8876953484375001
4 0.8974604656249999 0.9843744187500001 0.8808589140624999 0.9711906984375 0.8808589140624999 0.9272465109375 0.8740232562499999 0.9169930234375 0.7705085265625 0.8378906984375 0.7626945734375 0.8349604656249999 0.757812403125 0.859862790625 0.75097674375 0.86132790625 0.7460930234375 0.8217767437499999 0.7285162796875 0.8071279062500001 0.7285162796875 0.7368162796875 0.7226558140625 0.719237209375 0.708984496875 0.7309581390625 0.708984496875 0.77197209375 0.704102325 0.773437209375 0.697265115625 0.7104488375 0.6904294578125 0.7001953484375 0.6767581390624999 0.71777441875 0.670897675 0.7089837203125 0.65722635625 0.71777441875 0.647460465625 0.755860465625 0.64062480625 0.7514651156250001 0.6455085265625 0.68847674375 0.631835659375 0.7001953484375 0.6201178296875 0.68847674375 0.59472713125 0.70312558125 0.5820310078125 0.7163093015625 0.5771488375 0.7470697671875 0.5703131781249999 0.7397465109375 0.569336434375 0.720702325 0.5419922484375 0.7353511625 0.5351565890625001 0.7573232562500001 0.5332030999999999 0.85107441875 0.5039069765625 0.8627930234375001 0.53027286875 0.9990232562499999 0.9433596906249999 0.9975581390625001 0.9462883718749999 0.9316395343749999 0.915038759375 0.9404302328125 0.9160155031249999 0.9770511624999999 0.8974604656249999 0.9843744187500001
4 0 0.985839534375 0.007812403125000001 0.985839534375 0.0214837203125 0.9799813953125 0.022460465625000002 0.960937209375 0 0.9653325578124999 0 0.985839534375
4 0.0966790703125 0.7412116281250001 0.10351627968749999 0.8012697671875 0.10742170468750001 0.8159186046875 0.1132806203125 0.8159186046875 0.1132806203125 0.7954093015625 0.1367193796875 0.774902325 0.1367193796875 0.7573232562500001 0.0966790703125 0.7412116281250001
4 0.0117193796875 0.9038093015625 0.023437209375 0.9096674421875001 0.07812558124999999 0.85107441875 0.0751953484375 0.802734884375 0.007812403125000001 0.8627930234375001 0.0117193796875 0.9038093015625
4 0.802734884375 0.5024418609375 0.802734884375 0.5141604656250001 0.7939457359375 0.5214837203125 0.8574217046875001 0.5200186046875 0.8603519374999999 0.47753953437499996 0.7929689921875 0.4790046515625 0.7929689921875 0.4965813953125 0.802734884375 0.5024418609375
