4 0.555384496875 0 0.39849302343750004 0.0011953484375 0.40139379843749995 0.153488371875 0.589899225 0.153488371875 0.590697675 0.027739534375000003 0.590697675 0 0.555384496875 0
4 0.33013798437499997 0 0.0666666671875 0.0011930234374999999 0.0666666671875 0.0013627906250000001 0.133910078125 0.081760465625 0.2065937984375 0.153488371875 0.38879224843750004 0.153488371875 0.3891472875 0.0976093015625 0.3891472875 0 0.33013798437499997 0
4 0.6005178296875 0 0.6014914734375 0.14473488437499998 0.6405550390625 0.15352558125 0.6425069765625 0.23262558125 0.6561798453125001 0.238486046875 0.6561798453125001 0.2912209296875 0.6586883718750001 0.3 0.6659519375 0.3 0.9054263562499999 0.0021186046875 0.9054263562499999 0.00117674375 0.6597674421875 0 0.6005178296875 0
4 0.42417054218750005 0.22644418593750001 0.42320155000000004 0.251162790625 0.563840309375 0.251162790625 0.5667488374999999 0.22644418593750001 0.58432713125 0.20007674375 0.5875969000000001 0.165737209375 0.5875969000000001 0.1581069765625 0.5833503875 0.151737209375 0.4007333328125 0.159060465625 0.4065922484375 0.20593488437500002 0.42417054218750005 0.22644418593750001
4 0.20084806249999998 0.49679302343750004 0.20084806249999998 0.3942534890625 0.18131782968750002 0.3708162796875 0.18131782968750002 0.2624162796875 0.1862 0.2550930234375 0.367840309375 0.2550930234375 0.37272403125000003 0.250697675 0.364911628125 0.2389790703125 0.364911628125 0.2243302328125 0.382489921875 0.20675348906250002 0.3891472875 0.1742953484375 0.3891472875 0.16693488437499998 0.379559690625 0.1525534890625 0.20182480625000002 0.1554837203125 0.0651069765625 0.0060697671875 0.0006527125 0.00020930156249999998 0.0006527125 0.0382953484375 0.116863565625 0.1423 0.116863565625 0.6110488375 0.12732248125 0.6162790703125001 0.1299488375 0.6162790703125001 0.15397364375 0.6051906984375 0.1383488375 0.5758930234374999 0.1363953484375 0.511439534375 0.1979193796875 0.5041162796875 0.20084806249999998 0.49679302343750004
4 0.679587596875 0.3797697671875 0.6874 0.37098139531249996 0.6854480625 0.3563325578125 0.7040031 0.334360465625 0.716697675 0.33582558125 0.716697675 0.47645116249999997 0.7215798453125 0.48377441875000005 0.725486821875 0.46912558125 0.7459937984375 0.461802325 0.7459937984375 0.303597675 0.7782217046875 0.2786953484375 0.7811503875 0.4647302328125 0.7928697671875 0.45887209375 0.7918930234375 0.44568837187500004 0.8387674421875 0.44568837187500004 0.834862015625 0.45740697656249996 0.82802635625 0.45301162812499995 0.82802635625 0.467660465625 0.8407209296874999 0.46326744218749993 0.85732248125 0.47352092968750004 0.85732248125 0.561411628125 0.862900775 0.5837209296875 0.8631922484375 0.5837209296875 0.865134884375 0.3827 0.8729472875000001 0.37098139531249996 0.867088371875 0.327034884375 0.8729472875000001 0.27430232499999996 0.867088371875 0.1366069765625 0.9657209296874999 0.02967209375 0.9968992249999999 0.0241697671875 0.9968992249999999 0.012702325 0.9842759687499999 0.016488371874999998 0.9911116281250001 0.00037674375 0.9090806203125 0.006234884375 0.6502914734374999 0.327034884375 0.6502914734374999 0.37098139531249996 0.6668930234375 0.3695162796875 0.67177519375 0.376839534375 0.6747054265625 0.44568837187500004 0.6815410859375 0.43543488437500005 0.6756821703125 0.4266441859375 0.6874 0.41492558125 0.6815410859375 0.4032069765625 0.6874 0.388560465625 0.679587596875 0.3797697671875
4 0.7748325578124999 0.4660930234375 0.746511628125 0.46463023281250004 0.746511628125 0.4118953484375 0.7367457359375 0.3943162796875 0.731863565625 0.36355581406250004 0.7191674421875 0.376739534375 0.717213953125 0.46463023281250004 0.70842635625 0.47488372031250004 0.6967069765625 0.47488372031250004 0.69182480625 0.46463023281250004 0.684987596875 0.351837209375 0.6410434109375001 0.3943162796875 0.64397209375 0.4045697671875 0.654714728125 0.4031046515625 0.6410434109375001 0.41482558125 0.6429953484375 0.46463023281250004 0.6654573640625 0.463165115625 0.67522325625 0.5041790703125 0.7240511625 0.5071093015625 0.7426046515625 0.532011628125 0.745534884375 0.56277441875 0.7865503875 0.565702325 0.7894806203125 0.6081837203125 0.7943627906249999 0.6125790703125 0.8527519375000001 0.6162790703125001 0.863711628125 0.6162790703125001 0.8666666671875 0.4500465109375 0.8666666671875 0.38457441875 0.86272248125 0.33132790624999997 0.858815503125 0.34597674375 0.8490511625 0.3489069765625 0.8461209296875 0.32107441875 0.8392852718749999 0.31667907031250003 0.8363550390625001 0.33865348906250003 0.823660465625 0.3430465109375 0.8178000000000001 0.36062558125 0.808035659375 0.36062558125 0.8021751937499999 0.384062790625 0.7914341078125 0.34744186093749996 0.7816682171875 0.391386046875 0.7816682171875 0.45290930156250003 0.7748325578124999 0.4660930234375
4 0.3661798453125 0.504602325 0.3691085265625 0.48848837187500005 0.3632496125 0.46798139531249994 0.3759441859375 0.4430790703125 0.3915705421875 0.4430790703125 0.39547596875 0.45186744218749997 0.40719534843750005 0.4430790703125 0.41891317812500006 0.44893720937500003 0.419889921875 0.503137209375 0.45602325625000006 0.504602325 0.4609054265625 0.46212092968749996 0.4716480625 0.4430790703125 0.5302418609374999 0.44014883749999995 0.5419596906249999 0.416711628125 0.560514728125 0.44747441875 0.5624682171875001 0.46798139531249994 0.5839519375 0.47969999999999996 0.5868821703125 0.504602325 0.61422635625 0.504602325 0.6171550390625 0.485560465625 0.6372093015625 0.4664162796875 0.6372093015625 0.3925930234375 0.6337565890625 0.387413953125 0.20406976718749997 0.387413953125 0.2030930234375 0.456262790625 0.2099286828125 0.44893720937500003 0.2646170546875 0.44893720937500003 0.2714527125 0.4650511625 0.2655937984375 0.503137209375 0.27265736406249996 0.5046511625 0.3085286828125 0.5046511625 0.309537984375 0.504602325 0.31344496093749996 0.4694465109375 0.33297674375 0.4694465109375 0.33883565937500004 0.504602325 0.3661798453125 0.504602325
4 0.44465116250000003 0.9953488374999999 0.45116279062500003 0.9953488374999999 0.45116279062500003 0.9260162796875001 0.444314728125 0.9225906984375 0.44138449687500003 0.9943697671875 0.44465116250000003 0.9953488374999999
4 0.9984496125 0.9805604656250001 0.9984496125 0.9609139531249999 0.9938186046874999 0.9562837203125 0.9984496125 0.949334884375 0.9984496125 0.9255558140625 0.9664744187500001 0.9299162796875 0.97412403125 0.9930232562500001 0.9850527124999999 0.9930232562500001 0.99772403125 0.991439534375 0.9984496125 0.9805604656250001
4 0.7808527125 0.991439534375 0.7988062015625 0.9930232562500001 0.8140961234375 0.9930232562500001 0.8155038765624999 0.9444302328124999 0.8155038765624999 0.926965115625 0.7818294578125 0.9255209296875 0.7808527125 0.991439534375
4 0.2553069765625 0.9953488374999999 0.258914728125 0.9917418609374999 0.258914728125 0.9283441859374999 0.254635659375 0.9193604656250001 0.23315193750000002 0.9193604656250001 0.2263162796875 0.9266837203125 0.2263162796875 0.9940674421875 0.2382806203125 0.9953488374999999 0.2553069765625 0.9953488374999999
4 0.852265115625 0.9387046515625 0.8483581390625 0.9826511625000001 0.8532418609375 0.9929046515625 0.8599953484375 0.9930232562500001 0.9348837203125001 0.9930232562500001 0.9348837203125001 0.9595441859375 0.9342961234375 0.9445651156249999 0.9274604656250001 0.9255209296875 0.8464062015625 0.9299162796875 0.852265115625 0.9387046515625
4 0 0.9187046515624999 0.0027875968750000002 0.9953488374999999 0.053610853125 0.9953488374999999 0.0663069765625 0.9950558140625001 0.0728682171875 0.98767441875 0.0728682171875 0.9556279062499999 0.071189146875 0.914488371875 0 0.9159511625000001 0 0.9187046515624999
4 0.11007751875 0.9846837203125001 0.11007751875 0.99212325625 0.1396837203125 0.99767441875 0.1476046515625 0.99767441875 0.19632248125 0.9963930234375 0.197299225 0.9392627906250001 0.18948682187500002 0.93047441875 0.19844961249999998 0.9250953484375 0.19844961249999998 0.9240674421874999 0.188510078125 0.9172906984375 0.1162449609375 0.9172906984375 0.11007751875 0.9846837203125001
4 0.47711627968750003 0.9237534890625 0.478089921875 0.9953488374999999 0.5658914734375 0.9953488374999999 0.5658914734375 0.919365115625 0.47711627968750003 0.9237534890625
4 0.746413953125 0.9930232562500001 0.755038759375 0.98267209375 0.755038759375 0.9514906984374999 0.754584496875 0.9249162796875 0.6686465109374999 0.9190581390625001 0.616889921875 0.9263813953125 0.617865115625 0.9923 0.6810403093749999 0.9930232562500001 0.746413953125 0.9930232562500001
4 0.3701705421875 0.99767441875 0.42325581406249996 0.9971325578125001 0.42325581406249996 0.9335488375000001 0.4230496125 0.9165581390625 0.321486821875 0.91362790625 0.2804713171875 0.9194883718750001 0.2775426359375 0.9268116281250001 0.2804341078125 0.99767441875 0.3701705421875 0.99767441875
4 0.6228077515625 0.22687441874999997 0.6236682171875 0.24883720937499998 0.6372093015625 0.24883720937499998 0.6372093015625 0.1576558140625 0.6335503874999999 0.1521674421875 0.608159690625 0.1550953484375 0.5993705421875 0.16535116249999998 0.6052294578125 0.21222558125000002 0.6228077515625 0.22687441874999997
