4 0.507813559375 0.2128431375 0.5087881359375 0 0.0625 0.0067803921875000004 0.065429378125 0.1220117640625 0.507813559375 0.2128431375
4 0.5117175140625 0.45144705937499996 0.5087881359375 0.4256901953125 0.50488418125 0.4500901953125 0.49316384218750003 0.4148431375 0.4755847453125 0.4284 0.47168079062499996 0.4121333328125 0.46581920937500004 0.4473803921875 0.4550790953125 0.41890980468750005 0.45312429375 0.45416078437499996 0.46875141249999996 0.4622941171875 0.45312429375 0.4758509796875 0.476562146875 0.5219450984375 0.5039067796875 0.51652156875 0.498048021875 0.50296470625 0.5117175140625 0.494831371875 0.5117175140625 0.45144705937499996
4 0.1347655375 0.5897294125 0.13964971718750002 0.5368549015624999 0.15527401093749998 0.5477019609375 0.190429378125 0.53143529375 0.2050790953125 0.54363529375 0.20312429375000002 0.4731372546875 0.2119152546875 0.4609372546875 0.43652259843749996 0.455513725 0.44726553750000003 0.47042745156250004 0.44433615781249997 0.4419568625 0.3505847453125 0.4473803921875 0.3369152546875 0.4446705875 0.3291016953125 0.4229764703125 0.185548021875 0.413486275 0.1875 0.2589372546875 0.28027401093750004 0.2602941171875 0.2724604515625 0.241313725 0.331053671875 0.2060666671875 0.309570621875 0.2060666671875 0.291991525 0.178952940625 0.2177740109375 0.1572627453125 0.0625 0.1342156859375 0.0625 0.7198745093750001 0.0800790953125 0.7225882359375 0.138672315625 0.706317646875 0.1367175140625 0.6331098046875 0.11328248593750001 0.605996078125 0.1347655375 0.5897294125
4 0.2695310734375 0.177596078125 0.2617175140625 0.22369019531249998 0.2695310734375 0.23453725468750003 0.257813559375 0.2562274515625 0.3300790953125 0.280631371875 0.3300790953125 0.413486275 0.2900395484375 0.4256901953125 0.27636723124999996 0.4473803921875 0.377929378125 0.452803921875 0.3339830515625 0.4378901953125 0.335937853125 0.2562274515625 0.416991525 0.263003921875 0.4335932203125 0.27520784374999996 0.43164124218750005 0.44602352968750003 0.456053671875 0.46907058749999997 0.497070621875 0.45822745156250005 0.5039067796875 0.4975411765625 0.513672315625 0.3863725484375 0.5087881359375 0.216913725 0.2597655375 0.1694627453125 0.2695310734375 0.177596078125
4 0.23339830468749997 0.70496470625 0.15527401093749998 0.7375019609375 0.1357429375 0.7185215687500001 0.0625 0.7361450984375 0.064451978125 0.934074509375 0.0009774015625 0.95983529375 0.0009774015625 0.9977960781249999 0.298827684375 0.9964392156249999 0.3066412421875 0.9232313718749999 0.3476553671875 0.8473098046875001 0.2724604515625 0.7402117640625 0.23339830468749997 0.70496470625
4 0.0039067796875 0.955768628125 0.060548021875000003 0.9367882359375 0.0556638421875 0 0 0.0013568625 0.0039067796875 0.955768628125
4 1 0.0013568625 0.9804689265625001 0.0067803921875000004 0.9707033890625001 0.05829411718750001 0.9960932203124999 0.2399568625 0.935548021875 0.44602352968750003 0.914062146875 0.5978627453125 0.8662118640625 0.667003921875 0.8017570624999999 0.6886941171875 0.770508475 0.667003921875 0.7226553671875 0.581596078125 0.7285169484375 0.3999294125 0.6679689265625 0.2264 0.6699209046875 0.1559058828125 0.7128898312499999 0.004066667187499999 0.518553671875 0 0.5175790953125 0.6710705875 0.5712881359375 0.669713725 0.6103502828125 0.6886941171875 0.6220706218750001 0.6886941171875 0.6357429375 0.6561568624999999 0.6943361578125 0.6724274515625 0.7041016953125 0.7266549015625 0.8310536718750001 0.7646156859375 0.8681638421875 0.794439215625 1 0.8446 1 0.0013568625
4 0.590819209375 0.9354313718749999 0.57812429375 0.9964392156249999 0.6269519781249999 0.9991490203125 0.590819209375 0.9354313718749999
4 0.513672315625 0.8608666671874999 0.513672315625 0.9286549015625001 0.5253898312499999 0.9449215687500001 0.5556638421875 0.9327215687500001 0.5625 0.9042509796875 0.528319209375 0.8513803921875001 0.513672315625 0.8608666671874999
4 0.5957033890625001 0.8852705875 0.674805084375 0.9977960781249999 0.7539067796875 0.9991490203125 0.5957033890625001 0.8852705875
4 0.460937853125 0.9747490203125 0.4824209046875 0.9611921562499999 0.46581920937500004 0.921874509375 0.4550790953125 0.95847843125 0.460937853125 0.9747490203125
4 0.51562429375 0.8581568624999999 0.4833983046875 0.8649372546875 0.51562429375 0.9259411765625 0.51562429375 0.8581568624999999
4 0.36230508437500003 0.7863058828125 0.3574209046875 0.833752940625 0.3652344625 0.833752940625 0.4072259890625 0.8052862749999999 0.440429378125 0.807996078125 0.4414067796875 0.77139215625 0.36230508437500003 0.7863058828125
4 0.23339830468749997 0.70496470625 0.15722598906250002 0.7375019609375 0.1357429375 0.7185215687500001 0.064451978125 0.733431371875 0.064451978125 0.934074509375 0.0009774015625 0.95983529375 0.0009774015625 0.9977960781249999 0.298827684375 0.9964392156249999 0.3066412421875 0.9232313718749999 0.3476553671875 0.8473098046875001 0.2724604515625 0.7402117640625 0.23339830468749997 0.70496470625
