4 0.209961240625 0.8994139531249999 0.12109302343749999 0.95947209375 0.12402325624999999 0.9990232562499999 0.16992248125 1 0.2353519375 0.9990232562499999 0.2597658921875 0.962402325 0.23925736406250003 0.8906255812499999 0.209961240625 0.8994139531249999
4 0.2148434109375 0.38232325624999997 0.2207038765625 0.2563465109375 0.2187503875 0.22705116250000001 0.211914728125 0.21972558125 0.00097674375 0.1376953484375 0 0.8950186046875 0.0039069765625 0.8950186046875 0.2148434109375 0.7924813953125 0.21093798437500003 0.5141604656250001 0.2167969 0.5053720937499999 0.2148434109375 0.38232325624999997
4 0.38574263593749997 0.1875 0.3691410859375 0.171386046875 0.3691410859375 0.1596674421875 0.3779302328125 0.149413953125 0.3955085265625 0.149413953125 0.40722635625 0.1669930234375 0.4189457359375 0.131834884375 0.44726511562500004 0.11572325624999999 0.445313178125 0.09814418593749999 0.4501953484375 0.0908209296875 0.46386666718749997 0.0937511625 0.4648434109375 0.11865348906249999 0.491210853125 0.1376953484375 0.5019534890624999 0.171386046875 0.5107426359375 0.17285116250000002 0.7597658921875 0.001465115625 0.600586046875 0 0.5830077515625 0.023437209375 0.5673829453125 0.0205069765625 0.56152403125 0 0 0.001465115625 0.00097674375 0.134765115625 0.21972713124999999 0.22265581406249998 0.2548821703125 0.1757813953125 0.2763674421875 0.17871162812500002 0.367187596875 0.23290930156249998 0.31152403125 0.2695302328125 0.2451178296875 0.2460930234375 0.2246093015625 0.2475581390625 0.319336434375 0.28710930156250003 0.33984341093750003 0.28564418593749996 0.414062015625 0.235839534375 0.4082031 0.17431627968750002 0.397460465625 0.1875 0.38574263593749997 0.1875
4 0.7685550390625 0 0.5039069765625 0.186034884375 0.5019534890624999 0.2299813953125 0.506835659375 0.243165115625 0.5205085265625 0.243165115625 0.5546868218750001 0.2211906984375 0.5546868218750001 0.1918953484375 0.56152403125 0.1757813953125 0.5966790703125 0.15527441875 0.6074217046875 0.1684581390625 0.6083984499999999 0.1992186046875 0.6591798453125 0.1699209296875 0.6757813953125 0.17431627968750002 0.664062015625 0.8569325578125 0.687500775 0.8715813953125 0.70312558125 0.162597675 0.7158201546875 0.15234418593750002 0.743164340625 0.15527441875 0.774413953125 0.1435558140625 0.9990232562499999 0.041016279687500004 0.9990232562499999 0 0.7685550390625 0
4 0.3466790703125 0.3251953484375 0.3798821703125 0.319334884375 0.39160154999999996 0.30175813906250004 0.4267581390625 0.2812511625 0.431640309375 0.2475581390625 0.41503875937499995 0.2373046515625 0.336914728125 0.2929697671875 0.2207038765625 0.2563465109375 0.2216790703125 0.322265115625 0.32031317812500004 0.344237209375 0.333984496875 0.3354488375 0.334961240625 0.30468837187500003 0.3437503875 0.3061534890625 0.3466790703125 0.3251953484375
4 0.445313178125 0.250488371875 0.446288371875 0.266602325 0.4687503875 0.265137209375 0.50097674375 0.2548837203125 0.5039069765625 0.24462790625 0.491210853125 0.2373046515625 0.445313178125 0.250488371875
4 0.22363255781250002 0.32812558125 0.2207038765625 0.3647465109375 0.2382806203125 0.37353488437500004 0.24023410781250001 0.49951162812499994 0.23242170468749998 0.5083 0.2480465109375 0.5170906984375 0.25097674375 0.5419930234375 0.27539069843749997 0.546386046875 0.2792961234375 0.5346674421875 0.2714837203125 0.3793953484375 0.27539069843749997 0.3413093015625 0.22363255781250002 0.32812558125
4 0.8867193796875 0.5434581390625 0.8710930234375001 0.537597675 0.8720697671875 0.4980465109375 0.9248046515624999 0.50097674375 0.9257813953125 0.537597675 0.9042961234375 0.5434581390625 0.9082031 0.593262790625 0.9384759687500001 0.6064441859375 0.947265115625 0.6020511625 0.95117209375 0.44970697656249997 0.9736325578124999 0.4248046515625 1 0.4145511625 0.9990232562499999 0.24902325625000002 0.804686821875 0.297362790625 0.79492248125 0.654786046875 0.835937984375 0.672362790625 0.8535162796875 0.6665046515624999 0.8554682171874999 0.5961906984375 0.8828124031250001 0.587402325 0.8867193796875 0.5434581390625
4 0.7402341078125 0.1831046515625 0.789062015625 0.2534186046875 0.805663565625 0.290039534375 0.8183596906249999 0.28857441875 0.9990232562499999 0.2460930234375 1 0.06884651093750001 0.866210853125 0.12011627968750001 0.7402341078125 0.1831046515625
4 0.149413953125 0.9404302328125 0.1230465109375 0.9653325578124999 0.1279302328125 0.9960930234375001 0.2070310078125 0.9975581390625001 0.2314449609375 0.9960930234375001 0.2539069765625 0.9565418609374999 0.2314449609375 0.8906255812499999 0.149413953125 0.9404302328125
4 1 0.8774418609374999 0.9531255812499999 0.7397465109375 0.930663565625 0.7294930234375 0.915038759375 0.694334884375 0.868164340625 0.6826162796874999 0.8583984499999999 0.7148441859375 0.8466790703125 0.6855465109375001 0.795897675 0.67382790625 0.7812496125 0.7075186046875 0.7773441859375 0.8012697671875 0.7304682171875 0.8862302328125 0.704102325 0.9169930234375 0.5117193796875 0.7836906984375 0.507812403125 0.9917 0.5126945734375 0.9990232562499999 1 0.9975581390625001 1 0.8774418609374999
4 0.804686821875 0.2915046515625 0.7939457359375 0.26367209375 0.787110078125 0.297362790625 0.7832030999999999 0.5288093015625 0.7929689921875 0.537597675 0.7832030999999999 0.5434581390625 0.7792961234375 0.6518558140625 0.7832030999999999 0.6899418609375 0.791015503125 0.6752930234375001 0.79492248125 0.6430674421875 0.804686821875 0.3325186046875 0.804686821875 0.2915046515625
4 0.11914108593749999 0.9975581390625001 0.11621085312499999 0.8466790703125 0 0.9008790703124999 0.00097674375 0.9990232562499999 0.11914108593749999 0.9975581390625001
