4 1 0.001465115625 0.3457038765625 0.001465115625 0.6513674421875 0.1611325578125 0.726562790625 0.1918953484375 0.9873054265625001 0.023437209375 1 0.0131837203125 1 0.001465115625
4 0.164062015625 0.780762790625 0.1679689921875 0.6987302328125 0.20410232499999997 0.6123046515625 0.23925736406250003 0.615234884375 0.2529302328125 0.59472558125 0.2685550390625 0.591797675 0.2792961234375 0.6108395343749999 0.2812496125 0.64892558125 0.2978511625 0.6503906984375 0.3085937984375 0.6313465109374999 0.29687441875 0.593262790625 0.302734884375 0.58447209375 0.29687441875 0.54052790625 0.305663565625 0.5185558140625 0.3876945734375 0.5214837203125 0.437500775 0.5112302328125 0.4345705421875 0.49218837187500003 0.3779302328125 0.4951162796875 0.3564449609375 0.48632790625 0.3564449609375 0.47167907031249995 0.2978511625 0.46582092968750005 0.295897675 0.45410232500000003 0.2529302328125 0.4423837203125 0.2529302328125 0.240234884375 0.367187596875 0.2680674421875 0.3720697671875 0.4248046515625 0.4062496125 0.4204093015625 0.4062496125 0.3149418609375 0.413085271875 0.2783209296875 0.49706976718749996 0.29882790625 0.5019534890624999 0.350097675 0.506835659375 0.3544930234375 0.51562480625 0.350097675 0.51562480625 0.3325186046875 0.5253906984375 0.3237302328125 0.523437209375 0.3149418609375 0.53027286875 0.30468837187500003 0.5732418609375001 0.31347674375 0.5830077515625 0.3076162796875 0.601562790625 0.3295906984375 0.60937519375 0.4204093015625 0.6142573640625 0.42187441875 0.631835659375 0.398437209375 0.65527286875 0.3955069765625 0.6611333328125 0.3779302328125 0.7167969000000001 0.35888604687500003 0.7167969000000001 0.1977534890625 0.34277364375 0.005860465625 0.06152403125 0 0.056640309374999996 0.0102534890625 0.056640309374999996 0.8686534890625 0.06152403125 0.8789069765624999 0.07617209375 0.8774418609374999 0.132812403125 0.8540046515625 0.1113286828125 0.8422860468750001 0.1113286828125 0.8012697671875 0.164062015625 0.780762790625
4 0.12402325624999999 0.7939441859375 0.1298821703125 0.7763674421875 0.1376945734375 0.7851558140625 0.14160155000000002 0.773437209375 0.162110078125 0.7690418609375 0.17187441875 0.6840813953125 0.187500775 0.66357441875 0.20410232499999997 0.615234884375 0.23925736406250003 0.618165115625 0.25683565937499997 0.5976558140625 0.2685550390625 0.5976558140625 0.273437209375 0.6049813953125 0.27539069843749997 0.6518558140625 0.2978511625 0.6533209296875 0.3105472875 0.6665046515624999 0.312500775 0.6020511625 0.30468682187499996 0.58447209375 0.302734884375 0.5346674421875 0.31152403125 0.5214837203125 0.399413953125 0.5273441859375 0.4501953484375 0.51562558125 0.46582015468750004 0.51562558125 0.47167907031249995 0.524413953125 0.47949147343750004 0.51562558125 0.5908201546875 0.5185558140625 0.6074217046875 0.5610348843749999 0.6279302328125 0.591797675 0.632812403125 0.587402325 0.6367193796875 0.537597675 0.6435550390625 0.5273441859375 0.6425782953125 0.6167 0.6513674421875 0.632811628125 0.665038759375 0.63867209375 0.687500775 0.47607441875 0.662110078125 0.46142558125 0.6601565890625001 0.3852534890625 0.6298821703125 0.3925790703125 0.631835659375 0.38378837187500003 0.6523441859375 0.38232325624999997 0.6416015500000001 0.36621162812499997 0.618164340625 0.3632813953125 0.625 0.39111395312499997 0.6142573640625 0.3925790703125 0.60937519375 0.3852534890625 0.6132806203125 0.344237209375 0.602539534375 0.3164069765625 0.5976558140625 0.452637209375 0.5341798453125 0.45410232500000003 0.5273441859375 0.44677674375 0.5273441859375 0.312011628125 0.5166015500000001 0.30468837187500003 0.5 0.31787209375000003 0.5097658921875 0.3383790703125 0.507812403125 0.350097675 0.5 0.35302790625 0.49706976718749996 0.44531162812499997 0.41699224843750005 0.4423837203125 0.4101565890625 0.43798837187500006 0.412110078125 0.2709953484375 0.40722635625 0.266602325 0.40332092968750005 0.2783209296875 0.3935550390625 0.2783209296875 0.3876945734375 0.25781162812499997 0.38183565937499997 0.2695302328125 0.36816434062500003 0.25781162812499997 0.36425736406250003 0.43652325625 0.2529302328125 0.42773488437499996 0.2470697671875 0.3867186046875 0.24121085312499999 0.3955069765625 0.21972713124999999 0.398437209375 0.2158201546875 0.4101558140625 0.21386666718749997 0.398437209375 0.209961240625 0.4189441859375 0.1826170546875 0.42187441875 0.17675813906249999 0.4423837203125 0.170897675 0.42187441875 0.165038759375 0.42187441875 0.1611333328125 0.43652325625 0.1591798453125 0.4248046515625 0.15527286875 0.43359302343749995 0.1513674421875 0.4248046515625 0.148437209375 0.44384651093749994 0.1376945734375 0.45117209375 0.1357426359375 0.44531162812499997 0.1298821703125 0.4687511625 0.1201178296875 0.4570302328125 0.11621085312499999 0.4687511625 0.101562790625 0.47021395312500003 0.10058604687499999 0.4892581390625 0.09472713125 0.4804697671875 0.09277364375 0.4892581390625 0.079102325 0.49218837187500003 0.07812558124999999 0.5141604656250001 0.070313178125 0.5170906984375 0.069336434375 0.53027441875 0.06347596875 0.5126953484375 0.0585937984375 0.5170906984375 0.060547287500000005 0.7778325578125 0.0664062015625 0.7778325578125 0.0644527125 0.733886046875 0.069336434375 0.7294930234375 0.070313178125 0.7778325578125 0.07812558124999999 0.780762790625 0.07812558124999999 0.8247069765624999 0.085937984375 0.827637209375 0.084961240625 0.8378906984375 0.07812558124999999 0.8334953484375 0.085937984375 0.8569325578125 0.071288371875 0.8554697671874999 0.070313178125 0.8627930234375001 0.0976558140625 0.8657232562500001 0.12695348906249998 0.85107441875 0.10937519375 0.8452139531249999 0.10937519375 0.7983395343749999 0.12402325624999999 0.7939441859375
4 0 0.9975581390625001 0.0039069765625 0.9975581390625001 0.03222635625 0.9960930234375001 0.048827906250000004 0.9565418609374999 0.0439457359375 0.9433604656250001 0.0429689921875 0.9536139531250001 0.037110078125 0.9536139531250001 0.041015503125000005 0.9389651156250001 0.0478511625 0.9345697671875 0.0517581390625 0.9492186046875 0.054686821875 0.9360348843749999 0.0507813953125 0.9272465109375 0.053711628125 0 0 0.001465115625 0 0.9975581390625001
4 0.29882790625 0.8540046515625 0.3105472875 0.8540046515625 0.312500775 0.8305674421875 0.305663565625 0.8173837203125001 0.29882790625 0.8247069765624999 0.29882790625 0.8540046515625
4 0.2060542640625 0.8437511625 0.20117209374999998 0.8833 0.21093798437500003 0.8862302328125 0.28027286875 0.8642581390625 0.2812496125 0.8305674421875 0.2705085265625 0.82617209375 0.2060542640625 0.8437511625
4 0.053711628125 0.8876953484375001 0.0039069765625 0.9946279062500001 0.0332031 0.9975581390625001 0.06347596875 0.9316395343749999 0.18066356562500002 0.8964837203125 0.1835937984375 0.8540046515625 0.053711628125 0.8876953484375001
4 0.70312558125 0.64892558125 0.6982418609375001 0.4980465109375 0.6757813953125 0.64892558125 0.7187503875 0.657713953125 0.7226558140625 0.6225581390625 0.7080077515625 0.5214837203125 0.7070310078125 0.64892558125 0.70312558125 0.64892558125
4 1 0.5258790703125 0.8457038765625 0.5200186046875 0.8476558140625 0.188965115625 0.9990232562499999 0.108397675 0.9990232562499999 0.014648837500000001 0.7226558140625 0.1977534890625 0.7207038765625 0.35302790625 0.7236325578125 0.369139534375 0.742187596875 0.3793953484375 0.742187596875 0.452637209375 0.7226558140625 0.46435581406250004 0.7207038765625 0.531737209375 0.7373054265625 0.6591790703125 0.8330077515625 0.6914069765625 0.8642573640625001 0.726562790625 1 0.7690418609375 1 0.5258790703125
4 0.312500775 0.859862790625 0.30175813906250004 0.858397675 0.29882790625 0.8657232562500001 0.2998046515625 0.9287116281250001 0.291015503125 0.9272465109375 0.2841798453125 0.867188371875 0.2021488375 0.8906255812499999 0.193359690625 0.9653325578124999 0.18652403125 0.9726558140625 0.181640309375 0.9653325578124999 0.18066356562500002 0.8994139531249999 0.06152403125 0.9345697671875 0.037110078125 0.9946279062500001 0.054686821875 1 0.32128837187500003 0.9990232562499999 0.32031317812500004 0.9536139531250001 0.3105472875 0.906737209375 0.312500775 0.859862790625
