4 0.4804689265625 0.24809411718750002 0.5068361578125 0.18437647031249998 0.5322259890625001 0.1925098046875 0.5839830515625 0.2697843140625 0.47070338906250003 0.48127450937500005 0.4755847453125 0.51787843125 0.52636723125 0.51516470625 0.6562514125 0.291474509375 0.6904293781249999 0.2575843140625 0.9990225984375 0.46364705937500006 1 0.0013568625 0.0009774015625 0.0027098046875 0 0.54363529375 0.013672315625 0.54363529375 0.3583983046875 0.5232980390625 0.445313559375 0.34299215625 0.4550790953125 0.2616509796875 0.4804689265625 0.24809411718750002
4 0.0927740109375 0.6453137250000001 0.1318361578125 0.6453137250000001 0.137694915625 0.6236196078125 0.1708983046875 0.6182000000000001 0.18652259843750002 0.591086275 0.20605367187499998 0.591086275 0.24511581875 0.6398901953125 0.2441412421875 0.5490588234375 0.22949152499999997 0.54227843125 0.221680790625 0.5639725484375 0.1962881359375 0.56939215625 0.16113276875 0.56939215625 0.15918079062499998 0.54499215625 0.1318361578125 0.553125490625 0.11718644062500001 0.565325490625 0.11621186406249999 0.5992196078124999 0.0957033890625 0.595152940625 0.0957033890625 0.5707490203125001 0.1054689265625 0.568039215625 0.09863276875 0.5612588234375 0.0009774015625 0.5612588234375 0 0.8120627453125 0.01562429375 0.8120627453125 0.132813559375 0.768682353125 0.132813559375 0.6602235296875001 0.090819209375 0.6724274515625 0.0927740109375 0.6453137250000001
4 0.8525395484375 0.6751372546875001 0.6318361578125 0.6236196078125 0.60937570625 0.6304000000000001 0.6347655375000001 0.741568628125 0.6269519781249999 0.8608666671874999 0.6025395484375 0.8568 0.58886723125 0.9110313718749999 0.585937853125 0.8635803921875 0.5478502828125 0.8405333328125 0.543946328125 0.8649372546875 0.5107429375 0.8784941171874999 0.49511581875 0.9191647062499999 0.46386723124999996 0.93000784375 0.41601694843750003 0.993725490625 1 0.9964392156249999 0.9853502828125 0.6615803921875 0.877929378125 0.6507372546875 0.8740225984375 0.6724274515625 0.8525395484375 0.6751372546875001
4 0.2558587578125 0.7903725484375 0.2490225984375 0.7646156859375 0.23339830468749997 0.7727490203125 0.2255847453125 0.74292156875 0.1650395484375 0.753768628125 0.1494152546875 0.8161294124999999 0.127929378125 0.7754588234375 0.0712881359375 0.807996078125 0 0.820196078125 0.0009774015625 0.9977960781249999 0.33788983125 0.9964392156249999 0.34961016875 0.97203529375 0.3320310734375 0.9394980390625 0.3320310734375 0.8852705875 0.2558587578125 0.7903725484375
4 0.4492175140625 0.3592588234375 0.45898305156249997 0.50296470625 0.5791016953125 0.252160784375 0.49121186406249995 0.2575843140625 0.46288983124999994 0.28876470625 0.4492175140625 0.3592588234375
4 0.5087881359375 0.189796078125 0.46679661093749997 0.264360784375 0.45117231562500004 0.31858823593749996 0.45898305156249997 0.505674509375 0.5820310734375 0.264360784375 0.5615225984375 0.23318039218750003 0.5224604515625 0.22233333281249998 0.5087881359375 0.189796078125
4 0.770508475 0.46907058749999997 0.7675790953125 0.5002509796875 0.75 0.50296470625 0.7402344624999999 0.641247059375 0.8652344624999999 0.668360784375 0.8652344624999999 0.3836627453125 0.8291016953125 0.36332549062499997 0.82812429375 0.467717646875 0.770508475 0.46907058749999997
4 0.8427740109374999 0.4121333328125 0.8564463281249999 0.4446705875 0.851562146875 0.4270431375 0.8613276843750001 0.42162352968750005 0.8652344624999999 0.3836627453125 0.7880847453125 0.31994509843749996 0.7529293781249999 0.3118117640625 0.7402344624999999 0.337568628125 0.7441412421875 0.4975411765625 0.76562429375 0.4975411765625 0.7744152546875 0.3985764703125 0.8271497171875 0.3958627453125 0.8320310734374999 0.42162352968750005 0.8427740109374999 0.4121333328125
4 0.5312514125 0.5897294125 0.57812429375 0.6005725484375 0.5878898312499999 0.5409254906250001 0.5693361578125 0.479917646875 0.5312514125 0.5327882359375 0.5312514125 0.5897294125
4 0.6308587578125 0.45144705937499996 0.625 0.5382117640625 0.6074209046875 0.5599019609375 0.6152344624999999 0.6168431375 0.6777344624999999 0.6249764703125 0.6679689265625 0.592439215625 0.674805084375 0.338925490625 0.6054689265625 0.4297568625 0.6308587578125 0.45144705937499996
4 0.7041016953125 0.2846980390625 0.67187570625 0.337568628125 0.679686440625 0.3484156859375 0.737305084375 0.34163529375 0.7490225984375 0.31452156875 0.763672315625 0.31316470625 0.7041016953125 0.2846980390625
