4 0.0800790953125 0.0013568625 0.2607429375 0.21962352968749999 0.54687570625 0.22369019531249998 0.7177740109374999 0.21962352968749999 0.8642570624999999 0.05965097968750001 0.8925790953125 0.0067803921875000004 0.0800790953125 0.0013568625
4 0.16211016875 0.6493803921875 0.185548021875 0.5734588234375 0.1767570625 0.5368549015624999 0.1601553671875 0.5517686281249999 0.16211016875 0.6493803921875
4 0.0009774015625 0 0.0048841812499999995 0.0298235296875 0.15625141250000002 0.17217254843750002 0.1582033890625 0.305031371875 0.173827684375 0.3321450984375 0.1601553671875 0.3972196078125 0.1982429375 0.404 0.2070310734375 0.443313725 0.2304689265625 0.4622941171875 0.23828248593749998 0.2562274515625 0.2539067796875 0.22369019531249998 0.081053671875 0.008133332812500001 0.0009774015625 0
4 0.268553671875 0.2602941171875 0.6230480218750001 0.264360784375 0.726562146875 0.250803921875 0.7197259890625001 0.2277568625 0.2597655375 0.23182352968750003 0.268553671875 0.2602941171875
4 0.2441412421875 0.51652156875 0.25195197812500003 0.47856078437500005 0.2412118640625 0.4446705875 0.22461016875 0.505674509375 0.2441412421875 0.51652156875
4 0.3662118640625 0.52872156875 0.429686440625 0.527368628125 0.42871186406249995 0.4419568625 0.335937853125 0.443313725 0.35937570625 0.47856078437500005 0.3662118640625 0.52872156875
4 0.7460932203125 0.443313725 0.554686440625 0.443313725 0.55761581875 0.5260117640625 0.6757824859375 0.5246549015624999 0.7021497171875 0.5232980390625 0.7177740109374999 0.48262745156250003 0.74511581875 0.48262745156250003 0.7460932203125 0.443313725
4 1 0.0013568625 0.9111327687499999 0 0.7304689265625 0.2155568625 0.7460932203125 0.2616509796875 0.7460932203125 0.3592588234375 0.7724604515625 0.393152940625 0.7812514125 0.3863725484375 0.810548021875 0.250803921875 0.8291016953125 0.238603921875 0.8339830515625 0.353839215625 0.7929689265625 0.48127450937500005 0.8027344624999999 0.527368628125 0.895508475 0.5368549015624999 0.8994152546875 0.5260117640625 0.9052740109374999 0.5368549015624999 0.9228502828125 0.5260117640625 0.914062146875 0.51652156875 0.9257824859375001 0.51380784375 0.914062146875 0.5083882359375 0.929686440625 0.492117646875 0.92187570625 0.4866941171875 0.9316412421875 0.47856078437500005 0.9267570624999999 0.46364705937500006 0.8701158187500001 0.46364705937500006 0.8574209046875 0.44602352968750003 0.9326158187500001 0.43924705937499997 0.9511723156249999 0.4595803921875 0.95312429375 0.5246549015624999 0.9677740109374999 0.5232980390625 0.9736327687499999 0.5477019609375 1 0.5463450984375 1 0.0013568625
4 0.3339830515625 0.8961176468750001 0.3320310734375 0.9503450984375 0.361327684375 0.934074509375 0.361327684375 0.9015411765625 0.34472598906249996 0.8784941171874999 0.3339830515625 0.8961176468750001
4 0.252929378125 0.8866274515624999 0.25 0.9964392156249999 0.28711016875 0.9964392156249999 0.252929378125 0.8866274515624999
4 0.08593785312499999 0.9883058828125 0.09375141249999999 0.9964392156249999 0.1289067796875 0.993725490625 0.12988418125 0.9272980390625 0.0976553671875 0.9394980390625 0.08593785312499999 0.9883058828125
4 0.189451978125 0.993725490625 0.1875 0.91780784375 0.15918079062499998 0.9164509796875 0.15038983125 0.9910156859375 0.189451978125 0.993725490625
4 0.43261581875 0.9354313718749999 0.4208983046875 0.894760784375 0.37695197812500003 0.920517646875 0.37988418125 0.9354313718749999 0.445313559375 0.9530549015625001 0.46679661093749997 0.9367882359375 0.4619152546875 0.8784941171874999 0.435548021875 0.8988274515624999 0.43261581875 0.9354313718749999
4 0.2949209046875 0.9910156859375 0.31054802187499997 0.9693254906250001 0.32519491562499997 0.8540901953125 0.273437853125 0.8798470593750001 0.2949209046875 0.9910156859375
4 0.5478502828125 0.9977960781249999 0.7832033890625001 0.9964392156249999 0.659180790625 0.78359215625 0.51562429375 0.7876627453125 0.548827684375 0.8418901953125 0.5478502828125 0.9977960781249999
