4 0.6797658921874999 0.10673255781249999 0.6817193796875001 0.08622558125 0.694413953125 0.0671813953125 0.7295705421875 0.06132325625 0.73152403125 0.052532557812500005 0.7354294578125 0.0671813953125 0.7451953484375 0.0671813953125 0.74812558125 0.024702325 0.742265115625 0.015911628125 0.7736434109375 0.008781395312499999 0.7736434109375 0.008558139062500001 0.614336434375 0.00272790625 0.5420697671875 0.1287046515625 0.51472713125 0.11112790624999999 0.47957054218749995 0.07304186093750001 0.4713178296875 0.0744162796875 0.4713178296875 0.209602325 0.5733209296874999 0.272260465625 0.605511628125 0.28139534843749997 0.6103178296875 0.28139534843749997 0.7520310078125 0.0979441859375 0.7354294578125 0.0964790703125 0.73347596875 0.11405581406250001 0.6885550390625 0.11405581406250001 0.6797658921874999 0.10673255781249999
4 0.7284511625000001 0.027993023437499997 0.7225906984375 0.027993023437499997 0.7225906984375 0.057288371875 0.7157550390625 0.0353162796875 0.7089193796875 0.0631488375 0.71087286875 0.10123488437499999 0.7245441859375 0.11881162812499999 0.71087286875 0.1451790703125 0.7147782953124999 0.151039534375 0.8232558140625 0.0057558140625 0.8232558140625 0.004539534374999999 0.735286821875 0.0030906984375 0.7284511625000001 0.027993023437499997
4 0.17282480625000002 0.0003093015625 0.11325426406250001 0.00177441875 0.1161829453125 0.012027906250000001 0.1777410859375 0.041860465624999996 0.1782945734375 0.041860465624999996 0.1782945734375 0.034304651562499996 0.17282480625000002 0.0003093015625
4 0.2147193796875 0.0659581390625 0.4488821703125 0.19767441875 0.449134884375 0.19767441875 0.45116279062500003 0.191588371875 0.45116279062500003 0.141962790625 0.4490945734375 0.09232558125 0.3328837203125 0.000039534375000000004 0.23717984531249997 0.000039534375000000004 0.2303441859375 0.0513093015625 0.2147193796875 0.0659581390625
4 0 0.9930232562500001 0.1689922484375 0.9930232562500001 0.1689922484375 0.946339534375 0.1676589140625 0.8442953484375 0.1471503875 0.8750581390625 0.1276186046875 0.8897069765625 0.11199379843749999 0.8838465109375001 0.10125271250000001 0.867734884375 0.09539224843750001 0.636288371875 0.09539224843750001 0.6128511624999999 0.11004186093749999 0.60552558125 0.11687751875 0.6128511624999999 0.11785426406249999 0.681697675 0.1569162796875 0.6787697671874999 0.1689922484375 0.66622790625 0.1689922484375 0.5675906984375 0.1657054265625 0.0474209296875 0.0963689921875 0.0049418609375 0.0006666671875 0.0049418609375 0 0.6794418609374999 0 0.9930232562500001
4 0.2094837203125 0.67477441875 0.21046046562499998 0.68502790625 0.17139845 0.7113953484375 0.17139845 0.9867860468749999 0.17547596875 0.9953488374999999 0.255613953125 0.9953488374999999 0.28370232500000003 0.9677441859375 0.3491317828125 0.9252627906249999 0.3413193796875 0.784639534375 0.3481565890625 0.7421581390624999 0.45264806249999995 0.7026069765625 0.454263565625 0.31247209374999996 0.454263565625 0.2295534890625 0.4477658921875 0.2030953484375 0.23487441874999998 0.0829790703125 0.20362480624999998 0.074188371875 0.196789146875 0.07858372031250001 0.194835659375 0.12252790625000001 0.21631937968749998 0.15182558125 0.2143674421875 0.21627907031250002 0.22217984531249999 0.24557674375 0.21631937968749998 0.2660837203125 0.2143674421875 0.43893488437499995 0.2075302328125 0.45504883749999997 0.194835659375 0.46237209375 0.196789146875 0.6645209296875 0.2094837203125 0.67477441875
4 0.1940077515625 0.2883325578125 0.19205426406249998 0.25317674375 0.17447596875 0.2414581390625 0.1852186046875 0.24292325625000002 0.19205426406249998 0.22387907031249998 0.1940077515625 0.08325348906249999 0.190100775 0.059816279687499994 0.1695937984375 0.046632557812499996 0.1686170546875 0.6750511625 0.17877519375 0.6767441859375001 0.1890806203125 0.6767441859375001 0.19844961249999998 0.67272790625 0.19844961249999998 0.5792953484375001 0.1940077515625 0.2883325578125
4 0.112761240625 0.8647046515625 0.13283720937500001 0.8674418609375 0.134337984375 0.8674418609375 0.155038759375 0.8251 0.155038759375 0.7268930234375001 0.146939534375 0.7255441859375 0.13717519375 0.705037209375 0.112761240625 0.712360465625 0.10885426406250001 0.776813953125 0.112761240625 0.8647046515625
4 0.4967782953125 0.5148581390625 0.4850589140625 0.5295069765625 0.486035659375 0.5133930234374999 0.4918945734375 0.51632325625 0.4918945734375 0.492886046875 0.471387596875 0.49142092968749995 0.47041085312500003 0.6188627906249999 0.480060465625 0.6209302328125 0.48465736406250004 0.6209302328125 0.4918945734375 0.61007441875 0.4918945734375 0.5368302328125 0.50232558125 0.5290093015624999 0.50232558125 0.5255581390625 0.4967782953125 0.5148581390625
4 0.644537984375 0.5925093015625 0.6660217046875 0.60422790625 0.6640697671875 0.7712209296875 0.676764340625 0.7844023250000001 0.6970480625000001 0.78837209375 0.6992248062499999 0.78837209375 0.6992248062499999 0.202860465625 0.705085271875 0.17942325625 0.6982496125 0.1779581390625 0.6064527125 0.289286046875 0.473640309375 0.21604418593750002 0.471686821875 0.3449511625 0.58887441875 0.37717674375 0.60547596875 0.39036046562500004 0.60352248125 0.4782511625 0.596686821875 0.49436511562499996 0.5791085265625 0.49729302343750004 0.5761782953125001 0.5192674421875 0.6396558140625 0.5588186046875 0.644537984375 0.5925093015625
4 0.6015503875 0.449937209375 0.6008589140625 0.38662790625 0.48757674375000004 0.35147209375 0.46902325625 0.352937209375 0.47194728750000003 0.4860465109375 0.5917736437500001 0.4860465109375 0.6015503875 0.4762697671875 0.6015503875 0.449937209375
4 0.8680790703125 0.12218139531250001 0.8713178296875 0.11343720937499999 0.8713178296875 0.02267441875 0.8710093015625 0.0064581390625 0.827063565625 0.0049930234375 0.7049937984375 0.1705209296875 0.7267441859375 0.1813953484375 0.7303922484375 0.1813953484375 0.8680790703125 0.12218139531250001
4 0.8712713171875001 0.23346744218749999 0.866387596875 0.22614418593750002 0.7687317828125 0.32282325625 0.7589658921875 0.32282325625 0.7433410859375 0.3052441859375 0.7355286828125001 0.3257534890625 0.73357519375 0.314034884375 0.7267395343749999 0.3213581390625 0.724786046875 0.3887418609375 0.76367751875 0.4046511625 0.7697193796875 0.4046511625 0.8712713171875001 0.31842790625 0.8712713171875001 0.23346744218749999
4 0.7309457359375 0.344186046875 0.757989146875 0.3268 0.755060465625 0.31947674375 0.7443178296874999 0.3268 0.7521302328125 0.3150813953125 0.7472480625 0.2989697671875 0.8488093015624999 0.19056976718750002 0.85662325625 0.1876418609375 0.8683410859375 0.216937209375 0.8712713171875001 0.1422302328125 0.8429503875 0.1436953484375 0.7277162796875001 0.19056976718750002 0.724786046875 0.3062930234375 0.730615503125 0.344186046875 0.7309457359375 0.344186046875
4 0.86840155 0.6176674421875 0.8303162796875 0.6103441859375 0.8303162796875 0.37303953437500004 0.8371519375 0.362786046875 0.8703550390625001 0.3598558140625 0.8713178296875 0.3266325578125 0.8713178296875 0.326160465625 0.8664480625 0.3247 0.7707457359375 0.40380000000000005 0.763910078125 0.4169837203125 0.763910078125 0.4404209296875 0.7404713171874999 0.452139534375 0.7541441859375 0.48729767500000004 0.7521906984375 0.542960465625 0.80297209375 0.5546790703125 0.8000418609375 0.57372325625 0.765862015625 0.6015534890625001 0.7687922484375 0.620597675 0.8600480625 0.6325581390624999 0.8693038765625 0.6325581390624999 0.86840155 0.6176674421875
4 0.2697674421875 0.9945046515625 0.2697674421875 0.9946744187500001 0.44735348906250005 0.9976 0.45271317812499995 0.9949209296875001 0.45271317812499995 0.99242325625 0.45028372031249997 0.981488371875 0.41512713124999995 0.972697675 0.37020465156250004 0.92582325625 0.2998930234375 0.9609790703125001 0.2697674421875 0.9945046515625
4 0.4706558140625 0.97022558125 0.46870232500000003 0.9878046515625 0.47340309999999997 0.99767441875 0.576215503125 0.99767441875 0.865187596875 0.9965930234375 0.8682170546875 0.9011604656250001 0.8682170546875 0.8726697671875 0.8515162796875 0.8559674421875 0.8671410859375 0.8530395343749999 0.8682170546875 0.7367744187499999 0.8682170546875 0.6419302328125001 0.786085271875 0.625988371875 0.74897674375 0.6289186046874999 0.7245627906250001 0.6567488375 0.7226093015624999 0.7915162796875 0.7528821703124999 0.8164186046875 0.668897675 0.7841906984375 0.6571798453125 0.7871209296874999 0.6493674421875 0.77247209375 0.5321798453125 0.875011628125 0.520460465625 0.9277465109374999 0.5097193796874999 0.9233511625 0.5048356593750001 0.8837999999999999 0.49604651093749996 0.9350697671875 0.4706558140625 0.97022558125
