4 0 0.28857441875 0.0107426359375 0.27539069843749997 0.01660155 0.31347674375 0.030272868749999998 0.295897675 0.0361333328125 0.32812558125 0.053711628125 0.319334884375 0.070313178125 0.3383790703125 0.068359690625 0.35888604687500003 0.085937984375 0.3706046515625 0.055663565625 0.3867186046875 0.037110078125 0.41748139531249995 0.045897675 0.4423837203125 0.0898434109375 0.47314418593749996 0.06347596875 0.5185558140625 0.0214837203125 0.5698232562500001 0.0117193796875 0.6225581390625 0.01660155 0.647460465625 0.03222635625 0.6357418609375001 0.041992248437500004 0.63867209375 0.053711628125 0.6533209296875 0.069336434375 0.6562511625 0.08398449687500001 0.6870116281249999 0.0810542640625 0.7148441859375 0.04492248125 0.7221674421875 0.054686821875 0.7485348843749999 0.054686821875 0.7895511625 0.038085271875 0.805665115625 0.03222635625 0.802734884375 0.0292961234375 0.8188465109375 0.0332031 0.8627930234375001 0.048827906250000004 0.8627930234375001 0.11621085312499999 0.8437511625 0.12109302343749999 0.8334953484375 0.14062480625 0.6459953484375001 0.10937519375 0.6108395343749999 0.0976558140625 0.5112302328125 0.1279302328125 0.5126953484375 0.1425782953125 0.5961906984375 0.15722635625 0.60937441875 0.166015503125 0.6020511625 0.15820309999999999 0.5170906984375 0.1679689921875 0.49951162812499994 0.166015503125 0.3559581390625 0.17187441875 0.3413093015625 0.1562496125 0.3002930234375 0.15429612343750002 0.27392558125 0.162110078125 0.2563465109375 0.164062015625 0.188965115625 0.1826170546875 0.1611325578125 0.20117209374999998 0.156737209375 0.1689457359375 0.1435558140625 0.166015503125 0.1333 0.181640309375 0.11572325624999999 0.1894527125 0.0747069765625 0.20410232499999997 0.061523256250000005 0.21777364375000002 0.061523256250000005 0.2207038765625 0.0512697671875 0.2021488375 0.038086046875 0.1689457359375 0.03222558125 0.15722635625 0 0 0.001465115625 0 0.28857441875
4 0.2705085265625 0.50097674375 0.2373054265625 0.4951162796875 0.23632868281250002 0.46728604687499997 0.2705085265625 0.46289069843749997 0.273437209375 0.49072325625 0.28613333281250003 0.4951162796875 0.287110078125 0.452637209375 0.273437209375 0.4145511625 0.28222635625 0.3925790703125 0.2939457359375 0.3867186046875 0.3251953484375 0.3955069765625 0.32812558125 0.423339534375 0.35937519375 0.44970697656249997 0.3652341078125 0.5053720937499999 0.35839845000000004 0.53027441875 0.3955085265625 0.53027441875 0.4082031 0.5083 0.4101565890625 0.41748139531249995 0.42285116250000004 0.404297675 0.45996124062500005 0.40722558124999997 0.4687503875 0.423339534375 0.46386666718749997 0.4570302328125 0.45214883749999996 0.4248046515625 0.42382790625 0.42626976718750004 0.42187441875 0.49951162812499994 0.43652403125 0.5273441859375 0.524413953125 0.5214837203125 0.53222635625 0.4687511625 0.5966790703125 0.46289069843749997 0.6064449609375 0.4482418609375 0.616210853125 0.4482418609375 0.62402325625 0.46289069843749997 0.6455085265625 0.4423837203125 0.65722635625 0.41601627968750005 0.67187441875 0.44677674375 0.67187441875 0.5170906984375 0.711914728125 0.53027441875 0.7148434109374999 0.39111395312499997 0.53222635625 0.3925790703125 0.1689457359375 0.36621162812499997 0.166015503125 0.5083 0.19433643437499998 0.51562558125 0.2080077515625 0.5478511625 0.2187503875 0.546386046875 0.24121085312499999 0.5449209296874999 0.2529302328125 0.5214837203125 0.27539069843749997 0.5200186046875 0.2705085265625 0.50097674375
4 0.3613286828125 0.9331046515624999 0.367187596875 0.9213860468749999 0.3466790703125 0.9082023250000001 0.3476558140625 0.93017674375 0.3613286828125 0.9331046515624999
4 0.37304651093749996 0.9975581390625001 0.3720697671875 0.9492186046875 0.3437503875 0.962402325 0.34472713125 0.9990232562499999 0.37304651093749996 0.9975581390625001
4 0.33007751875 0.9975581390625001 0.3320310078125 0.9653325578124999 0.2998046515625 0.9316395343749999 0.291015503125 0.9946279062500001 0.33007751875 0.9975581390625001
4 0.3847658921875 0.9477534890625 0.3896480625 0.9990232562499999 0.43554728750000005 0.9975581390625001 0.437500775 0.9770511624999999 0.4248046515625 0.9580069765625 0.397460465625 0.9404302328125 0.3847658921875 0.9477534890625
4 0.2548821703125 0.858397675 0.2460930234375 0.8657232562500001 0.2451178296875 0.884765115625 0.23242170468749998 0.8862302328125 0.226562790625 0.9946279062500001 0.2773441859375 0.9975581390625001 0.287110078125 0.9243162796875 0.273437209375 0.912597675 0.2714837203125 0.859862790625 0.2548821703125 0.858397675
4 0.1914062015625 0.9536139531250001 0.18066356562500002 0.9550790703125 0.1914062015625 0.8627930234375001 0.1914062015625 0.83642558125 0.18652403125 0.8320302328125001 0.1562496125 0.8422860468750001 0.15429612343750002 0.8979488375000001 0.14746046562499998 0.914062790625 0.14062480625 0.9096674421875001 0.14160155000000002 0.8437511625 0.1289069765625 0.85107441875 0.12402325624999999 0.884765115625 0.11523410781250001 0.8803720937499999 0.1142573640625 0.8525395343750001 0.0810542640625 0.858397675 0.03222635625 0.8759767437500001 0.0292961234375 0.8950186046875 0.0126945734375 0.9199209296875 0 0.9213860468749999 0.00097674375 0.9990232562499999 0.212889921875 0.9975581390625001 0.22265581406249998 0.8686534890625 0.21386666718749997 0.858397675 0.20117209374999998 0.859862790625 0.1914062015625 0.9536139531250001
4 0.9521488375 0.8496093015625 0.9384759687500001 0.8437511625 0.772460465625 0.7910162796875 0.7597658921875 0.7954093015625 0.7597658921875 0.9770511624999999 0.741210853125 0.990234884375 0.741210853125 0.9990232562499999 1 0.9975581390625001 0.9990232562499999 0.867188371875 0.9755860468750001 0.8701162796874999 0.9580077515625 0.8642581390625 0.9521488375 0.8496093015625
4 0.170897675 0 0.166015503125 0.0131837203125 0.17675813906249999 0.029297675000000002 0.21972713124999999 0.041016279687500004 0.2470697671875 0.041016279687500004 0.2529302328125 0.0205069765625 0.2626945734375 0.0205069765625 0.2685550390625 0.052734884375 0.3105472875 0.0600581390625 0.318359690625 0.0366209296875 0.319336434375 0 0.170897675 0
4 0.336914728125 0.06445348906250001 0.3798821703125 0.061523256250000005 0.42773488437499996 0.0747069765625 0.430663565625 0 0.33007751875 0.001465115625 0.33007751875 0.0395511625 0.336914728125 0.06445348906250001
4 0.7314449609375 0.023437209375 0.7480465109375001 0.0278325578125 0.7480465109375001 0.07177674375000001 0.7646480625 0.0732418609375 0.945313178125 0.001465115625 0.6416015500000001 0 0.6357426359375 0.023437209375 0.618164340625 0.023437209375 0.6142573640625 0 0.44140620156250004 0.001465115625 0.44140620156250004 0.07177674375000001 0.45410232500000003 0.0878906984375 0.48535193750000005 0.0937511625 0.492187596875 0.0395511625 0.5107426359375 0.0351558140625 0.5175782953125 0.054200000000000005 0.5166015500000001 0.10546976718750001 0.5712883718749999 0.1289069765625 0.600586046875 0.131834884375 0.5996093015625 0.08642558125000001 0.618164340625 0.079102325 0.6230465109375001 0.08935581406250001 0.6191410859375 0.13037209375 0.6230465109375001 0.1362302328125 0.7060542640625 0.10546976718750001 0.7285162796875 0.0805674421875 0.7246093015625 0.030762790625 0.7314449609375 0.023437209375
