4 0.2950713171875 0.30515116249999996 0.31167286875 0.3388441859375 0.4321782953125 0.3767441859375 0.43609767499999996 0.3767441859375 0.45913488437499994 0.375465115625 0.46597054218749995 0.374 0.4708527125 0.357886046875 0.46792403125000004 0.163062790625 0.4815953484375 0.163062790625 0.48257209375 0.18503488437499999 0.50112713125 0.195288371875 0.51479845 0.1894302328125 0.5216341078125 0.170386046875 0.53042325625 0.1659906984375 0.5353054265625 0.20847209375000003 0.5480015500000001 0.2128674421875 0.68862635625 0.130834884375 0.6983922484375 0.116186046875 0.7159705421875 0.1132581390625 0.8722201546875 0.022437209375 0.8883720937499999 0.0039093015625 0.8883720937499999 0.0033930234375 0.0001503875 0.000465115625 0.0001503875 0.155737209375 0.0187038765625 0.21872558125000002 0.08706356562499999 0.24216279062499999 0.0919472875 0.27292558125 0.09878294531250001 0.28024883749999996 0.2667519375 0.32712558125 0.28433023281250003 0.32712558125 0.2911658921875 0.3080813953125 0.2853054265625 0.2846441859375 0.3155798453125 0.2538813953125 0.31069612343749997 0.27292558125 0.29702480625 0.2846441859375 0.2950713171875 0.30515116249999996
4 0.912462015625 0 0.716088371875 0.1166581390625 0.7151116281250001 0.1386302328125 0.732689921875 0.206011628125 0.7444093015625 0.1942930234375 0.746361240625 0.293902325 0.73952558125 0.30122790625 0.70632248125 0.15181395312499998 0.6965565890625001 0.15181395312499998 0.690697675 0.13130465156249999 0.6428465109375 0.164997675 0.6877674421875 0.4667558140625 0.7102294578125 0.47114883750000003 0.7219472875 0.509234884375 0.729759690625 0.5004465109375 0.7688232562499999 0.5004465109375 0.7727286828125 0.51802558125 0.8059317828125 0.5209534890625 0.808862015625 0.5692930234375 0.8156945734375001 0.5744186046875 0.816862015625 0.5744186046875 0.8264403093749999 0.5370674421875 0.8225333328125 0.516560465625 0.8391348843750001 0.5150953484375 0.8459705421875 0.4989813953125 0.84792403125 0.36421627968750003 0.857689921875 0.2587465109375 0.966088371875 0.2250558140625 0.9767441859374999 0.21488372031249997 0.9767441859374999 0.2084534890625 0.9739085265625 0 0.912462015625 0
4 0.6429131781249999 0.16748837187500001 0.63607751875 0.1630930234375 0.5677178296875 0.2041093015625 0.564787596875 0.21143488437500002 0.57162325625 0.221688371875 0.627288371875 0.28467674375 0.627288371875 0.31397209375 0.63412403125 0.3271558140625 0.6477953484375 0.3271558140625 0.6546310078124999 0.33740930156250004 0.656584496875 0.36377674375 0.6713178296875 0.372065115625 0.6713178296875 0.36632325625 0.6429131781249999 0.16748837187500001
4 0.48270387656249997 0.2360046515625 0.48270387656249997 0.3590511625 0.48465581406249997 0.3766302328125 0.48992248125 0.3766302328125 0.48992248125 0.28672325625 0.489539534375 0.22868139531249998 0.48270387656249997 0.2360046515625
4 0.5245054265625 0.3721441859375 0.5271317828125001 0.3629488375 0.5271317828125001 0.3523511625 0.5225519375000001 0.20808139531249997 0.49618449687500005 0.22419534843750002 0.498137984375 0.3736093015625 0.5039969 0.3736093015625 0.5205984499999999 0.3662837203125 0.5245054265625 0.3721441859375
4 0.5317829453125 0.25189767500000004 0.5371565890625 0.3674418609375 0.53802635625 0.3674418609375 0.6341085265624999 0.3328511625 0.6341085265624999 0.33131860468749996 0.6240852718750001 0.3135511625 0.5576790703125 0.2549558140625 0.55377364375 0.21395348906249997 0.5537457359375 0.21395348906249997 0.5342418609374999 0.22273023281249998 0.5317829453125 0.238711628125 0.5317829453125 0.25189767500000004
4 0.712835659375 0.6928116281250001 0.72260155 0.6986720937500001 0.7079534890625 0.700137209375 0.6913519375 0.7426162796875 0.6874449609375 0.8744534890625 0.6776790703125 0.9242581390625 0.6727969 0.9315813953125 0.6571720937500001 0.9257232562500001 0.6561953484374999 0.9594139531250001 0.651313178125 0.9638069765624999 0.6464294578125 0.9154674421875001 0.61322635625 0.8949604656249999 0.61322635625 0.9945697671874999 0.619435659375 0.99767441875 0.9255829453125 0.99767441875 0.9667426359375 0.9974999999999999 0.9705426359375 0.970897675 0.9705426359375 0.7680046515625001 0.932562790625 0.7499418609374999 0.92377364375 0.7367581390625 0.9227969 0.6620511625 0.8856883718749999 0.6649790703125 0.8798279062500001 0.6532604656250001 0.8739689921875 0.685488371875 0.8329534890625 0.6972069765625 0.7958434109375 0.67962790625 0.777289921875 0.6576558140625 0.774359690625 0.6386139531249999 0.75092248125 0.6356837203125 0.7401798453125 0.6723046515625 0.713812403125 0.685488371875 0.712835659375 0.6928116281250001
4 0.45031317812499994 0.7998813953125 0.4464077515625 0.788162790625 0.43761860468749997 0.786697675 0.43761860468749997 0.8745883718749999 0.432734884375 0.8789837203124999 0.42492248125 0.75007674375 0.41906356562499997 0.75007674375 0.4112511625 0.770586046875 0.40441550312499996 0.7661906984375 0.402462015625 0.8394325578125 0.3975798453125 0.8438279062499999 0.39269612343750004 0.7779093015625 0.3780480625 0.7735139531249999 0.373164340625 0.80427674375 0.3663286828125 0.80867209375 0.3585162796875 0.7617953484375 0.3057829453125 0.7149209296875 0.293086821875 0.7134558140625 0.28820465156249997 0.67097674375 0.23351627968750002 0.6885534890625 0.12902480624999998 0.7456837203125 0.15441550312500002 0.8863069765624999 0.1583209296875 0.9800581390625001 0.1651565890625 0.9991 0.591914728125 0.9976348843749999 0.6015503875 0.9947441859374999 0.6015503875 0.897960465625 0.5753131781249999 0.8848418609375001 0.5655472875 0.8936325578125001 0.5626186046874999 0.8804488375 0.542110078125 0.85847674375 0.5372279062499999 0.859939534375 0.5372279062499999 0.9829883718750001 0.529415503125 0.9829883718750001 0.5225798453125 0.7735139531249999 0.48058759687499997 0.80427674375 0.482539534375 0.9243930234375 0.47765736406250003 0.9287883718750001 0.47277364374999997 0.91267441875 0.46984496093750006 0.7969511625 0.45031317812499994 0.7998813953125
4 0.0958697671875 0.39726279062500003 0.09782325625 0.5906209296875 0.12321395312500001 0.725386046875 0.1366527125 0.7279069765624999 0.13972713125 0.7279069765624999 0.2911813953125 0.6580046515625 0.2911813953125 0.5642534890625 0.3048542640625 0.5496069765625 0.29411162812499997 0.4719697671875 0.2833689921875 0.47343488437500003 0.2882527125 0.4895465109375 0.2716511625 0.49687209374999997 0.263838759375 0.616988371875 0.25407286875 0.6111302328125 0.24626046562499998 0.45292558125 0.2589550390625 0.42509534843749996 0.26676744218750004 0.42509534843749996 0.2882527125 0.4543906984375 0.3214558140625 0.445602325 0.40544030937500003 0.45146046562500003 0.41032248125 0.4646441859375 0.4083689921875 0.5583953484374999 0.43083100781250006 0.5657186046875 0.4464558140625 0.58622790625 0.45116279062500003 0.5791651156250001 0.45116279062500003 0.43883720937500004 0.44938449687500004 0.414839534375 0.4376666671875 0.38847209375 0.0948930234375 0.2844697671875 0.091962790625 0.3533162796875 0.09684651093749999 0.3840790703125 0.1027054265625 0.3752906984375 0.1241906984375 0.3752906984375 0.186689921875 0.3870093015625 0.19352558125 0.41776976718750003 0.1954790703125 0.5408162796875 0.184736434375 0.5510697671875 0.108564340625 0.5569302328125 0.1017286828125 0.54667674375 0.0958697671875 0.39726279062500003
4 0.46162325624999995 0.58837209375 0.467962790625 0.58837209375 0.4725550390625 0.581486046875 0.47286821718749994 0.55657209375 0.47286821718749994 0.4216441859375 0.4676713171875 0.40716976718750003 0.4559534890625 0.40716976718750003 0.44911782968749997 0.4144930234375 0.45106976718749997 0.584413953125 0.46162325624999995 0.58837209375
4 0.624789146875 0.6162790703125001 0.640310078125 0.6111046515624999 0.640310078125 0.3674674421875 0.633812403125 0.3605046515625 0.619162790625 0.3649 0.617210853125 0.3941953484375 0.6155038765625 0.5887093015625 0.6155038765625 0.6162790703125001 0.624789146875 0.6162790703125001
