4 0.2167969 0.00732325625 0.209961240625 0 0.19824186093750001 0.005860465625 0.0185550390625 0 0.0126945734375 0.008788371875000001 0.00097674375 0 0 0.3354488375 0.022460465625000002 0.336913953125 0.040038759374999996 0.351562790625 0.053711628125 0.3339837203125 0.06542945781250001 0.3339837203125 0.0888666671875 0.36621162812499997 0.10742170468750001 0.36767674375000003 0.10937519375 0.06884651093750001 0.1826170546875 0.023437209375 0.209961240625 0.0175790703125 0.2167969 0.00732325625
4 0.2646480625 0 0.26171937968750003 0.0102534890625 0.2636713171875 0.5346674421875 0.288085271875 0.5507813953125 0.3095705421875 0.5478511625 0.32031317812500004 0.5346674421875 0.32031317812500004 0.5170906984375 0.312500775 0.5083 0.3144527125 0.43212790625 0.3271488375 0.41601627968750005 0.34277364375 0.43652325625 0.34960930156250003 0.42919999999999997 0.34960930156250003 0.3354488375 0.3564449609375 0.319334884375 0.36328062031249997 0.3383790703125 0.3613286828125 0.4204093015625 0.37304651093749996 0.44384651093749994 0.37304651093749996 0.3383790703125 0.38183565937499997 0.31054651093749996 0.3886713171875 0.3295906984375 0.3886713171875 0.405762790625 0.40429612343750004 0.4350581390625 0.3964837203125 0.537597675 0.42089767499999997 0.5449209296874999 0.42382790625 0.5639651156250001 0.37597674375 0.568360465625 0.3457038765625 0.5815418609375 0.366210853125 0.585937209375 0.3720697671875 0.600586046875 0.4248046515625 0.59472558125 0.49511782968749996 0.6064441859375 0.492187596875 0.7895511625 0.42285116250000004 0.86132790625 0.41699224843750005 0.8789069765624999 0.305663565625 0.8437511625 0.29687441875 0.827637209375 0.29492248125 0.63427674375 0.29882790625 0.6196279062500001 0.312500775 0.6079093015625 0.31152403125 0.5830069765625 0.2373054265625 0.591797675 0.2314449609375 0.6064441859375 0.14160155000000002 0.60937441875 0.14062480625 0.7016604656250001 0.17187441875 0.7075186046875 0.17187441875 0.7426767437499999 0.164062015625 0.7690418609375 0.16992248125 0.780762790625 0.15722635625 0.82617209375 0.10839845 0.8437511625 0.10351627968749999 0.8042 0.0957038765625 0.7983395343749999 0.0908201546875 0.773437209375 0.0478511625 0.773437209375 0.0439457359375 0.788086046875 0.0361333328125 0.788086046875 0.039062015625 0.780762790625 0.0341798453125 0.7763674421875 0.0263674421875 0.802734884375 0.0185550390625 0.7998046515625 0.0126945734375 0.78222558125 0 0.7895511625 0 0.9946279062500001 0.125 0.9946279062500001 0.2216790703125 0.9199209296875 0.25097674375 0.9111325578124999 0.2783209296875 0.9111325578124999 0.36816434062500003 0.9462883718749999 0.3955085265625 0.9375 0.41699224843750005 0.9082023250000001 0.5205085265625 0.9462883718749999 0.5429689921875 0.9389651156250001 0.5419922484375 0 0.2646480625 0
4 0.17382790625 0.326660465625 0.17382790625 0.47314418593749996 0.19433643437499998 0.47460930156250003 0.2001953484375 0.4570302328125 0.2080077515625 0.4570302328125 0.2187503875 0.47314418593749996 0.2216790703125 0.5039069765625 0.23242170468749998 0.49072325625 0.23632868281250002 0.4584953484375 0.243164340625 0.4570302328125 0.2480465109375 0.48779302343750003 0.257812403125 0.5053720937499999 0.257812403125 0.25927674375 0.1357426359375 0.1992186046875 0.13476589218749999 0.312011628125 0.17382790625 0.326660465625
4 0.211914728125 0.2373046515625 0.257812403125 0.2534186046875 0.258789146875 0.038086046875 0.13476589218749999 0.092286046875 0.1357426359375 0.193360465625 0.211914728125 0.2373046515625
4 0.54687441875 0.092286046875 0.5820310078125 0.1684581390625 0.583984496875 0.23290930156249998 0.6220697671875 0.2841790703125 0.6503906984375 0.282713953125 0.8564449609375 0.25195348906250004 0.85937519375 0.0043953484375 0.5478511625 0 0.54687441875 0.092286046875
4 0.6074217046875 0.3471674421875 0.6074217046875 0.47314418593749996 0.5820310078125 0.47607441875 0.58007751875 0.5258790703125 0.5830077515625 0.5419930234375 0.6210930234375 0.5434581390625 0.6210930234375 0.28564418593749996 0.584961240625 0.2314441859375 0.58007751875 0.3090813953125 0.6074217046875 0.3471674421875
4 0.829102325 0.755860465625 0.8212883718749999 0.7382813953125 0.8115240312499999 0.7353511625 0.602539534375 0.7060558140625 0.59277364375 0.7412116281250001 0.583984496875 0.72802790625 0.58007751875 0.7690418609375 0.54687441875 0.827637209375 0.5498046515625 0.9462883718749999 0.7060542640625 0.9990232562499999 0.8574217046875001 0.9975581390625001 0.8583984499999999 0.6855465109375001 0.8496093015625 0.6899418609375 0.8437503875000001 0.7456046515625 0.829102325 0.755860465625
4 0.5664062015625 1 0.6953131781249999 0.9975581390625001 0.5498046515625 0.9462883718749999 0.5263674421875 0.9521488375 0.4248046515625 0.9199209296875 0.413085271875 0.9257813953125 0.39062480625 0.95947209375 0.3945317828125 0.9946279062500001 0.40527286875 1 0.5664062015625 1
4 0 0.9975581390625001 0.0976558140625 0.9975581390625001 0.12402325624999999 0.9960930234375001 0.14062480625 0.9799813953125 0.1367193796875 0.8657232562500001 0.16992248125 0.8334953484375 0.1669922484375 0.79687441875 0.163085271875 0.820311628125 0.10839845 0.8437511625 0.10742170468750001 0.7631837203125 0.1611333328125 0.7382813953125 0.1679689921875 0.780762790625 0.17187441875 0.7397465109375 0.164062015625 0.725097675 0.1855472875 0.6840813953125 0.177734884375 0.67822325625 0.181640309375 0.6694325578125 0.1757813953125 0.66357441875 0.1835937984375 0.6606441859375 0.17382790625 0.654786046875 0.17285116250000002 0.60937441875 0 0.63427674375 0 0.9975581390625001
4 1 0.001465115625 0.8642573640625001 0 0.8613286828125 0.9946279062500001 0.945313178125 0.9975581390625001 0.9492186046875 0.9917 0.947265115625 0.2680674421875 0.9716790703125 0.25781162812499997 0.9794914734375 0.272460465625 1 0.25927674375 1 0.001465115625
