4 0.168485271875 0 0 0.001186046875 0 0.0035186046875000003 0.0009488375000000001 0.0846837203125 0.26206201562500003 0.1139534890625 0.27617674375 0.1139534890625 0.29147286875 0.0859093015625 0.29147286875 0.0814790703125 0.274386046875 0.061244185937499994 0.2236062015625 0.055386046875 0.2167689921875 0.048062790625000004 0.2080310078125 0 0.168485271875 0
4 0.20826356562499998 0.1251046515625 0.0002558140625 0.1031325578125 0.0012325578125 0.24229302343749998 0.4109550390625 0.2697674421875 0.4155038765625 0.2697674421875 0.4155038765625 0.2678209296875 0.4084589140625 0.246686046875 0.41431782968749997 0.20274186093750002 0.3899038765625 0.21885348906250002 0.37427907031249996 0.21006511562500002 0.37037364375 0.1661209296875 0.3586542640625 0.18955813906250002 0.34693488437500003 0.192488371875 0.33717054218750003 0.18955813906250002 0.3215441859375 0.154402325 0.3039674421875 0.16026046562500001 0.27466976718749997 0.1397534890625 0.24732558125 0.1426837203125 0.20826356562499998 0.1251046515625
4 0.4640527125 0 0.49511782968749996 0.043686046875 0.5185550390625 0.0407558140625 0.5273441859375 0.0480790703125 0.5214837203125 0.0949558140625 0.5263674421875 0.10813953437499998 0.5595705421875 0.12864651093749999 0.579102325 0.15794418593749998 0.6113286828125 0.168197675 0.6064449609375 0.1755209296875 0.5732418609375001 0.1755209296875 0.5664062015625 0.191634884375 0.5742186046875 0.223860465625 0.5576170546875 0.245834884375 0.524413953125 0.248762790625 0.51562480625 0.241439534375 0.5117193796875 0.2209325578125 0.491210853125 0.19895813906249998 0.4687503875 0.2033534890625 0.475586046875 0.2809906984375 0.5673829453125 0.2839186046875 0.572265115625 0.2912441859375 0.5673829453125 0.30442790625 0.5107426359375 0.30442790625 0.4892573640625 0.2927093015625 0.4560542640625 0.30442790625 0.4482418609375 0.2927093015625 0.3798821703125 0.2839186046875 0.3701178296875 0.2897790703125 0.3544914734375 0.2809906984375 0.2939457359375 0.2868488375 0.086914728125 0.2604813953125 0 0.2590162796875 0.00097674375 0.3073581390625 0.0185550390625 0.310286046875 0.040038759374999996 0.2927093015625 0.1826170546875 0.30442790625 0.2070310078125 0.332260465625 0.21093798437500003 0.41722092968749996 0.21462790625 0.4186046515625 0.2197798453125 0.4186046515625 0.2314449609375 0.4011069765625 0.305663565625 0.39817674375 0.3251953484375 0.38938837187500003 0.4248046515625 0.4069674421875 0.4404294578125 0.39817674375 0.43359379843749996 0.40550232499999994 0.43652403125 0.40989534843750003 0.5439457359375 0.40989534843750003 0.5517581390624999 0.4011069765625 0.5751953484375 0.40989534843750003 0.58007751875 0.38792325625 0.5605472875 0.382065115625 0.58007751875 0.37327441875 0.5751953484375 0.35423255781249996 0.3779302328125 0.3395837203125 0.3251953484375 0.34544418593750004 0.3173829453125 0.33665348906250003 0.272460465625 0.33372325625 0.2548821703125 0.34837209375 0.24902325625000002 0.33665348906250003 0.23242170468749998 0.32933023281249996 0.2646480625 0.324934884375 0.273437209375 0.3146813953125 0.2714837203125 0.297102325 0.28027286875 0.2927093015625 0.287110078125 0.302962790625 0.2792961234375 0.3234697671875 0.28613333281250003 0.327865115625 0.5751953484375 0.342513953125 0.58007751875 0.335188371875 0.57617209375 0.2912441859375 0.5830077515625 0.2839186046875 0.8535162796875 0.21507209375 0.709961240625 0.1931 0.697265115625 0.18577441875 0.7001953484375 0.1755209296875 0.8583984499999999 0.19602790625 0.8564449609375 0.2136069765625 0.9638666671875 0.1931 0.9785162796875 0.18284651093749998 0.9687503875000001 0.1652674421875 0.9707038765625 0.1418302328125 1 0.1271813953125 1 0.012923256250000001 0.96777364375 0.0173186046875 0.96007596875 0 0.4640527125 0
4 0.4458046515625 0.6413790703125 0.454263565625 0.6117744187499999 0.454263565625 0.6105186046875 0.43994573593749997 0.6062232562500001 0.4243209296875 0.615013953125 0.419437209375 0.6428441859375 0.4231038765625 0.6465116281250001 0.431437209375 0.6465116281250001 0.4458046515625 0.6413790703125
4 0.06792248125 0.99767441875 0.09022790625 0.9965209296875001 0.1517519375 0.9599 0.151937984375 0.9512372093750001 0.151937984375 0.9133046515625001 0.1478449609375 0.907165115625 0.13417364375000002 0.9100953484375 0.047258914062500004 0.9642930234374999 0.06177209375 0.99767441875 0.06792248125 0.99767441875
4 0.6039209296875 0.9326720937499999 0.5961085265625 0.98247674375 0.600714728125 0.99767441875 0.6662821703125 0.99767441875 0.7054837203125001 0.9971255812500001 0.70852713125 0.9674534890625001 0.70852713125 0.9577441859375 0.7045069765624999 0.9517139531250001 0.612710078125 0.91362790625 0.5980620156249999 0.9150930234375 0.6039209296875 0.9326720937499999
4 0.974435659375 0.997439534375 0.9802945734374999 0.9857209296875 0.9829457359375 0.932037209375 0.9829457359375 0.9066209296875 0.9783410859374999 0.9066209296875 0.9676 0.9373813953125 0.9646697671875 0.9124790703125001 0.976389146875 0.8333790703125 0.9734589140625 0.8143348843749999 0.7820527125 0.7703906984375 0.773263565625 0.7747837203125 0.7752170546875 0.8304488375 0.763497675 0.8802534890624999 0.7361534890625 0.9534953484375001 0.7205286828124999 0.965213953125 0.727114728125 0.99767441875 0.93497364375 0.99767441875 0.974435659375 0.997439534375
4 0.034289921875000004 0.9365790703125001 0.1163209296875 0.88677441875 0.1534294578125 0.8897046515625 0.1622186046875 0.902888371875 0.1710077515625 0.9600186046875001 0.2003054265625 0.9775953484375 0.24522635625000003 0.9717372093750001 0.2605969 0.99767441875 0.266288371875 0.99767441875 0.27940620156249996 0.996639534375 0.275500775 0.94097441875 0.281359690625 0.9175372093749999 0.3233519375 0.869197675 0.359485271875 0.856013953125 0.361437209375 0.809139534375 0.3497193796875 0.7944906984375 0.3477658921875 0.7505441859374999 0.367297675 0.7271069765625 0.367297675 0.6802325578125 0.3741333328125 0.6699790703125 0.40147751875 0.6611906984375 0.40310077499999997 0.6417046515625 0.40310077499999997 0.6377511625000001 0.39171162812500004 0.6377511625000001 0.38585271250000003 0.6494697671874999 0.36632092968749996 0.6436116281250001 0.2003054265625 0.6875558140625 0.1710077515625 0.7109953484375 0.1065550390625 0.71392325625 0.0674930234375 0.7402906984375 0.0440558140625 0.7432209296875001 0.042102325 0.7490790703125 0.0528434109375 0.7505441859374999 0.000110078125 0.791560465625 0.000110078125 0.9146069765625 0.018665115625 0.9365790703125001 0.034289921875000004 0.9365790703125001
4 0.389435659375 0.5826046515625001 0.388500775 0.6232558140625 0.4024790703125 0.6232558140625 0.4046511625 0.6118511625 0.4046511625 0.604162790625 0.391387596875 0.6001837203125 0.389435659375 0.5826046515625001
4 0.21972248125 0.5973883718749999 0.21288682187500002 0.6252209296875 0.20507286875 0.6310813953125 0.20507286875 0.651588371875 0.21267286875 0.653488371875 0.2216914734375 0.653488371875 0.321285271875 0.6325465109375 0.342635659375 0.620013953125 0.342635659375 0.6163651156250001 0.338862015625 0.6061790703125001 0.2998 0.6120372093750001 0.2880821703125 0.6061790703125001 0.28319845 0.6252209296875 0.276362790625 0.626686046875 0.26952713125 0.6076441859374999 0.2724558140625 0.5915302328125 0.260737984375 0.5886 0.2626914734375 0.6061790703125001 0.24706511562500003 0.6061790703125001 0.245113178125 0.5973883718749999 0.2392527125 0.6120372093750001 0.23144030937500001 0.5973883718749999 0.21972248125 0.5973883718749999
4 0.2177441859375 0.5232558140625 0.3131782953125 0.5232558140625 0.3131782953125 0.455339534375 0.21946046562500002 0.4480930234375 0.2165302328125 0.5227999999999999 0.2177441859375 0.5232558140625
4 0.49942945781250003 0.518186046875 0.46622635625 0.509397675 0.46622635625 0.4595930234375 0.50387596875 0.4552488375 0.50387596875 0.43473488437499996 0.37247751875 0.44787441875 0.3734527125 0.5137930234375 0.3860713171875 0.5232558140625 0.4639472875 0.5232558140625 0.49942945781250003 0.518186046875
4 0.49902790625 0.43415348906249995 0.5019565890625 0.4239 0.49902790625 0.41657441874999995 0.43457364375 0.4195046515625 0.37402790625 0.4107162796875 0.37498139531249997 0.446511628125 0.40857364374999994 0.446511628125 0.43457364375 0.44587209375 0.45801085312499995 0.43708372031250003 0.46777674375 0.44294186093750004 0.49902790625 0.43415348906249995
4 0.3129782953125 0.3964534890625 0.2065333328125 0.394988371875 0.2065333328125 0.427213953125 0.2209488375 0.448837209375 0.3131782953125 0.448837209375 0.3131782953125 0.4075465109375 0.3129782953125 0.3964534890625
4 0.74777364375 0.6517813953125 0.7624217046874999 0.6591069765625 0.7647906984375 0.6697674421875 0.765362790625 0.6697674421875 0.7658914734375 0.5556906984375 0.7658914734375 0.25003953437500004 0.7507038765625 0.2460209296875 0.586640309375 0.289965115625 0.5876170546874999 0.625413953125 0.5964062015625 0.6356674421874999 0.662812403125 0.64152790625 0.6696480625000001 0.63127441875 0.663789146875 0.607837209375 0.6833209296875 0.5902581390625 0.6833209296875 0.5668209296875 0.692110078125 0.559497675 0.7223829453125 0.578539534375 0.7282418609375 0.6049069765625 0.739961240625 0.6136953484375 0.74777364375 0.6517813953125
4 0.1753410859375 0.308337209375 0.036668217187500005 0.2995488375 0.033739534375000005 0.5734744187499999 0.035691473437499996 0.614488371875 0.049364340625 0.6232790703125 0.041551937500000004 0.6496465109375 0.0454573640625 0.6906604656249999 0.0538449609375 0.71162790625 0.091139534375 0.71162790625 0.1079581390625 0.7111697671874999 0.1792465109375 0.70677441875 0.20465116249999998 0.6517325578125 0.20465116249999998 0.3352837203125 0.1753410859375 0.308337209375
4 0.36162015468750003 0.5255813953125 0.37054263593750003 0.5255813953125 0.37054263593750003 0.40005813906250004 0.31772248125 0.39573488437500004 0.3167457359375 0.52317674375 0.36162015468750003 0.5255813953125
4 0.5071891468749999 0.516502325 0.5155953484375 0.5186046515625 0.5192093015625 0.5186046515625 0.5302325578125 0.48828837187499996 0.5302325578125 0.422611628125 0.5101178296875 0.41542790625 0.5071891468749999 0.516502325
