4 0.025680620312500003 0.043434884374999996 0.0374 0.0492930234375 0.060837209375 0.043434884374999996 0.078415503125 0.069802325 0.099900775 0.0815209296875 0.42559379843749995 0.23953488437499998 0.43191782968750003 0.23953488437499998 0.852713178125 0.0010209296875 0.852713178125 0.0009534890625 0.0188449609375 0.0009534890625 0.0188449609375 0.0331813953125 0.025680620312500003 0.043434884374999996
4 1 0.57777674375 0.999310078125 0.0030511625000000002 0.858685271875 0.0030511625000000002 0.424114728125 0.2506093015625 0.4260682171875 0.596313953125 0.4426697671875 0.59777674375 0.47684806249999995 0.578734884375 0.47684806249999995 0.5611558140625 0.46317674374999995 0.5465069765624999 0.4680589140625 0.501097675 0.518840309375 0.501097675 0.533489921875 0.48498372031250003 0.534465115625 0.25207441875000003 0.784465115625 0.1466046515625 0.7932542640625 0.1685790703125 0.7932542640625 0.628539534375 0.8069271312499999 0.6783441859375 0.813762790625 0.6944581390625 0.8313410859375001 0.6680906984375 0.860637209375 0.6768790703125 0.8616139531250001 0.7310790703125 0.8684496125000001 0.7471906984375 0.8733333328124999 0.719360465625 0.86942635625 0.6695558140625 0.874310078125 0.65637209375 0.8889581390625001 0.6549069765625 0.8879813953125 0.635862790625 0.8987240312500001 0.634397675 0.90067751875 0.5904534890625001 0.86747441875 0.578734884375 0.86747441875 0.5084232562500001 0.8723565890625 0.501097675 0.9739193796875 0.501097675 0.97880155 0.5845930234375001 0.939739534375 0.596313953125 0.939739534375 0.6959232562500001 0.9426697671875001 0.7061767437500001 0.9748961234375001 0.719360465625 0.984660465625 0.751586046875 0.984660465625 0.8072511625000001 1 0.8158790703125 1 0.57777674375
4 0.249559690625 0.6372093015625 0.253937984375 0.6372093015625 0.304959690625 0.6202023249999999 0.304959690625 0.5498906984375 0.3117953484375 0.5396348843750001 0.384060465625 0.5337767437500001 0.39480309999999996 0.546960465625 0.39480309999999996 0.5909046515624999 0.40359224843749997 0.5982302328125 0.42170542656250004 0.593939534375 0.42170542656250004 0.5680162796875 0.41921705468750003 0.4224488375 0.407497675 0.44002558125 0.3567178296875 0.43416744218750003 0.34499844999999996 0.39608139531250003 0.3362093015625 0.40047674375 0.33327907031250004 0.4283069765625 0.27663875937500004 0.4224488375 0.2717565890625 0.3741093015625 0.27663875937500004 0.2847534890625 0.3352325578125 0.3081906984375 0.3401162796875 0.32137441875 0.338162790625 0.3565302328125 0.34499844999999996 0.36092558124999996 0.3567178296875 0.28182325625 0.40359224843749997 0.29647209375 0.41921705468750003 0.3111209296875 0.42170542656250004 0.2601093015625 0.42170542656250004 0.250837209375 0.0754666671875 0.0738162796875 0.073514728125 0.1704953484375 0.212186046875 0.2203 0.23855348906249998 0.23934186093749998 0.23855348906249998 0.2862186046875 0.2483193796875 0.3096558140625 0.24245891406250003 0.46492790624999997 0.2805457359375 0.46932325625000004 0.28347441875 0.4766488375 0.27859224843749997 0.5132697671875001 0.243435659375 0.5132697671875001 0.23855348906249998 0.5205930234375 0.23855348906249998 0.6348511625000001 0.249559690625 0.6372093015625
4 0.33822945781249997 0.31990930156249997 0.33432403125 0.4107302328125 0.33627596875 0.42537907031250005 0.34760155 0.439534884375 0.3480186046875 0.439534884375 0.355038759375 0.2921186046875 0.355038759375 0.2753418609375 0.343113178125 0.2657093015625 0.3401829453125 0.299402325 0.3323705421875 0.30233023281250004 0.33822945781249997 0.31990930156249997
4 0.1604465109375 0.4722534890625 0.1806573640625 0.47441860468749997 0.187939534375 0.47441860468749997 0.19267286875 0.4502813953125 0.22635658906249997 0.44594883750000003 0.22635658906249997 0.425060465625 0.2229457359375 0.28182325625 0.08134418593750001 0.23934186093749998 0.0735317828125 0.2305534890625 0.0735317828125 0.33309302343749997 0.0950170546875 0.3184441859375 0.137984496875 0.32137441875 0.1653286828125 0.344811628125 0.186813953125 0.39168604687499997 0.19267286875 0.382897675 0.203415503125 0.3872930234375 0.200485271875 0.40340465156249994 0.18778914687499998 0.4048697671875 0.1819302328125 0.445886046875 0.1604465109375 0.4722534890625
4 0.073215503125 0.23722558125 0.2122093015625 0.2767441859375 0.22170542656249997 0.2767441859375 0.22170542656249997 0.2395325578125 0.2216527125 0.23722558125 0.1298558140625 0.20206976718749997 0.0751674421875 0.1874209296875 0.070285271875 0.1947465109375 0.073215503125 0.23722558125
4 0.111099225 0.5850953484375 0.1130527125 0.63197209375 0.1034697671875 0.6837209296875 0.12362635625 0.6837209296875 0.19606046562499999 0.6685930234375 0.2170542640625 0.6507930234375 0.2170542640625 0.6422255812500001 0.20191937968749998 0.6422255812500001 0.166762790625 0.651013953125 0.152114728125 0.640760465625 0.150161240625 0.52357209375 0.1843410859375 0.5221069765624999 0.19215348906250002 0.48988139531249997 0.08375503906250001 0.49134651093750004 0.0935209296875 0.5147837203125001 0.0935209296875 0.5382209296875 0.073013953125 0.5426162796875 0.072037209375 0.564588371875 0.07496589218750001 0.571911628125 0.094497675 0.5689837203125 0.111099225 0.5850953484375
4 0.050159690624999996 0.872565115625 0.030627906249999996 0.8754953484374999 0.0316046515625 0.9443418609374999 0.0267209296875 0.9545976749999999 0.0003550390625 0.9677813953125 0.0003550390625 0.9953488374999999 0.190697675 0.9953488374999999 0.190697675 0.994902325 0.15953333281249998 0.9311581390624999 0.1048465109375 0.9223697671875 0.09996434062500001 0.9150465109375 0.10972868281249999 0.8593813953125 0.14097984531250002 0.753913953125 0.185900775 0.6777418609375 0.1087519375 0.6879953484375 0.098987596875 0.70557441875 0.07457364375 0.71582790625 0.07457364375 0.8916093015625 0.067736434375 0.901862790625 0.05406511562500001 0.901862790625 0.050159690624999996 0.872565115625
4 0.9984496125 0.876034884375 0.9861038765625001 0.877460465625 0.9861038765625001 0.9272651156249999 0.975361240625 0.9316581390625001 0.819111628125 0.8672046515625 0.8142294578125 0.8598813953125 0.8142294578125 0.818865115625 0.8034868218750001 0.8056813953124999 0.789815503125 0.8144720937500001 0.7595410859375 0.862811628125 0.7536821703125 0.9038255812499999 0.7419627906249999 0.9272651156249999 0.7448930234375 0.9990418609375 0.9984496125 0.9975837203125 0.9984496125 0.876034884375
4 0.0094046515625 0 0 0.000939534375 0 0.958139534375 0.00892558125 0.958139534375 0.0263565890625 0.9476813953125 0.0263565890625 0.9081139531250001 0.0212031 0.9003837203125 0.017296123437499998 0.8535069765625 0.014368992187499999 0 0.0094046515625 0
4 0.051162790624999996 0.2045837203125 0.051162790624999996 0.1099418609375 0.0504806203125 0.05975813906250001 0.0202062015625 0.04657441875 0.0192294578125 0.8097581390625 0.0292046515625 0.81162790625 0.0362682171875 0.81162790625 0.0504806203125 0.8009674421874999 0.04657364375 0.733586046875 0.0504806203125 0.502139534375 0.04657364375 0.48456279062499996 0.0348542640625 0.47577441875000004 0.0504806203125 0.44940697656250006 0.04657364375 0.2384674421875 0.04657364375 0.20917209374999998 0.051162790624999996 0.2045837203125
