4 1 0.0023019609375 0.853177965625 0.0009529406250000001 0.8522033890625 0.883513725 0.9955875703125001 0.9647058828124999 1 0.9647058828124999 1 0.4064588234375 0.9606016953125 0.41579607812499997 0.9342344625000001 0.37919215624999997 0.9381412421875 0.3439450984375 0.9547429375 0.3208980390625 1 0.319560784375 1 0.0023019609375
4 0.6881977406249999 0.24647450937499998 0.6999180796875 0.42542352968749997 0.709683615625 0.47694117656249996 0.725307909375 0.48236470625 0.7223785312500001 0.4999882359375 0.7135875703125001 0.4904980390625 0.709683615625 0.5935333328125 0.8125282484374999 0.6156862750000001 0.8229774015625001 0.6156862750000001 0.8248587578125001 0.308368628125 0.8248587578125001 0.13986666718750002 0.6950338984375 0.2017333328125 0.6881977406249999 0.24647450937499998
4 0.8248587578125001 0.046674509375 0.8229124296875 0.0007098046874999999 0.6793559328125001 0.0047764703125 0.6793559328125001 0.1647490203125 0.693449153125 0.184313725 0.698985875 0.184313725 0.8248587578125001 0.11750196093750001 0.8248587578125001 0.046674509375
4 0.6556666671875 0 0.5812203390625 0.0059411765625 0.5812203390625 0.2431372546875 0.5832457625 0.2431372546875 0.5968446328125 0.2336980390625 0.5997740109375 0.178113725 0.634932203125 0.186247059375 0.6388361578125 0.216074509375 0.6666666671875 0.1973803921875 0.6666666671875 0.0317372546875 0.666194915625 0 0.6556666671875 0
4 0.632437853125 0.42629803906249997 0.596305084375 0.422231371875 0.596305084375 0.2595490203125 0.574819209375 0.2622588234375 0.5767740109374999 0.568647059375 0.6461497171875 0.5803921562500001 0.6570197734375001 0.5803921562500001 0.669491525 0.446839215625 0.669491525 0.39023921562499997 0.6656412421875 0.22023137187500003 0.637319209375 0.23243529375 0.632437853125 0.42629803906249997
4 0.5042401125 0 0.5052175140624999 0.508031371875 0.5120536718750001 0.52836470625 0.5413502828125 0.5337882359375 0.5540451984375 0.5758156859375 0.5520903953125 0.6246196078125 0.5364661015625 0.6408901953125 0.5462316390625 0.6734274515625 0.5442796609375 0.7873058828125 0.516935028125 0.830686275 0.5206638421875 0.890196078125 0.545556496875 0.890196078125 0.5621468921874999 0.8755372546875 0.5621468921874999 0.0009607843749999999 0.5198870062500001 0 0.5042401125 0
4 0.6793163843750001 0.6180784312500001 0.6617401125 0.5990980390625 0.5777542375 0.582831371875 0.5767796609375 0.8553254906250001 0.5835847453125 0.8666666671875 0.6010338984375 0.8666666671875 0.7340056500000001 0.8214352937499999 0.8172711859374999 0.8666666671875 0.8238954796875 0.8666666671875 0.8248587578125001 0.7903372546874999 0.8248587578125001 0.6379843140625 0.6754124296875 0.60452156875 0.6793163843750001 0.6180784312500001
4 0.6914887000000001 0.427517646875 0.68287288125 0.42352941250000004 0.6826949156250001 0.42352941250000004 0.672316384375 0.561047059375 0.672316384375 0.5674901953125 0.6767118640625001 0.58823529375 0.700564971875 0.58823529375 0.700564971875 0.48547450937500003 0.6914887000000001 0.427517646875
4 1 0.984360784375 0.9996638421874999 0.9773568625 0.8522033890625 0.9000784312500001 0.8550451984375 0.99607843125 1 0.99607843125 1 0.984360784375
4 0.7552627125 0.834447059375 0.7142485875 0.8290235296875 0.592177965625 0.87376470625 0.72537288125 0.9921568625000001 0.8227090390624999 0.9921568625000001 0.8245988703125 0.8818980390625001 0.7552627125 0.834447059375
4 0.3912711859375 0.9174862750000001 0.363926553125 0.9608705875 0.3180282484375 0.9812039218749999 0.3188531078125 0.99607843125 0.686440678125 0.99607843125 0.686440678125 0.9949372546875 0.5729124296875 0.8876627453125 0.5182231640625 0.906639215625 0.48501977343749997 0.8876627453125 0.3912711859375 0.9174862750000001
4 0.0608983046875 0.4160588234375 0.1067966109375 0.4011450984375 0.1409745765625 0.435039215625 0.1204661015625 0.4933333328125 0.1595310734375 0.45537254843749997 0.1798361578125 0.5372549015625 0.2930423734375 0.5372549015625 0.304062146875 0.536713725 0.3167570625 0.4540156859375 0.3567966109375 0.4499490203125 0.37437288125 0.42283529375000006 0.44663841875 0.42283529375000006 0.4632401125 0.448596078125 0.4505451984375 0.4770627453125 0.4349209046875 0.4797764703125 0.40562429375000003 0.458086275 0.3860932203125 0.4716431375 0.368514125 0.458086275 0.361677965625 0.4757098046875 0.37437288125 0.5068901953125 0.497175140625 0.5068901953125 0.497175140625 0.5009607843749999 0.4925367234375 0.38894509843749997 0.3567966109375 0.3767411765625 0.33824011249999997 0.3536941171875 0.3362881359375 0.2886235296875 0.3157796609375 0.2818431375 0.30308474531249996 0.29133333281249996 0.2962485875 0.36860784375 0.13413841875000002 0.3631843140625 0.10386723125 0.3401372546875 0.09898305156250001 0.260152940625 0.0501553671875 0.25472941250000003 0.049177965625 0.48655294062500004 0.064802259375 0.46757254843749996 0.0608983046875 0.4160588234375
4 0.30329661093750004 0.1618235296875 0.3091553671875 0.129286275 0.3218531078125 0.12250588281250001 0.32868644062499996 0.17266666718749998 0.3267344625 0.205203921875 0.30329661093750004 0.207917646875 0.3013446328125 0.281125490625 0.31728248593749997 0.282352940625 0.3361581921875 0.282352940625 0.3361581921875 0.0232980390625 0.3042740109375 0.0004941171875 0.30329661093750004 0.1618235296875
4 0.0599067796875 0.0621568625 0.0491638421875 0.0608 0.046234462500000004 0.2465294125 0.09111016875 0.2509803921875 0.09887005625 0.2509803921875 0.09887005625 0.0602588234375 0.0872514125 0.0648666671875 0.08236723124999999 0.16112156875 0.063813559375 0.1543411765625 0.0599067796875 0.0621568625
4 0.0467231640625 0.0018431375 0.0496468921875 0.06274509843750001 0.09887005625 0.06274509843750001 0.09887005625 0.0005725484375 0.0467231640625 0.0018431375
4 0.42263841874999997 0.154486275 0.4634802265625 0.1607843140625 0.484302259375 0.1607843140625 0.48587570625 0.1244941171875 0.48587570625 0.0551098046875 0.4197090390625 0.131439215625 0.42263841874999997 0.154486275
4 0.48587570625 0.0007647062500000001 0.34955084687500004 0.002086275 0.3534576265625 0.140368628125 0.400197740625 0.1490196078125 0.41272881406249995 0.1490196078125 0.42377118593749996 0.1132549015625 0.48587570625 0.0401019609375 0.48587570625 0.0007647062500000001
4 0.48587570625 0.3102431375 0.48587570625 0.3042549015625 0.4187316390625 0.3380274515625 0.4216638421875 0.3800549015625 0.48318644062500005 0.3786980390625 0.48587570625 0.3102431375
4 0.49152542343750005 0.2923372546875 0.49152542343750005 0.2293450984375 0.490073446875 0.1682431375 0.422692090625 0.158752940625 0.4265988703125 0.32414902031250004 0.49152542343750005 0.2923372546875
4 0.36291525468749997 0.37254902031250003 0.41242937812499997 0.37254902031250003 0.41242937812499997 0.1553803921875 0.356926553125 0.1432156859375 0.3520423734375 0.361482353125 0.36291525468749997 0.37254902031250003
4 0.21599152500000002 0.14983529375 0.22185028281250002 0.1281450984375 0.2882570625 0.1200117640625 0.29661016875 0.0104901953125 0.29661016875 0.0047647062499999995 0.108570621875 0.0007098046874999999 0.10760452031250001 0.184313725 0.10887853125 0.184313725 0.12810169531249999 0.1525450984375 0.21599152500000002 0.14983529375
4 0.239429378125 0.2952941171875 0.24821751406249998 0.299360784375 0.25017231562500003 0.36443529375 0.2538926546875 0.3647058828125 0.28938983125 0.3647058828125 0.29900000000000004 0.3535882359375 0.29900000000000004 0.171925490625 0.278491525 0.1298980390625 0.2531016953125 0.1298980390625 0.24724011250000003 0.14887843125 0.21794350312500002 0.16243529375000001 0.1573983046875 0.1407450984375 0.1154039546875 0.185482353125 0.10563841874999999 0.23428627500000002 0.108570621875 0.325117646875 0.11638135624999998 0.30613725468749997 0.12907627187499998 0.33460784375 0.1359124296875 0.28444705937500003 0.239429378125 0.2952941171875
4 0.075802259375 0.75660784375 0.0377175140625 0.7660941171875 0.04162146875 0.985717646875 0.13862994374999998 0.99607843125 0.143175140625 0.99607843125 0.1392796609375 0.8176117640625 0.15588135625 0.79727843125 0.30041242968750004 0.78100784375 0.3267796609375 0.8284588234375001 0.3189661015625 0.9667411765624999 0.3644067796875 0.9535960781249999 0.3644067796875 0.8865843140624999 0.357050846875 0.545117646875 0.061152542187500006 0.5627411765625 0.08068361562500001 0.5681647062499999 0.0631073453125 0.6007019609375 0.0953333328125 0.5912117640625 0.10607627187499999 0.6251019609374999 0.10314689218749999 0.6481490203125 0.08263841875 0.6495058828125 0.0953333328125 0.6644196078125 0.0396694921875 0.6739098046875001 0.046505649999999996 0.6996666671875 0.0718954796875 0.6969568625 0.0845903953125 0.720003921875 0.075802259375 0.75660784375
4 0.146672315625 0.36138823593749997 0.222319209375 0.3647058828125 0.2372881359375 0.3647058828125 0.2372881359375 0.30707843125 0.1437429375 0.3003843140625 0.1437429375 0.33292156875 0.1574152546875 0.3383411765625 0.1437429375 0.34376470625 0.146672315625 0.36138823593749997
4 0.4605903953125 0.6588235296875 0.47262711875 0.6588235296875 0.49487288124999995 0.6544117640625 0.497175140625 0.6460980390625 0.497175140625 0.636874509375 0.4597146890625 0.6381450984375 0.4605903953125 0.6588235296875
4 0.43785310781250003 0.7047098046875 0.4359774015625 0.68300784375 0.39788983125 0.68436470625 0.3997881359375 0.7607843140624999 0.40049152499999996 0.7607843140624999 0.41058757031250004 0.7263882359375 0.43785310781250003 0.7172549015625 0.43785310781250003 0.7047098046875
4 0.4237288140625 0.6511843140625 0.370197740625 0.6336196078125 0.37500564999999997 0.7764705875 0.37746892656250003 0.7764705875 0.386799434375 0.7678352937499999 0.3907062140625 0.6783568625 0.4237288140625 0.65139215625 0.4237288140625 0.6511843140625
4 0.531073446875 0.78039215625 0.531073446875 0.664047059375 0.4607288140625 0.6707333328125 0.4597514125 0.712760784375 0.4919774015625 0.7168274515624999 0.5027203390625 0.76427843125 0.5275960453125 0.78039215625 0.531073446875 0.78039215625
4 0.5160225984375 0.8994431374999999 0.516949153125 0.87156470625 0.516949153125 0.8117098046875 0.3988333328125 0.8343725484375 0.371491525 0.7937019609375 0.36857627187499997 0.913725490625 0.3907796609375 0.913725490625 0.48672598906250003 0.8831764703125 0.5160225984375 0.8994431374999999
